30/4/2007,0.8301,0.8331,0.8257,0.8301
1/5/2007,0.83,0.8328,0.8273,0.8275
2/5/2007,0.8274,0.8283,0.822,0.8249
3/5/2007,0.8248,0.8259,0.8223,0.824
4/5/2007,0.8238,0.824,0.8171,0.8215
7/5/2007,0.8222,0.8266,0.8206,0.8247
8/5/2007,0.8245,0.831,0.8242,0.8291
9/5/2007,0.8289,0.8307,0.8266,0.8277
10/5/2007,0.8276,0.8336,0.8263,0.8269
11/5/2007,0.8268,0.8329,0.823,0.8314
14/5/2007,0.8309,0.8352,0.8308,0.8321
15/5/2007,0.832,0.8349,0.8303,0.8339
16/5/2007,0.8337,0.8342,0.8236,0.8243
17/5/2007,0.8245,0.827,0.8203,0.8237
18/5/2007,0.8236,0.8258,0.8206,0.823
21/5/2007,0.8225,0.8251,0.8181,0.822
22/5/2007,0.8218,0.823,0.8187,0.8191
23/5/2007,0.8192,0.8268,0.8188,0.8237
24/5/2007,0.8236,0.8239,0.8182,0.8185
25/5/2007,0.8184,0.8219,0.8176,0.818
28/5/2007,0.82,0.82,0.8181,0.8196
29/5/2007,0.8195,0.8212,0.8163,0.8187
30/5/2007,0.8186,0.8237,0.8173,0.8235
31/5/2007,0.8234,0.8292,0.8218,0.8279
1/6/2007,0.8277,0.8331,0.8269,0.8331
4/6/2007,0.8305,0.8347,0.8305,0.8343
5/6/2007,0.8342,0.8407,0.8338,0.8374
6/6/2007,0.8376,0.8439,0.8367,0.8409
7/6/2007,0.8407,0.8476,0.8401,0.8406
8/6/2007,0.8405,0.845,0.8367,0.8449
11/6/2007,0.8453,0.8453,0.8393,0.8438
12/6/2007,0.8436,0.8446,0.84,0.84
13/6/2007,0.8399,0.8427,0.8359,0.8405
14/6/2007,0.8404,0.841,0.8333,0.8357
15/6/2007,0.8356,0.8421,0.8353,0.8421
18/6/2007,0.8415,0.8453,0.8397,0.8426
19/6/2007,0.8425,0.847,0.8422,0.8466
20/6/2007,0.8465,0.8476,0.8432,0.8444
21/6/2007,0.8443,0.8475,0.8429,0.8474
22/6/2007,0.8472,0.8494,0.8456,0.8472
25/6/2007,0.846,0.85,0.846,0.8472
26/6/2007,0.8472,0.8512,0.8452,0.8456
27/6/2007,0.8455,0.846,0.8355,0.8385
28/6/2007,0.8384,0.8471,0.8378,0.8463
29/6/2007,0.8462,0.8522,0.846,0.8494
2/7/2007,0.8468,0.8599,0.8468,0.8586
3/7/2007,0.8585,0.8597,0.8539,0.8544
4/7/2007,0.8543,0.8587,0.8543,0.8576
5/7/2007,0.8574,0.8609,0.8555,0.8561
6/7/2007,0.8559,0.859,0.855,0.8582
9/7/2007,0.8554,0.8615,0.8554,0.8598
10/7/2007,0.8598,0.8637,0.8565,0.862
11/7/2007,0.8619,0.8641,0.8575,0.8626
12/7/2007,0.8624,0.8664,0.8604,0.8663
13/7/2007,0.8662,0.8716,0.8655,0.8712
16/7/2007,0.8682,0.8762,0.8682,0.8718
17/7/2007,0.8717,0.8752,0.8709,0.8726
18/7/2007,0.8725,0.8789,0.8719,0.8775
19/7/2007,0.8778,0.8811,0.8763,0.88
20/7/2007,0.8799,0.8834,0.8754,0.8803
23/7/2007,0.8788,0.8843,0.8784,0.8833
24/7/2007,0.8832,0.8863,0.8807,0.882
25/7/2007,0.8817,0.8872,0.8787,0.8835
26/7/2007,0.8833,0.8868,0.8707,0.8712
27/7/2007,0.871,0.8769,0.8511,0.8519
30/7/2007,0.8507,0.8577,0.846,0.8564
31/7/2007,0.8562,0.8615,0.8511,0.8516
1/8/2007,0.8518,0.8559,0.8447,0.8558
2/8/2007,0.8557,0.8604,0.8493,0.8586
3/8/2007,0.8585,0.8604,0.8537,0.8548
6/8/2007,0.853,0.8585,0.8521,0.8584
7/8/2007,0.8582,0.8592,0.8514,0.8547
8/8/2007,0.8545,0.8636,0.8533,0.8622
9/8/2007,0.8621,0.8662,0.8486,0.8497
10/8/2007,0.8496,0.851,0.84,0.8445
13/8/2007,0.8423,0.8506,0.8407,0.8423
14/8/2007,0.8421,0.8427,0.8341,0.8345
15/8/2007,0.8344,0.8347,0.8199,0.82
16/8/2007,0.8199,0.8202,0.782,0.7912
17/8/2007,0.791,0.801,0.7675,0.7976
20/8/2007,0.795,0.8094,0.7893,0.8061
21/8/2007,0.8059,0.8079,0.7957,0.8016
22/8/2007,0.8017,0.807,0.797,0.8066
23/8/2007,0.8064,0.8216,0.8064,0.821
24/8/2007,0.8209,0.8274,0.8154,0.8273
27/8/2007,0.8253,0.8335,0.8245,0.828
28/8/2007,0.8281,0.8286,0.8154,0.8156
29/8/2007,0.8158,0.8234,0.8052,0.8218
30/8/2007,0.8216,0.8235,0.8127,0.8158
31/8/2007,0.8156,0.8251,0.8108,0.8186
3/9/2007,0.815,0.824,0.815,0.8231
4/9/2007,0.8229,0.8271,0.82,0.8246
5/9/2007,0.8245,0.8288,0.8183,0.8217
6/9/2007,0.8219,0.8297,0.8189,0.8292
7/9/2007,0.8291,0.8308,0.8228,0.8266
10/9/2007,0.8258,0.8278,0.8173,0.8259
11/9/2007,0.8258,0.8347,0.8238,0.8347
12/9/2007,0.8346,0.8435,0.8326,0.8418
13/9/2007,0.8419,0.8438,0.8367,0.8385
14/9/2007,0.8384,0.8431,0.8343,0.8419
17/9/2007,0.8393,0.846,0.8311,0.8335
18/9/2007,0.8334,0.853,0.8276,0.8528
19/9/2007,0.8526,0.8571,0.8487,0.8565
20/9/2007,0.8564,0.866,0.8552,0.862
21/9/2007,0.8619,0.8704,0.8606,0.8667
24/9/2007,0.8685,0.8698,0.8655,0.868
25/9/2007,0.8677,0.874,0.8612,0.8732
26/9/2007,0.873,0.877,0.8714,0.8766
27/9/2007,0.8765,0.8834,0.8749,0.8801
28/9/2007,0.88,0.8887,0.8786,0.8879
1/10/2007,0.8892,0.895,0.8854,0.8943
2/10/2007,0.8941,0.8949,0.8808,0.8836
3/10/2007,0.8835,0.8915,0.8808,0.883
4/10/2007,0.8828,0.89,0.8794,0.8879
5/10/2007,0.8878,0.9005,0.8866,0.8974
8/10/2007,0.8979,0.9033,0.8918,0.8936
9/10/2007,0.8935,0.9008,0.8913,0.9007
10/10/2007,0.9005,0.9013,0.8941,0.8981
11/10/2007,0.898,0.906,0.8966,0.9006
12/10/2007,0.9005,0.9053,0.8953,0.9045
15/10/2007,0.9062,0.9078,0.8959,0.8988
16/10/2007,0.8987,0.9013,0.8823,0.8882
17/10/2007,0.8881,0.8974,0.8817,0.8914
18/10/2007,0.8912,0.8973,0.8881,0.8964
19/10/2007,0.8962,0.8994,0.8893,0.8903
22/10/2007,0.8893,0.8921,0.8752,0.8863
23/10/2007,0.8861,0.8987,0.8855,0.8987
24/10/2007,0.8985,0.9049,0.8937,0.903
25/10/2007,0.9028,0.9092,0.9011,0.9089
26/10/2007,0.9088,0.9187,0.9077,0.9184
29/10/2007,0.917,0.9272,0.917,0.9214
30/10/2007,0.9213,0.9237,0.9147,0.9189
31/10/2007,0.9188,0.9343,0.918,0.9341
1/11/2007,0.934,0.9343,0.9108,0.9123
2/11/2007,0.9121,0.9245,0.9114,0.9232
5/11/2007,0.921,0.9231,0.9158,0.9207
6/11/2007,0.9205,0.9294,0.9203,0.9288
7/11/2007,0.9286,0.9401,0.927,0.928
8/11/2007,0.9278,0.9331,0.919,0.9268
9/11/2007,0.9267,0.9321,0.9102,0.9117
12/11/2007,0.9096,0.9103,0.8758,0.8759
13/11/2007,0.8761,0.8977,0.8754,0.8957
14/11/2007,0.8958,0.907,0.8947,0.8951
15/11/2007,0.895,0.9017,0.8852,0.8858
16/11/2007,0.8857,0.8941,0.8818,0.8929
19/11/2007,0.892,0.8997,0.8829,0.8841
20/11/2007,0.884,0.8933,0.876,0.8925
21/11/2007,0.8926,0.8954,0.8654,0.8707
22/11/2007,0.8705,0.8789,0.8681,0.8715
23/11/2007,0.8712,0.8779,0.8686,0.8778
26/11/2007,0.8841,0.887,0.8671,0.87
27/11/2007,0.8697,0.8814,0.8687,0.8774
28/11/2007,0.8772,0.8921,0.872,0.8897
29/11/2007,0.8896,0.8905,0.8776,0.8814
30/11/2007,0.8813,0.8896,0.8807,0.8844
3/12/2007,0.8815,0.8855,0.8787,0.8807
4/12/2007,0.8807,0.8813,0.8711,0.8737
5/12/2007,0.8737,0.8745,0.8661,0.8699
6/12/2007,0.8699,0.8791,0.8691,0.8789
7/12/2007,0.8789,0.8828,0.8742,0.8761
10/12/2007,0.8768,0.886,0.8728,0.8848
11/12/2007,0.8848,0.8896,0.8712,0.8734
12/12/2007,0.8734,0.8907,0.8726,0.8829
13/12/2007,0.8829,0.8868,0.8735,0.876
14/12/2007,0.876,0.8794,0.8605,0.8607
17/12/2007,0.8609,0.8651,0.8559,0.8573
18/12/2007,0.8573,0.8644,0.8554,0.8603
19/12/2007,0.8603,0.8637,0.8559,0.859
20/12/2007,0.859,0.8605,0.857,0.8591
21/12/2007,0.8591,0.8698,0.8579,0.8673
24/12/2007,0.8675,0.8721,0.8663,0.8716
25/12/2007,0.8716,0.8718,0.8688,0.8711
26/12/2007,0.871,0.8745,0.8698,0.8741
27/12/2007,0.8741,0.8793,0.8711,0.8778
28/12/2007,0.8778,0.8788,0.8722,0.8763
31/12/2007,0.877,0.8827,0.8745,0.8751
1/1/2008,0.8751,0.8793,0.8749,0.8761
2/1/2008,0.8761,0.8838,0.8758,0.8836
3/1/2008,0.8835,0.8848,0.8787,0.8802
4/1/2008,0.8802,0.8838,0.87,0.8722
7/1/2008,0.8728,0.8749,0.8684,0.8727
8/1/2008,0.8727,0.8839,0.8704,0.8786
9/1/2008,0.8786,0.8859,0.8786,0.883
10/1/2008,0.883,0.8977,0.8811,0.8955
11/1/2008,0.8955,0.8971,0.8899,0.8909
14/1/2008,0.8907,0.9004,0.8877,0.8996
15/1/2008,0.8996,0.9019,0.8805,0.8808
16/1/2008,0.8808,0.8868,0.8745,0.8797
17/1/2008,0.8797,0.888,0.8761,0.8766
18/1/2008,0.8766,0.8852,0.8701,0.8792
21/1/2008,0.8783,0.882,0.8595,0.8613
22/1/2008,0.8614,0.8721,0.8513,0.8685
23/1/2008,0.8685,0.8749,0.8612,0.8731
24/1/2008,0.8731,0.8821,0.8692,0.8821
25/1/2008,0.8821,0.8853,0.8773,0.8797
28/1/2008,0.8795,0.8893,0.8768,0.8892
29/1/2008,0.8892,0.8905,0.886,0.8893
30/1/2008,0.8893,0.9016,0.8861,0.8931
31/1/2008,0.8931,0.8982,0.8819,0.8956
1/2/2008,0.8956,0.9047,0.8944,0.9043
4/2/2008,0.9039,0.9101,0.9021,0.9082
5/2/2008,0.9082,0.9091,0.8942,0.8973
6/2/2008,0.8973,0.8999,0.8908,0.8957
7/2/2008,0.8957,0.8976,0.8875,0.8947
8/2/2008,0.8947,0.8986,0.8916,0.8956
11/2/2008,0.8967,0.9058,0.8951,0.9036
12/2/2008,0.9036,0.9086,0.9022,0.9031
13/2/2008,0.9031,0.9047,0.8924,0.8964
14/2/2008,0.8964,0.9066,0.8953,0.9021
15/2/2008,0.9021,0.9098,0.9004,0.9091
18/2/2008,0.9084,0.9141,0.9054,0.9137
19/2/2008,0.9137,0.9238,0.9137,0.919
20/2/2008,0.919,0.9212,0.9113,0.9183
21/2/2008,0.9183,0.9209,0.9167,0.9188
22/2/2008,0.9188,0.9251,0.9172,0.924
25/2/2008,0.9235,0.9274,0.9216,0.927
26/2/2008,0.927,0.934,0.9253,0.9338
27/2/2008,0.9338,0.9433,0.932,0.9417
28/2/2008,0.9417,0.9498,0.9368,0.949
29/2/2008,0.949,0.949,0.9303,0.9308
3/3/2008,0.9306,0.9421,0.9276,0.9396
4/3/2008,0.9396,0.9409,0.9219,0.9276
5/3/2008,0.9276,0.9347,0.923,0.9347
6/3/2008,0.9348,0.9385,0.9247,0.9266
7/3/2008,0.9266,0.9373,0.9247,0.9268
10/3/2008,0.9271,0.9312,0.916,0.9165
11/3/2008,0.9165,0.9294,0.9149,0.9288
12/3/2008,0.9288,0.9368,0.9276,0.9333
13/3/2008,0.9334,0.9471,0.9315,0.947
14/3/2008,0.947,0.9472,0.9353,0.9374
17/3/2008,0.9368,0.9447,0.9129,0.9216
18/3/2008,0.9216,0.9308,0.9167,0.9268
19/3/2008,0.9268,0.9354,0.9117,0.9141
20/3/2008,0.9141,0.9167,0.8954,0.8997
21/3/2008,0.8997,0.9031,0.8986,0.9021
24/3/2008,0.9022,0.9085,0.8979,0.9059
25/3/2008,0.9059,0.9178,0.9057,0.9178
26/3/2008,0.9178,0.9243,0.9122,0.9202
27/3/2008,0.9202,0.9253,0.9168,0.9188
28/3/2008,0.9188,0.9244,0.9152,0.9175
31/3/2008,0.916,0.9182,0.9104,0.9131
1/4/2008,0.9131,0.9149,0.9031,0.9072
2/4/2008,0.9072,0.9158,0.9056,0.9143
3/4/2008,0.9143,0.9177,0.9093,0.9162
4/4/2008,0.9162,0.9229,0.9101,0.9228
7/4/2008,0.9212,0.9284,0.9179,0.9258
8/4/2008,0.9258,0.9322,0.9243,0.9318
9/4/2008,0.9318,0.9322,0.9262,0.9285
10/4/2008,0.9285,0.9346,0.9283,0.932
11/4/2008,0.932,0.9341,0.9274,0.9279
14/4/2008,0.9248,0.9281,0.9206,0.9268
15/4/2008,0.9268,0.9308,0.9234,0.9267
16/4/2008,0.9267,0.9402,0.9251,0.9397
17/4/2008,0.9397,0.9397,0.9338,0.9374
18/4/2008,0.9375,0.9395,0.9272,0.9348
21/4/2008,0.9343,0.9444,0.9317,0.9428
22/4/2008,0.9428,0.9474,0.9392,0.9447
23/4/2008,0.9447,0.9541,0.9439,0.9492
24/4/2008,0.9492,0.9495,0.9374,0.9397
25/4/2008,0.9397,0.9421,0.9292,0.9334
28/4/2008,0.9336,0.9405,0.9317,0.9388
29/4/2008,0.9388,0.9394,0.9294,0.9339
30/4/2008,0.9339,0.9472,0.9311,0.9437
1/5/2008,0.9437,0.9444,0.9308,0.9336
2/5/2008,0.9334,0.9385,0.9275,0.9347
5/5/2008,0.9355,0.9469,0.9342,0.9469
6/5/2008,0.9468,0.9507,0.9433,0.9497
7/5/2008,0.9498,0.9506,0.9408,0.9421
8/5/2008,0.9421,0.9456,0.9349,0.9436
9/5/2008,0.9437,0.9456,0.9384,0.9435
12/5/2008,0.9434,0.9479,0.9356,0.9477
13/5/2008,0.9477,0.948,0.9386,0.9404
14/5/2008,0.9404,0.9427,0.9304,0.9342
15/5/2008,0.9342,0.942,0.9291,0.9405
16/5/2008,0.9405,0.956,0.9392,0.9557
19/5/2008,0.9556,0.957,0.9511,0.9534
20/5/2008,0.9534,0.9619,0.9518,0.9586
21/5/2008,0.9586,0.9654,0.9558,0.9625
22/5/2008,0.9624,0.965,0.9543,0.9557
23/5/2008,0.9563,0.9637,0.9555,0.9592
26/5/2008,0.9614,0.9618,0.9582,0.9609
27/5/2008,0.9609,0.9636,0.9581,0.9585
28/5/2008,0.9585,0.963,0.9562,0.9629
29/5/2008,0.9627,0.9637,0.9536,0.9555
30/5/2008,0.9554,0.9579,0.9513,0.9559
2/6/2008,0.9559,0.9568,0.9503,0.9553
3/6/2008,0.9553,0.9613,0.9509,0.9525
4/6/2008,0.9525,0.9629,0.9487,0.9575
5/6/2008,0.9575,0.9593,0.9512,0.9587
6/6/2008,0.9589,0.9643,0.9565,0.9626
9/6/2008,0.9626,0.9647,0.9483,0.9505
10/6/2008,0.9504,0.9526,0.9441,0.9461
11/6/2008,0.9461,0.9493,0.9435,0.947
12/6/2008,0.947,0.9489,0.9328,0.9343
13/6/2008,0.9343,0.9411,0.9335,0.9389
16/6/2008,0.9378,0.9425,0.9371,0.9404
17/6/2008,0.9404,0.9454,0.939,0.9438
18/6/2008,0.9438,0.9474,0.9403,0.9471
19/6/2008,0.9471,0.952,0.9448,0.9512
20/6/2008,0.9512,0.9567,0.9491,0.9533
23/6/2008,0.9559,0.9561,0.9494,0.9526
24/6/2008,0.9525,0.9587,0.95,0.9554
25/6/2008,0.9554,0.9602,0.9533,0.9599
26/6/2008,0.9598,0.961,0.9552,0.9558
27/6/2008,0.9559,0.9634,0.9542,0.961
30/6/2008,0.9615,0.9668,0.9554,0.9585
1/7/2008,0.9586,0.9594,0.9513,0.955
2/7/2008,0.9551,0.9651,0.9534,0.9619
3/7/2008,0.9619,0.9633,0.9584,0.9603
4/7/2008,0.9603,0.964,0.9592,0.9634
7/7/2008,0.9609,0.9635,0.9517,0.9566
8/7/2008,0.9565,0.9568,0.9503,0.9535
9/7/2008,0.9536,0.9591,0.9476,0.957
10/7/2008,0.9569,0.9639,0.9545,0.962
11/7/2008,0.962,0.9718,0.9597,0.9663
14/7/2008,0.9662,0.9736,0.9662,0.9718
15/7/2008,0.9717,0.985,0.9708,0.9793
16/7/2008,0.9793,0.9816,0.9729,0.9748
17/7/2008,0.9748,0.9792,0.9678,0.9724
18/7/2008,0.9722,0.9738,0.9699,0.9702
21/7/2008,0.9706,0.9772,0.9706,0.9771
22/7/2008,0.9771,0.9792,0.9686,0.9712
23/7/2008,0.9712,0.9736,0.9601,0.962
24/7/2008,0.962,0.9637,0.954,0.9585
25/7/2008,0.9585,0.9608,0.9546,0.9563
28/7/2008,0.9575,0.9595,0.9528,0.9569
29/7/2008,0.9568,0.9586,0.95,0.9529
30/7/2008,0.9527,0.9528,0.9412,0.9443
31/7/2008,0.9442,0.9476,0.9397,0.9423
1/8/2008,0.9423,0.9423,0.9286,0.9291
4/8/2008,0.9295,0.9347,0.9285,0.9294
5/8/2008,0.9293,0.9299,0.9133,0.9161
6/8/2008,0.9162,0.9206,0.9065,0.9083
7/8/2008,0.9083,0.913,0.9051,0.9066
8/8/2008,0.9066,0.9074,0.8866,0.8887
11/8/2008,0.889,0.8951,0.8798,0.8839
12/8/2008,0.8839,0.8846,0.8704,0.8735
13/8/2008,0.8734,0.8772,0.8593,0.8743
14/8/2008,0.8743,0.8796,0.8669,0.8722
15/8/2008,0.8721,0.8721,0.861,0.8662
18/8/2008,0.8658,0.8757,0.8653,0.8681
19/8/2008,0.8681,0.8735,0.8627,0.8718
20/8/2008,0.8719,0.8744,0.8674,0.8736
21/8/2008,0.8737,0.8808,0.8651,0.8808
22/8/2008,0.8808,0.8814,0.865,0.8665
25/8/2008,0.8669,0.869,0.8615,0.8628
26/8/2008,0.8628,0.8647,0.8494,0.8558
27/8/2008,0.8557,0.8637,0.8531,0.8588
28/8/2008,0.8587,0.8694,0.8576,0.8625
29/8/2008,0.8625,0.8659,0.8556,0.8578
1/9/2008,0.858,0.8583,0.8481,0.8504
2/9/2008,0.8504,0.8534,0.827,0.8381
3/9/2008,0.8379,0.8403,0.8233,0.836
4/9/2008,0.836,0.8394,0.8216,0.8228
5/9/2008,0.8227,0.8231,0.8031,0.8159
8/9/2008,0.8158,0.8354,0.8076,0.8163
9/9/2008,0.8162,0.8178,0.8005,0.8024
10/9/2008,0.8024,0.8132,0.7982,0.8013
11/9/2008,0.801,0.8075,0.7901,0.8073
12/9/2008,0.8073,0.8241,0.8009,0.8237
15/9/2008,0.8242,0.8263,0.8012,0.8066
16/9/2008,0.8066,0.8077,0.7852,0.8003
17/9/2008,0.8004,0.8075,0.7802,0.7907
18/9/2008,0.7908,0.8098,0.7836,0.8047
19/9/2008,0.8047,0.8361,0.8011,0.834
22/9/2008,0.8341,0.8519,0.8284,0.8441
23/9/2008,0.8441,0.8469,0.8279,0.8329
24/9/2008,0.8328,0.8428,0.829,0.8342
25/9/2008,0.8345,0.8426,0.8319,0.8353
26/9/2008,0.8353,0.8378,0.824,0.831
29/9/2008,0.8316,0.8348,0.8003,0.8045
30/9/2008,0.8044,0.8097,0.7864,0.7924
1/10/2008,0.7924,0.802,0.787,0.7874
2/10/2008,0.7873,0.7944,0.77,0.7725
3/10/2008,0.7727,0.7817,0.7713,0.774
6/10/2008,0.7713,0.7738,0.7003,0.7222
7/10/2008,0.7223,0.7355,0.7051,0.7059
8/10/2008,0.7059,0.7157,0.645,0.6643
9/10/2008,0.6643,0.7133,0.663,0.6841
10/10/2008,0.684,0.6882,0.633,0.6432
13/10/2008,0.6567,0.7001,0.6545,0.6987
14/10/2008,0.6987,0.7239,0.6937,0.697
15/10/2008,0.697,0.7076,0.6585,0.6617
16/10/2008,0.6616,0.6913,0.6496,0.6909
17/10/2008,0.6909,0.701,0.6732,0.689
20/10/2008,0.6941,0.7049,0.6888,0.7045
21/10/2008,0.7045,0.7064,0.6706,0.671
22/10/2008,0.6711,0.6826,0.663,0.673
23/10/2008,0.6729,0.6762,0.6529,0.6696
24/10/2008,0.6695,0.6752,0.6057,0.6225
27/10/2008,0.6245,0.625,0.6009,0.6013
28/10/2008,0.6014,0.6445,0.6011,0.6413
29/10/2008,0.6413,0.6797,0.6339,0.668
30/10/2008,0.6678,0.6893,0.6619,0.6823
31/10/2008,0.6823,0.6825,0.655,0.6678
3/11/2008,0.6711,0.6862,0.6644,0.6764
4/11/2008,0.6764,0.7015,0.6603,0.6989
5/11/2008,0.6989,0.7012,0.6806,0.6814
6/11/2008,0.6814,0.6902,0.6638,0.6656
7/11/2008,0.6656,0.6788,0.6544,0.6741
10/11/2008,0.6776,0.6984,0.6652,0.6697
11/11/2008,0.6697,0.6758,0.6478,0.6571
12/11/2008,0.6571,0.6663,0.635,0.6404
13/11/2008,0.6404,0.6684,0.6341,0.6661
14/11/2008,0.6661,0.6696,0.6464,0.6481
17/11/2008,0.6481,0.6596,0.6363,0.6489
18/11/2008,0.6489,0.6578,0.6413,0.6525
19/11/2008,0.6525,0.6595,0.6362,0.6367
20/11/2008,0.6367,0.6416,0.6077,0.6107
21/11/2008,0.611,0.633,0.6078,0.6324
24/11/2008,0.6334,0.6542,0.6232,0.6541
25/11/2008,0.6541,0.6617,0.6333,0.6492
26/11/2008,0.6492,0.6553,0.643,0.652
27/11/2008,0.652,0.6605,0.648,0.6568
28/11/2008,0.6568,0.6597,0.6492,0.6553
1/12/2008,0.647,0.6544,0.6372,0.6401
2/12/2008,0.6402,0.6495,0.6335,0.6428
3/12/2008,0.6428,0.649,0.6396,0.649
4/12/2008,0.649,0.6537,0.6395,0.6444
5/12/2008,0.6444,0.6488,0.6294,0.6464
8/12/2008,0.6456,0.6691,0.6453,0.6645
9/12/2008,0.6645,0.6654,0.6495,0.6588
10/12/2008,0.6588,0.6642,0.6522,0.6563
11/12/2008,0.6563,0.6801,0.6545,0.6718
12/12/2008,0.6718,0.6733,0.649,0.6644
15/12/2008,0.6644,0.6746,0.6612,0.6687
16/12/2008,0.6687,0.6986,0.6666,0.6943
17/12/2008,0.6944,0.7051,0.6862,0.7039
18/12/2008,0.7039,0.7137,0.6764,0.687
19/12/2008,0.687,0.6927,0.6768,0.6802
22/12/2008,0.6848,0.6894,0.6801,0.6839
23/12/2008,0.6839,0.6852,0.6781,0.6804
24/12/2008,0.6804,0.684,0.6761,0.6833
25/12/2008,0.6831,0.6848,0.6738,0.6827
26/12/2008,0.6829,0.6876,0.6797,0.6838
29/12/2008,0.6832,0.6969,0.6827,0.6852
30/12/2008,0.6852,0.6941,0.6851,0.6914
31/12/2008,0.6914,0.7117,0.6852,0.7026
1/1/2009,0.7025,0.7113,0.7006,0.7054
2/1/2009,0.7054,0.7117,0.6919,0.7112
5/1/2009,0.711,0.7203,0.7063,0.7175
6/1/2009,0.7175,0.7267,0.7034,0.7233
7/1/2009,0.7233,0.7268,0.7093,0.7126
8/1/2009,0.7126,0.7142,0.6958,0.7122
9/1/2009,0.7122,0.7122,0.7015,0.7033
12/1/2009,0.7017,0.7042,0.6787,0.6817
13/1/2009,0.6817,0.682,0.6576,0.6646
14/1/2009,0.6646,0.6811,0.6581,0.6611
15/1/2009,0.6611,0.6698,0.6538,0.6629
16/1/2009,0.6629,0.6796,0.6628,0.6732
19/1/2009,0.6732,0.6841,0.6666,0.6667
20/1/2009,0.6668,0.6684,0.6472,0.6508
21/1/2009,0.6509,0.6658,0.6457,0.6618
22/1/2009,0.6618,0.6641,0.6492,0.6554
23/1/2009,0.6554,0.6587,0.6419,0.6539
26/1/2009,0.6543,0.6643,0.6494,0.6596
27/1/2009,0.6596,0.6718,0.6573,0.6611
28/1/2009,0.6612,0.6732,0.6595,0.666
29/1/2009,0.666,0.6681,0.6517,0.6522
30/1/2009,0.6522,0.6525,0.6346,0.6375
2/2/2009,0.6358,0.6376,0.6249,0.6316
3/2/2009,0.6316,0.6546,0.6296,0.6512
4/2/2009,0.6512,0.6537,0.6354,0.6434
5/2/2009,0.6434,0.6581,0.6403,0.6524
6/2/2009,0.6524,0.6802,0.6476,0.6753
9/2/2009,0.6754,0.685,0.6629,0.6785
10/2/2009,0.6785,0.6799,0.6485,0.6548
11/2/2009,0.6548,0.6602,0.6482,0.6564
12/2/2009,0.6564,0.6616,0.6432,0.6524
13/2/2009,0.6524,0.6643,0.6523,0.6568
16/2/2009,0.6567,0.6567,0.6475,0.6503
17/2/2009,0.6503,0.6531,0.6343,0.6349
18/2/2009,0.6349,0.6432,0.6333,0.6371
19/2/2009,0.6371,0.6522,0.636,0.6437
20/2/2009,0.6437,0.6499,0.6355,0.6454
23/2/2009,0.6459,0.6548,0.6403,0.6417
24/2/2009,0.6417,0.6526,0.639,0.6511
25/2/2009,0.6512,0.6555,0.6455,0.647
26/2/2009,0.647,0.6552,0.6462,0.6474
27/2/2009,0.6474,0.6482,0.634,0.639
2/3/2009,0.6386,0.6401,0.6291,0.63
3/3/2009,0.63,0.6463,0.6287,0.6378
4/3/2009,0.6378,0.6527,0.6287,0.6496
5/3/2009,0.6496,0.6496,0.6357,0.6383
6/3/2009,0.6383,0.6471,0.6369,0.6405
9/3/2009,0.6408,0.6451,0.6307,0.6317
10/3/2009,0.6317,0.6488,0.6308,0.6459
11/3/2009,0.6459,0.6525,0.6402,0.6522
12/3/2009,0.6522,0.6577,0.6414,0.6547
13/3/2009,0.6547,0.6604,0.6513,0.6582
16/3/2009,0.6581,0.6638,0.6529,0.6591
17/3/2009,0.6591,0.6625,0.6568,0.6619
18/3/2009,0.6619,0.6802,0.6567,0.6765
19/3/2009,0.6765,0.6944,0.6724,0.6851
20/3/2009,0.6851,0.6931,0.6846,0.6869
23/3/2009,0.6875,0.7059,0.6867,0.7052
24/3/2009,0.7052,0.7094,0.6934,0.6955
25/3/2009,0.6955,0.705,0.6905,0.6978
26/3/2009,0.6978,0.7041,0.6963,0.7016
27/3/2009,0.7016,0.7031,0.6867,0.6942
30/3/2009,0.6918,0.6932,0.6771,0.6814
31/3/2009,0.6814,0.697,0.6788,0.6913
1/4/2009,0.6913,0.6997,0.6857,0.6993
2/4/2009,0.6993,0.7198,0.6976,0.7152
3/4/2009,0.7152,0.7229,0.7059,0.7151
6/4/2009,0.7128,0.7209,0.708,0.7139
7/4/2009,0.7139,0.7169,0.705,0.7109
8/4/2009,0.7111,0.7128,0.7034,0.7101
9/4/2009,0.7102,0.7203,0.7054,0.7193
10/4/2009,0.7193,0.7219,0.717,0.7196
13/4/2009,0.7237,0.7325,0.7187,0.7318
14/4/2009,0.7318,0.7324,0.723,0.7239
15/4/2009,0.7238,0.7294,0.7149,0.7288
16/4/2009,0.7288,0.7316,0.7139,0.7206
17/4/2009,0.7206,0.7229,0.7168,0.7225
20/4/2009,0.7225,0.7249,0.6954,0.6966
21/4/2009,0.6966,0.713,0.6966,0.7114
22/4/2009,0.7114,0.7121,0.7003,0.7054
23/4/2009,0.7054,0.7156,0.703,0.7148
24/4/2009,0.7147,0.724,0.7108,0.7232
27/4/2009,0.7235,0.7237,0.709,0.71
28/4/2009,0.71,0.7102,0.699,0.7062
29/4/2009,0.705600,0.730300,0.705100,0.726500
30/4/2009,0.724000,0.738500,0.723100,0.726200
1/5/2009,0.725400,0.735000,0.724000,0.730900
4/5/2009,0.733200,0.741300,0.731300,0.738300
5/5/2009,0.741300,0.748300,0.737700,0.740400
6/5/2009,0.740800,0.750500,0.734100,0.748300
7/5/2009,0.746900,0.761800,0.745600,0.754400
8/5/2009,0.756300,0.771000,0.750600,0.768600
11/5/2009,0.767400,0.770200,0.757900,0.758900
12/5/2009,0.758000,0.768300,0.756000,0.765300
13/5/2009,0.764900,0.770700,0.750700,0.753300
14/5/2009,0.752600,0.762100,0.746400,0.760200
15/5/2009,0.759500,0.761100,0.747600,0.750200
18/5/2009,0.749900,0.767100,0.744900,0.765900
19/5/2009,0.764600,0.778700,0.762900,0.775200
20/5/2009,0.773600,0.780600,0.768500,0.774900
21/5/2009,0.773500,0.779500,0.766800,0.778600
22/5/2009,0.778500,0.787100,0.777200,0.782900
25/5/2009,0.782100,0.783800,0.777200,0.782400
26/5/2009,0.781800,0.788500,0.770100,0.786500
27/5/2009,0.786800,0.789500,0.776600,0.777100
28/5/2009,0.776300,0.787300,0.775500,0.785100
29/5/2009,0.784200,0.801900,0.782800,0.801500
1/6/2009,0.801200,0.815700,0.798900,0.809800
2/6/2009,0.810200,0.823500,0.804900,0.820900
3/6/2009,0.820700,0.826700,0.793100,0.800200
4/6/2009,0.800100,0.809400,0.789100,0.801900
5/6/2009,0.801900,0.812700,0.791500,0.793300
8/6/2009,0.789300,0.791100,0.789300,0.790700
9/6/2009,0.789300,0.804400,0.785400,0.801800
10/6/2009,0.801600,0.813700,0.796900,0.803600
11/6/2009,0.801500,0.823900,0.801500,0.819900
12/6/2009,0.818900,0.821300,0.805900,0.812800
15/6/2009,0.809200,0.809900,0.790500,0.795100
16/6/2009,0.794700,0.806900,0.786100,0.794100
17/6/2009,0.792200,0.799800,0.785100,0.794800
18/6/2009,0.793300,0.805500,0.791400,0.800000
19/6/2009,0.800100,0.812000,0.798700,0.805100
22/6/2009,0.801800,0.802900,0.785800,0.786100
23/6/2009,0.784400,0.798000,0.779000,0.793900
24/6/2009,0.794400,0.805600,0.792900,0.796500
25/6/2009,0.797300,0.804000,0.793300,0.802500
26/6/2009,0.804900,0.808800,0.803000,0.807200
29/6/2009,0.806200,0.809800,0.798400,0.808400
30/6/2009,0.806700,0.807700,0.803700,0.805200
1/7/2009,0.806700,0.810900,0.802500,0.809200
3/7/2009,0.793000,0.800800,0.792200,0.796900
7/7/2009,0.797200,0.804000,0.789000,0.789000
8/7/2009,0.787600,0.789300,0.772400,0.779200
9/7/2009,0.784200,0.784300,0.783200,0.783500
10/7/2009,0.784200,0.784300,0.774000,0.778800
13/7/2009,0.780700,0.783600,0.770300,0.782900
14/7/2009,0.783900,0.793900,0.781400,0.793600
15/7/2009,0.794400,0.805900,0.792600,0.802600
16/7/2009,0.802000,0.807300,0.796200,0.807200
20/7/2009,0.804100,0.817600,0.804100,0.816400
21/7/2009,0.813800,0.819500,0.809100,0.818500
22/7/2009,0.814800,0.821600,0.810100,0.816000
23/7/2009,0.815600,0.822400,0.810900,0.813000
27/7/2009,0.817000,0.826000,0.814600,0.822700
28/7/2009,0.822000,0.833900,0.820200,0.826700
29/7/2009,0.824200,0.828000,0.812700,0.817800
30/7/2009,0.816500,0.828800,0.815700,0.825600
31/7/2009,0.824800,0.836700,0.824200,0.836000
4/8/2009,0.842900,0.846900,0.838600,0.844400
5/8/2009,0.841900,0.845200,0.836200,0.841400
8/9/2009,0.855200,0.865900,0.852900,0.861600
11/9/2009,0.861900,0.867600,0.860700,0.862600
14/9/2009,0.862900,0.862900,0.854500,0.861500
1/10/2009,0.883800,0.886000,0.870600,0.871100
7/10/2009,0.889900,0.895200,0.886600,0.887700
9/10/2009,0.903000,0.908500,0.901400,0.903100
13/10/2009,0.908200,0.912700,0.903300,0.905800
16/10/2009,0.924200,0.927100,0.912400,0.916900
2/11/2009,0.898200,0.912300,0.898200,0.901600
5/11/2009,0.913300,0.913300,0.902500,0.910000
10/11/2009,0.929900,0.932000,0.925500,0.929400
11/11/2009,0.930800,0.934400,0.927200,0.928800
24/11/2009,0.922000,0.922500,0.913200,0.920500
25/11/2009,0.923000,0.931700,0.923000,0.931600
26/11/2009,0.928600,0.929200,0.909400,0.913700
2/12/2009,0.926300,0.929600,0.923200,0.924700
3/12/2009,0.926100,0.932300,0.924700,0.924700
4/12/2009,0.921800,0.929400,0.911100,0.911200
8/12/2009,0.915500,0.916500,0.903600,0.904200
9/12/2009,0.904600,0.911400,0.902700,0.906500
11/12/2009,0.915600,0.919600,0.909100,0.911600
18/12/2009,0.886500,0.891300,0.884100,0.889600
22/12/2009,0.878900,0.883500,0.875100,0.876000
1/1/2010,0.897400,0.901300,0.893000,0.897200
11/1/2010,0.930100,0.932600,0.928500,0.930800
19/1/2010,0.926500,0.927400,0.917600,0.924400
20/1/2010,0.923300,0.923500,0.907300,0.908700
2/2/2010,0.000000,0.000000,0.000000,0.000000
4/2/2010,0.882000,0.882700,0.875600,0.875900
15/2/2010,0.886700,0.891000,0.885700,0.888400
16/2/2010,0.889500,0.898800,0.889400,0.897800
22/2/2010,0.901400,0.902500,0.897400,0.900800
24/2/2010,0.891900,0.895600,0.885700,0.892700
25/2/2010,0.893800,0.893800,0.880100,0.886700
1/3/2010,0.898900,0.901000,0.893500,0.899900
5/3/2010,0.900400,0.909300,0.899200,0.908300
11/3/2010,0.913300,0.917000,0.911100,0.915400
18/3/2010,0.922100,0.923400,0.918000,0.921600
25/3/2010,0.910900,0.914100,0.907100,0.907600
21/4/2010,0.930600,0.933800,0.925900,0.926800
7/5/2010,0.876200,0.893100,0.876200,0.888600
10/5/2010,0.896300,0.907900,0.895100,0.900500
12/5/2010,0.896400,0.898100,0.888800,0.891500
