30/4/2007,99.34,99.5,98.67,99.22
1/5/2007,99.2,99.47,98.94,99.17
2/5/2007,99.15,99.27,98.57,99.1
3/5/2007,99.08,99.28,98.88,99.23
4/5/2007,99.21,99.25,98.31,98.73
7/5/2007,98.54,99.11,98.53,99.04
8/5/2007,99.01,99.6,98.97,99.51
9/5/2007,99.53,99.53,99.07,99.4
10/5/2007,99.38,100.36,99.05,99.14
11/5/2007,99.12,100.12,98.58,99.94
14/5/2007,99.97,100.44,99.89,100.15
15/5/2007,100.13,100.45,99.87,100.28
16/5/2007,100.26,100.33,99.42,99.6
17/5/2007,99.58,100.03,99.43,99.92
18/5/2007,99.9,99.99,99.18,99.69
21/5/2007,99.73,99.94,99.42,99.85
22/5/2007,99.83,99.93,99.53,99.58
23/5/2007,99.55,100.38,99.52,100.21
24/5/2007,100.19,100.22,99.26,99.36
25/5/2007,99.33,99.9,98.94,99.61
28/5/2007,99.58,99.77,99.57,99.76
29/5/2007,99.73,99.94,99.14,99.6
30/5/2007,99.58,100.22,99.16,100.18
31/5/2007,100.16,100.92,99.82,100.78
1/6/2007,100.76,101.71,100.67,101.71
4/6/2007,101.75,101.8,101.25,101.6
5/6/2007,101.58,102.09,101.28,101.64
6/6/2007,101.61,102.45,101.51,101.82
7/6/2007,101.85,102.86,101.56,101.67
8/6/2007,101.64,102.87,101.33,102.83
11/6/2007,102.99,103.03,102.09,102.7
12/6/2007,102.68,102.82,102.23,102.23
13/6/2007,102.21,103.15,102.03,103.15
14/6/2007,103.13,103.19,102.54,102.72
15/6/2007,102.7,103.97,102.66,103.95
18/6/2007,103.95,104.38,103.66,104.21
19/6/2007,104.19,104.5,104.09,104.43
20/6/2007,104.41,104.69,104.24,104.34
21/6/2007,104.32,104.85,104.05,104.84
22/6/2007,104.82,105.38,104.73,104.96
25/6/2007,104.95,105.27,104.48,104.78
26/6/2007,104.75,104.85,104.06,104.23
27/6/2007,104.21,104.25,102.2,103
28/6/2007,102.98,104.32,102.93,104.25
29/6/2007,104.23,105.07,104.19,104.62
2/7/2007,104.3,105.2,104.3,105.11
3/7/2007,105.09,105.19,104.43,104.64
4/7/2007,104.61,105.29,104.54,105.21
5/7/2007,105.18,105.47,104.97,105.24
6/7/2007,105.22,105.88,105.19,105.84
9/7/2007,105.64,106.3,105.62,106.1
10/7/2007,106.13,106.19,104.92,104.94
11/7/2007,104.92,105.68,103.79,105.66
12/7/2007,105.63,106.06,104.97,106.05
13/7/2007,106.02,106.37,105.84,106.23
16/7/2007,106.23,106.58,105.92,106.26
17/7/2007,106.24,106.9,106.11,106.75
18/7/2007,106.73,107.28,106.37,107.02
19/7/2007,106.98,107.52,106.85,107.37
20/7/2007,107.35,107.74,106.04,106.76
23/7/2007,106.5,107.56,106.25,106.97
24/7/2007,106.95,107.06,105.74,106.07
25/7/2007,106.09,106.72,105.36,106.46
26/7/2007,106.41,106.85,103.19,103.38
27/7/2007,103.34,104.57,100.86,101.05
30/7/2007,103.42,103.5,100,101.95
31/7/2007,101.92,102.83,100.8,101.01
1/8/2007,101.06,101.84,99.47,101.8
2/8/2007,101.83,102.64,100.53,102.35
3/8/2007,102.31,102.43,100.71,100.89
6/8/2007,100.5,102.22,99.88,102.05
7/8/2007,102.01,102.16,100.46,101.57
8/8/2007,101.53,103.42,101.37,103.23
9/8/2007,103.2,103.66,100.34,100.4
10/8/2007,100.36,100.69,98.53,99.98
13/8/2007,100.63,100.72,99.05,99.59
14/8/2007,99.61,99.65,98.08,98.11
15/8/2007,98.14,98.17,95.6,95.62
16/8/2007,95.64,95.64,87.82,90.1
17/8/2007,90.15,91.79,86.03,91.22
20/8/2007,89.84,93.2,89.84,92.61
21/8/2007,92.65,92.92,90.95,91.73
22/8/2007,91.7,93.17,90.88,93.03
23/8/2007,93,95.98,93,95.39
24/8/2007,95.43,96.34,94.42,96.33
27/8/2007,95.62,97.04,95.49,95.94
28/8/2007,95.9,95.94,93.14,93.2
29/8/2007,93.17,95.6,91.75,95.46
30/8/2007,95.41,95.73,93.66,94.51
31/8/2007,94.47,96.12,93.82,94.76
3/9/2007,94.86,95.59,94.38,95.45
4/9/2007,95.49,96.21,94.9,95.93
5/9/2007,95.95,96.47,94.35,94.69
6/9/2007,94.73,95.68,94.06,95.66
7/9/2007,95.69,95.9,93.14,93.72
10/9/2007,93.68,94.13,92.22,93.92
11/9/2007,93.94,95.42,93.43,95.39
12/9/2007,95.42,96.35,94.99,96.17
13/9/2007,96.13,97.19,95.74,96.49
14/9/2007,96.46,97.24,95.6,97.13
17/9/2007,97.18,97.55,95.52,95.95
18/9/2007,95.97,99.14,95.01,98.98
19/9/2007,98.96,99.68,98.23,99.44
20/9/2007,99.42,99.88,98.53,98.92
21/9/2007,98.9,100.17,98.85,100.09
24/9/2007,100.07,100.17,99.38,99.7
25/9/2007,99.64,100.25,98.42,100.22
26/9/2007,100.18,101.37,99.9,101.29
27/9/2007,101.32,101.97,100.97,101.75
28/9/2007,101.79,102,101.23,101.92
1/10/2007,101.9,103.63,101.65,103.5
2/10/2007,103.47,103.64,101.66,102.27
3/10/2007,102.26,103.83,101.85,103.09
4/10/2007,103.13,103.66,102.43,103.4
5/10/2007,103.36,105.21,103.25,104.97
8/10/2007,105,105.79,104.49,104.92
9/10/2007,104.95,105.59,104.39,105.49
10/10/2007,105.47,105.63,104.74,105.29
11/10/2007,105.27,106.66,104.98,105.62
12/10/2007,105.64,106.48,104.96,106.39
15/10/2007,106.47,106.89,105,105.52
16/10/2007,105.49,105.82,102.78,103.85
17/10/2007,103.82,104.94,102.61,103.99
18/10/2007,103.97,104.35,102.74,103.64
19/10/2007,103.61,103.84,101.94,101.94
22/10/2007,101.38,101.88,99.39,101.52
23/10/2007,101.55,103.32,101.26,103.14
24/10/2007,103.11,103.86,101.87,103.17
25/10/2007,103.2,103.93,102.65,103.78
26/10/2007,103.8,104.99,103.43,104.88
29/10/2007,104.47,106.03,104.47,105.64
30/10/2007,105.62,105.95,104.67,105.34
31/10/2007,105.36,107.87,105.25,107.83
1/11/2007,107.85,107.85,104.33,104.61
2/11/2007,104.64,106.49,104.44,106.03
5/11/2007,105.75,105.94,104.54,105.46
6/11/2007,105.49,106.63,105.23,106.56
7/11/2007,106.58,107.19,104.47,104.52
8/11/2007,104.55,105.53,103.17,104.35
9/11/2007,104.29,105.09,100.68,100.91
12/11/2007,106.15,106.15,95.82,95.83
13/11/2007,95.86,99.61,95.64,99.32
14/11/2007,99.34,101.12,99.17,99.65
15/11/2007,99.68,100.43,97.61,97.7
16/11/2007,97.72,99.45,96.92,99.18
19/11/2007,98.93,99.92,96.9,97.04
20/11/2007,97.02,98.5,96.08,98.13
21/11/2007,98.11,98.37,93.7,94.39
22/11/2007,94.35,95.89,94.02,94.51
23/11/2007,94.47,95.17,93.57,95.05
26/11/2007,95.52,96.39,93.01,93.44
27/11/2007,93.4,95.88,93.22,95.61
28/11/2007,95.58,98.21,94.71,97.89
29/11/2007,97.86,97.93,96.21,96.9
30/11/2007,96.92,98.68,96.71,98.37
3/12/2007,97.75,98.36,97.16,97.28
4/12/2007,97.28,97.38,95.52,96
5/12/2007,96,96.84,95.28,96.47
6/12/2007,96.47,97.86,96.33,97.84
7/12/2007,97.84,98.51,97.39,97.84
10/12/2007,97.96,98.98,97.28,98.83
11/12/2007,98.83,99.44,96.3,96.64
12/12/2007,96.64,100.06,96.54,99.1
13/12/2007,99.1,99.37,97.88,98.3
14/12/2007,98.3,98.89,97.22,97.49
17/12/2007,97.65,97.95,96.65,96.83
18/12/2007,96.83,98.03,96.59,97.57
19/12/2007,97.57,97.86,96.95,97.43
20/12/2007,97.43,97.47,96.75,97.17
21/12/2007,97.17,99.09,97.05,98.9
24/12/2007,98.87,99.71,98.71,99.59
25/12/2007,99.59,99.67,96.97,99.4
26/12/2007,99.42,99.99,99.22,99.94
27/12/2007,99.94,100.17,99.58,99.83
28/12/2007,99.83,100,98.3,98.38
31/12/2007,99.82,99.82,97.5,97.77
1/1/2008,97.77,98.83,97.29,97.81
2/1/2008,97.81,98.93,96.19,96.89
3/1/2008,96.88,97.07,95.14,96.23
4/1/2008,96.23,96.65,94.38,94.71
7/1/2008,94.77,95.97,94.37,95.28
8/1/2008,95.28,96.96,95.01,95.68
9/1/2008,95.68,97.23,95.61,97.17
10/1/2008,97.17,98.37,96.62,97.91
11/1/2008,97.91,98.3,96.8,96.97
14/1/2008,96.96,97.6,96.45,97.3
15/1/2008,97.31,97.42,94.03,94.06
16/1/2008,94.06,95.42,92.67,94.69
17/1/2008,94.69,95.42,93.38,93.39
18/1/2008,93.39,95.05,92.78,93.95
21/1/2008,93.8,94.28,91.02,91.29
22/1/2008,91.3,93.28,90.13,92.44
23/1/2008,92.44,93.67,90.44,93.16
24/1/2008,93.16,94.54,92.26,94.54
25/1/2008,94.54,95.42,93.65,93.87
28/1/2008,94.02,95.1,93.04,95.04
29/1/2008,95.04,95.32,94.37,95.25
30/1/2008,95.25,96.51,94.5,94.88
31/1/2008,94.88,95.89,93.65,95.34
1/2/2008,95.33,96.49,95.08,96.29
4/2/2008,96.23,97.21,96.06,96.91
5/2/2008,96.91,97.5,95.53,95.85
6/2/2008,95.85,96.03,94.69,95.42
7/2/2008,95.43,96.57,94.17,96.15
8/2/2008,96.15,96.64,95.64,96.1
11/2/2008,96.27,96.98,95.98,96.65
12/2/2008,96.65,97.52,96.48,96.91
13/2/2008,96.91,97.2,96.09,97.1
14/2/2008,97.1,98.14,96.86,97.31
15/2/2008,97.31,98.36,96.98,98.02
18/2/2008,97.94,98.91,97.66,98.89
19/2/2008,98.89,99.57,98.61,99.05
20/2/2008,99.05,99.46,98.24,99.29
21/2/2008,99.29,99.55,98.41,98.68
22/2/2008,98.68,99.15,98.1,99.02
25/2/2008,98.9,100.26,98.9,100.17
26/2/2008,100.17,100.46,99.76,100.18
27/2/2008,100.18,100.43,99.57,100.27
28/2/2008,100.27,100.51,99.67,99.99
29/2/2008,99.99,100,96.49,96.56
3/3/2008,96.46,97.57,95.5,97.23
4/3/2008,97.23,97.42,94.68,95.88
5/3/2008,95.88,97.23,95.51,97.23
6/3/2008,97.23,97.36,94.89,95.13
7/3/2008,95.14,96.08,94.62,95.15
10/3/2008,95.22,95.27,93.14,93.26
11/3/2008,93.26,96.15,92.83,96.04
12/3/2008,96.04,96.31,94.83,95.01
13/3/2008,95.01,95.65,93.34,95.32
14/3/2008,95.32,95.38,92.73,92.88
17/3/2008,92.74,93.52,88.18,89.7
18/3/2008,89.7,92.66,88.83,92.49
19/3/2008,92.48,93.61,90.17,90.53
20/3/2008,90.53,90.97,88.18,89.51
21/3/2008,89.51,90,89.11,89.81
24/3/2008,89.76,91.57,89.48,91.26
25/3/2008,91.26,92.03,90.75,91.75
26/3/2008,91.75,91.89,90.72,91.28
27/3/2008,91.28,92.48,90.54,91.58
28/3/2008,91.58,92.58,90.87,91.05
31/3/2008,90.94,91.73,90.44,91.04
1/4/2008,91.03,92.53,90.54,92.4
2/4/2008,92.4,93.96,92.13,93.58
3/4/2008,93.58,94.43,92.88,93.69
4/4/2008,93.69,94.34,93.14,93.64
7/4/2008,93.65,95.35,93.43,94.81
8/4/2008,94.81,95.68,94.2,95.66
9/4/2008,95.66,95.8,94.31,94.52
10/4/2008,94.52,95.11,93.36,95.01
11/4/2008,95.01,95.4,93.53,93.67
14/4/2008,94.27,94.69,92.71,93.71
15/4/2008,93.71,94.4,93.26,94.36
16/4/2008,94.36,95.75,93.99,95.69
17/4/2008,95.69,96.26,95.31,96.07
18/4/2008,96.07,97.44,95.86,96.89
21/4/2008,96.53,97.98,96.53,97.36
22/4/2008,97.36,97.71,96.83,97.33
23/4/2008,97.33,98.42,97.11,98.11
24/4/2008,98.11,98.36,97.56,97.97
25/4/2008,97.97,98.25,97.02,97.45
28/4/2008,97.45,98.21,97.3,97.81
29/4/2008,97.8,97.93,96.16,97.14
30/4/2008,97.13,98.78,96.8,98.05
1/5/2008,98.03,98.12,96.79,97.46
2/5/2008,97.46,98.78,97.17,98.49
5/5/2008,98.51,99.69,98.34,99.27
6/5/2008,99.26,99.64,98.47,99.5
7/5/2008,99.51,99.84,98.45,98.67
8/5/2008,98.67,98.79,97.34,97.89
9/5/2008,97.89,98.19,96.31,97.1
12/5/2008,97.05,98.44,96.41,98.33
13/5/2008,98.32,98.76,97.46,98.51
14/5/2008,98.51,98.86,97.85,98.14
15/5/2008,98.13,98.69,97.6,98.5
16/5/2008,98.51,99.8,98.32,99.44
19/5/2008,99.44,99.8,99.03,99.47
20/5/2008,99.47,100.05,99.14,99.39
21/5/2008,99.38,99.83,98.91,99.18
22/5/2008,99.18,99.79,98.91,99.46
23/5/2008,99.47,99.91,99.05,99.17
26/5/2008,98.98,99.46,98.94,99.39
27/5/2008,99.38,100.24,99.24,99.91
28/5/2008,99.91,100.86,99.56,100.8
29/5/2008,100.8,101.08,100.44,100.8
30/5/2008,100.8,101.06,100.49,100.87
2/6/2008,100.56,100.84,99.28,99.75
3/6/2008,99.76,100.54,99.29,100.09
4/6/2008,100.09,101.16,99.63,100.75
5/6/2008,100.75,101.62,100.56,101.56
6/6/2008,101.56,102.02,100.99,101
9/6/2008,100.98,101.8,100.42,101.04
10/6/2008,101.04,101.82,100.84,101.65
11/6/2008,101.64,102.02,100.97,101.29
12/6/2008,101.29,101.43,100.54,100.87
13/6/2008,100.85,101.71,100.84,101.57
16/6/2008,101.07,101.91,100.96,101.77
17/6/2008,101.77,102.1,101.32,101.86
18/6/2008,101.87,102.2,101.66,102.17
19/6/2008,102.16,102.78,101.75,102.72
20/6/2008,102.73,102.81,102.12,102.32
23/6/2008,102.3,102.75,102.13,102.73
24/6/2008,102.72,103.34,102.55,103
25/6/2008,103.01,103.6,102.96,103.48
26/6/2008,103.47,103.7,101.94,102.08
27/6/2008,102.09,102.86,101.79,101.99
30/6/2008,101.94,102.49,101.34,101.81
1/7/2008,101.81,101.9,100.25,101.35
2/7/2008,101.35,102.45,100.96,101.87
3/7/2008,101.88,102.68,101.79,102.49
4/7/2008,102.49,102.94,102.34,102.89
7/7/2008,102.85,103.15,101.99,102.52
8/7/2008,102.52,102.63,101.39,102.5
9/7/2008,102.51,102.76,101.8,102.16
10/7/2008,102.16,103.15,101.95,103
11/7/2008,103,103.15,102.43,102.7
14/7/2008,102.53,103.45,102.52,103.14
15/7/2008,103.14,103.43,102.39,102.56
16/7/2008,102.55,102.92,101.48,102.47
17/7/2008,102.48,103.69,102.24,103.33
18/7/2008,103.32,103.86,103.02,103.78
21/7/2008,103.68,104.48,103.28,104.01
22/7/2008,104.02,104.28,103.76,104.24
23/7/2008,104.24,104.5,103.6,103.8
24/7/2008,103.8,103.85,102.58,102.87
25/7/2008,102.88,103.37,102.13,103.11
28/7/2008,103.08,103.4,102.72,102.82
29/7/2008,102.82,103.16,102.68,103.01
30/7/2008,103,103.02,101.88,102.11
31/7/2008,102.09,102.38,101.37,101.69
1/8/2008,101.7,101.7,99.97,100.07
4/8/2008,100.01,100.92,99.83,100.63
5/8/2008,100.62,100.63,98.73,99.26
6/8/2008,99.27,99.86,99.02,99.72
7/8/2008,99.72,99.95,99.06,99.22
8/8/2008,99.22,99.28,97.57,97.92
11/8/2008,97.89,98.25,96.98,97.28
12/8/2008,97.28,97.41,95.43,95.44
13/8/2008,95.43,96.2,93.15,95.77
14/8/2008,95.76,96.27,94.58,95.71
15/8/2008,95.71,96.04,94.63,95.74
18/8/2008,95.75,96.45,95.39,95.6
19/8/2008,95.6,95.89,94.76,95.65
20/8/2008,95.67,96.05,95.47,95.97
21/8/2008,95.96,95.99,94.12,95.51
22/8/2008,95.51,95.94,95.16,95.36
25/8/2008,95.35,95.53,94.26,94.3
26/8/2008,94.32,94.53,93.31,93.8
27/8/2008,93.79,94.51,93.53,94.03
28/8/2008,94.02,94.93,93.89,94.43
29/8/2008,94.43,94.58,92.97,93.34
1/9/2008,93.24,93.25,91.72,91.96
2/9/2008,91.96,92.46,89.85,91.02
3/9/2008,91.02,91.22,89.57,90.53
4/9/2008,90.53,91.02,87.98,88.1
5/9/2008,88.1,88.21,85.03,87.91
8/9/2008,88.12,90.91,87.17,88.39
9/9/2008,88.38,88.53,85.46,85.69
10/9/2008,85.69,87.58,85.17,86.3
11/9/2008,86.08,86.53,84.08,86.5
12/9/2008,86.5,88.98,85.62,88.9
15/9/2008,86.54,87.67,84.29,84.41
16/9/2008,84.41,85.44,81.43,84.55
17/9/2008,84.54,86.04,81.58,82.75
18/9/2008,82.74,84.99,81.65,84.83
19/9/2008,84.85,89.79,84.54,89.61
22/9/2008,89.54,90.27,88.19,89.06
23/9/2008,89.05,89.31,87.59,87.92
24/9/2008,87.92,89.22,87.44,88.52
25/9/2008,88.53,89.39,88.38,89.01
26/9/2008,89.01,89.05,86.85,88.09
29/9/2008,88.32,88.92,83.3,83.81
30/9/2008,83.79,85.18,82.23,84.08
1/10/2008,84.08,85.17,82.97,83.23
2/10/2008,83.23,84.16,80.99,81.36
3/10/2008,81.38,82.84,81,81.5
6/10/2008,81.18,81.25,70.32,73.56
7/10/2008,73.57,75.78,71.36,71.63
8/10/2008,71.62,72.84,63.78,65.85
9/10/2008,65.84,72.36,65.63,68.29
10/10/2008,68.28,68.6,63.08,64.82
13/10/2008,65.35,71.46,65.18,71.28
14/10/2008,71.26,74.53,70.65,71.14
15/10/2008,71.14,71.85,65.82,66.14
16/10/2008,66.14,70.19,64.7,70.18
17/10/2008,70.19,71.34,67.77,70.06
20/10/2008,70.66,72.04,69.88,71.76
21/10/2008,71.77,72,67.12,67.2
22/10/2008,67.18,68.47,64.93,65.72
23/10/2008,65.73,66.15,62.66,65.16
24/10/2008,65.17,66.2,55.13,58.72
27/10/2008,58.73,58.94,55.65,55.79
28/10/2008,55.79,63.23,55.6,62.86
29/10/2008,62.86,66.55,60.93,65.07
30/10/2008,65.05,68.07,64.5,67.27
31/10/2008,67.28,67.33,63.14,65.74
3/11/2008,66.34,68.36,65.41,67.05
4/11/2008,67.05,70.53,65.05,69.68
5/11/2008,69.68,70,66.63,66.73
6/11/2008,66.73,67.98,64.87,65.06
7/11/2008,65.06,66.96,63.33,66.22
10/11/2008,66.67,69.4,64.94,65.63
11/11/2008,65.63,66.41,63.06,64.17
12/11/2008,64.17,65.34,60.05,60.85
13/11/2008,60.85,65.37,60.17,65.06
14/11/2008,65.06,65.64,62.55,62.95
17/11/2008,62.49,64.13,61.01,62.57
18/11/2008,62.57,64.01,61.75,63.3
19/11/2008,63.3,63.87,60.89,60.94
20/11/2008,60.94,61.51,56.87,57.23
21/11/2008,57.25,60.72,56.95,60.66
24/11/2008,60.67,63.68,59.22,63.67
25/11/2008,63.67,63.73,60.66,61.82
26/11/2008,61.82,62.74,61.02,62.37
27/11/2008,62.37,63.09,61.63,62.52
28/11/2008,62.52,62.86,61.96,62.54
1/12/2008,61.8,62.55,59.3,59.66
2/12/2008,59.66,60.66,58.88,59.89
3/12/2008,59.89,60.6,59.35,60.55
4/12/2008,60.54,60.81,59.05,59.43
5/12/2008,59.43,60.44,57.75,60
8/12/2008,59.98,62.69,59.84,61.67
9/12/2008,61.67,61.89,59.93,60.7
10/12/2008,60.7,61.69,60.34,60.87
11/12/2008,60.88,62.44,60.57,61.43
12/12/2008,61.43,61.72,57.92,60.54
15/12/2008,60.72,61.14,60.05,60.62
16/12/2008,60.62,62.1,60.18,61.82
17/12/2008,61.82,62.06,60.69,61.4
18/12/2008,61.4,63.54,60.4,61.45
19/12/2008,61.43,62.13,60.51,60.76
22/12/2008,61.15,61.97,60.7,61.7
23/12/2008,61.71,62.05,61.42,61.89
24/12/2008,61.89,61.97,61.14,61.8
25/12/2008,61.8,61.93,60.95,61.68
26/12/2008,61.72,62.32,61.63,62.11
29/12/2008,62.11,62.9,61.85,62.1
30/12/2008,62.1,62.63,62.08,62.44
31/12/2008,62.44,64.61,61.99,63.67
1/1/2009,63.68,64.22,62.56,64.01
2/1/2009,64.01,65.56,63.09,65.33
5/1/2009,65.31,67.26,65.13,67.04
6/1/2009,67.03,68.28,65.92,67.73
7/1/2009,67.73,67.9,65.52,66.02
8/1/2009,66.02,66.11,63.93,64.95
9/1/2009,64.94,65.18,63.32,63.56
12/1/2009,63.29,63.54,60.44,60.82
13/1/2009,60.82,60.92,58.54,59.4
14/1/2009,59.4,61.16,58.54,58.87
15/1/2009,58.87,60.15,58.19,59.54
16/1/2009,59.54,61.6,59.52,61.08
19/1/2009,61.01,62.19,60.27,60.42
20/1/2009,60.43,60.65,58.07,58.42
21/1/2009,58.41,59.53,56.29,59.22
22/1/2009,59.22,59.36,57.45,58.27
23/1/2009,58.27,58.66,56.5,58.05
26/1/2009,58.12,59.38,57.52,58.77
27/1/2009,58.77,60.31,58.19,58.83
28/1/2009,58.83,60.87,58.81,60.11
29/1/2009,60.12,60.41,58.47,58.71
30/1/2009,58.72,58.81,56.89,57.14
2/2/2009,57.17,57.34,55.56,56.49
3/2/2009,56.49,58.43,56.25,58.24
4/2/2009,58.23,58.51,56.57,57.53
5/2/2009,57.53,60.7,57.18,59.52
6/2/2009,59.52,62.67,58.88,62.05
9/2/2009,62,62.76,60.26,62.06
10/2/2009,62.06,62.19,58.46,59.24
11/2/2009,59.24,59.75,58.56,59.33
12/2/2009,59.33,59.69,58.09,59.32
13/2/2009,59.32,60.99,59.12,60.34
16/2/2009,59.95,60.06,59.38,59.65
17/2/2009,59.65,59.91,58.49,58.67
18/2/2009,58.67,60.1,58.48,59.75
19/2/2009,59.75,61.55,59.68,60.63
20/2/2009,60.63,61,59.58,60.23
23/2/2009,60.29,61.85,59.79,60.71
24/2/2009,60.71,63.24,60.25,62.93
25/2/2009,62.93,63.61,62.48,63.01
26/2/2009,63.01,64.58,62.94,63.78
27/2/2009,63.78,63.86,61.43,62.33
2/3/2009,62.32,62.54,61.09,61.4
3/3/2009,61.4,63.4,61.04,62.6
4/3/2009,62.6,64.78,61.79,64.4
5/3/2009,64.4,64.41,62.22,62.58
6/3/2009,62.59,63.44,61.61,62.93
9/3/2009,62.96,63.38,62.26,62.45
10/3/2009,62.45,63.9,62.35,63.73
11/3/2009,63.73,64.07,62.76,63.45
12/3/2009,63.44,64.16,61.43,63.97
13/3/2009,63.97,64.98,63.57,64.47
16/3/2009,64.53,65.38,63.79,64.71
17/3/2009,64.71,65.44,64.67,65.26
18/3/2009,65.26,65.5,64.13,65.08
19/3/2009,65.08,65.59,64.23,64.75
20/3/2009,64.75,66.33,64.69,65.96
23/3/2009,65.91,68.56,65.79,68.37
24/3/2009,68.37,69.62,67.8,68.07
25/3/2009,68.07,68.78,67.27,68.05
26/3/2009,68.05,69.44,67.94,69.25
27/3/2009,69.25,69.45,67.22,67.93
30/3/2009,67.95,68.03,64.99,66.27
31/3/2009,66.27,69.12,66.14,68.41
1/4/2009,68.4,69.04,67.64,68.89
2/4/2009,68.89,71.54,68.66,71.18
3/4/2009,71.18,72.33,70.33,71.75
6/4/2009,71.51,72.86,70.89,72.09
7/4/2009,72.1,72.24,70.6,71.39
8/4/2009,71.39,71.78,70.04,70.84
9/4/2009,70.84,72.32,70.4,72.22
10/4/2009,72.23,72.43,71.98,72.11
13/4/2009,72.02,73.31,72,73.25
14/4/2009,73.25,73.49,71.48,71.63
15/4/2009,71.64,72.53,70.26,72.42
16/4/2009,72.42,72.76,70.69,71.54
17/4/2009,71.54,71.95,71.09,71.64
20/4/2009,71.46,71.93,68.06,68.2
21/4/2009,68.19,70.51,68.15,70.24
22/4/2009,70.24,70.28,68.39,69.14
23/4/2009,69.14,70.36,68.67,70.01
24/4/2009,70.01,70.31,68.89,70.27
27/4/2009,70.5,70.86,68.53,68.71
28/4/2009,68.71,68.73,66.85,68.1
29/4/2009,68.255000,71.355000,68.220000,70.952000
30/4/2009,70.915000,72.557000,70.322000,71.645000
1/5/2009,72.070000,73.005000,71.637000,72.510000
4/5/2009,72.883000,73.582000,72.657000,73.198000
5/5/2009,73.310000,74.003000,72.767000,73.459000
6/5/2009,72.968000,73.963000,71.986000,73.514000
7/5/2009,73.796000,75.646000,73.540000,74.766000
8/5/2009,74.890000,75.935000,74.346000,75.669000
11/5/2009,75.942000,76.036000,73.765000,74.028000
12/5/2009,74.092000,74.973000,73.134000,73.835000
13/5/2009,73.933000,74.411000,71.519000,71.690000
14/5/2009,71.759000,73.063000,71.140000,72.851000
15/5/2009,72.788000,73.022000,71.034000,71.334000
18/5/2009,70.956000,73.943000,70.545000,73.771000
19/5/2009,73.663000,74.869000,73.340000,74.409000
20/5/2009,74.457000,74.493000,73.326000,73.489000
21/5/2009,73.253000,73.705000,72.512000,73.447000
22/5/2009,73.232000,74.550000,73.099000,74.194000
25/5/2009,74.013000,74.530000,73.450000,74.242000
26/5/2009,74.133000,74.931000,73.088000,74.745000
27/5/2009,74.968000,75.249000,73.963000,74.051000
28/5/2009,74.419000,76.283000,74.276000,75.952000
29/5/2009,75.867000,76.475000,75.910000,76.345000
1/6/2009,76.318000,78.583000,75.969000,78.329000
2/6/2009,78.148000,78.817000,77.531000,78.556000
3/6/2009,78.205000,79.469000,76.085000,76.797000
4/6/2009,77.063000,78.050000,76.398000,77.508000
5/6/2009,77.301000,79.246000,77.286000,78.215000
8/6/2009,78.503000,78.706000,77.130000,77.753000
9/6/2009,78.009000,78.357000,76.946000,78.104000
10/6/2009,78.027000,79.580000,77.898000,78.855000
11/6/2009,78.937000,80.452000,78.874000,80.008000
12/6/2009,80.073000,80.088000,79.163000,79.934000
15/6/2009,79.569000,79.569000,77.323000,77.765000
16/6/2009,77.577000,78.297000,76.078000,76.582000
17/6/2009,73.310000,74.003000,72.767000,73.673000
18/6/2009,76.363000,77.785000,75.798000,77.194000
19/6/2009,77.296000,78.305000,77.197000,77.490000
22/6/2009,77.099000,77.134000,75.336000,75.336000
23/6/2009,74.851000,75.925000,74.087000,75.625000
24/6/2009,75.705000,76.819000,75.588000,76.168000
25/6/2009,76.291000,77.259000,76.255000,76.997000
26/6/2009,77.074000,77.464000,76.574000,76.893000
29/6/2009,76.832000,77.749000,76.165000,77.621000
30/6/2009,77.607000,78.021000,77.607000,77.978000
1/7/2009,77.607000,78.383000,77.574000,78.200000
3/7/2009,75.972000,76.941000,75.865000,76.507000
7/7/2009,75.984000,76.573000,74.800000,74.858000
8/7/2009,74.525000,74.600000,71.006000,72.401000
9/7/2009,73.064000,73.064000,72.876000,72.908000
10/7/2009,73.064000,73.064000,71.205000,72.127000
13/7/2009,72.245000,72.829000,70.849000,72.714000
14/7/2009,72.963000,74.373000,72.540000,74.340000
15/7/2009,74.347000,75.955000,74.125000,75.646000
16/7/2009,75.578000,75.810000,74.547000,75.757000
20/7/2009,75.914000,77.023000,75.872000,76.927000
21/7/2009,76.630000,77.191000,75.665000,76.697000
22/7/2009,76.234000,76.888000,75.623000,76.340000
23/7/2009,76.318000,78.016000,76.318000,77.205000
27/7/2009,77.251000,78.583000,77.216000,78.336000
28/7/2009,78.249000,79.283000,77.357000,78.224000
29/7/2009,77.809000,78.348000,76.900000,77.686000
30/7/2009,77.662000,79.277000,77.387000,78.933000
31/7/2009,78.849000,79.413000,78.586000,79.058000
4/8/2009,80.233000,80.772000,79.381000,80.426000
5/8/2009,80.505000,80.549000,79.445000,79.915000
8/9/2009,79.492000,79.800000,79.116000,79.569000
11/9/2009,79.037000,79.061000,77.991000,78.235000
14/9/2009,77.966000,78.413000,77.386000,78.336000
1/10/2009,79.418000,79.558000,77.907000,78.030000
7/10/2009,79.094000,79.419000,78.602000,78.938000
9/10/2009,80.258000,81.242000,80.154000,81.161000
13/10/2009,81.461000,81.730000,81.012000,81.488000
16/10/2009,83.936000,84.195000,83.081000,83.364000
2/11/2009,81.153000,82.568000,80.771000,81.658000
5/11/2009,82.342000,82.682000,81.486000,82.533000
10/11/2009,83.667000,83.822000,83.080000,83.614000
11/11/2009,83.389000,84.009000,83.077000,83.511000
24/11/2009,81.862000,81.998000,81.022000,81.418000
25/11/2009,81.666000,81.985000,80.930000,81.407000
26/11/2009,81.080000,81.202000,78.786000,79.133000
2/12/2009,80.470000,81.153000,80.298000,80.840000
3/12/2009,81.501000,82.073000,81.330000,81.550000
4/12/2009,81.188000,82.901000,81.188000,82.789000
8/12/2009,81.604000,81.666000,79.682000,80.007000
9/12/2009,80.119000,80.238000,79.289000,79.871000
11/12/2009,80.866000,81.932000,80.796000,81.323000
18/12/2009,79.253000,80.592000,79.160000,80.559000
22/12/2009,80.189000,80.655000,80.121000,80.457000
1/1/2010,83.440000,83.440000,83.440000,83.440000
11/1/2010,85.885000,86.219000,85.342000,85.704000
19/1/2010,84.034000,84.350000,83.389000,84.122000
20/1/2010,84.117000,84.117000,82.805000,83.028000
2/2/2010,0.000000,0.000000,0.000000,0.000000
4/2/2010,80.049000,80.210000,79.277000,79.323000
15/2/2010,79.923000,80.168000,79.788000,79.983000
16/2/2010,80.095000,80.964000,80.060000,80.856000
22/2/2010,82.608000,82.727000,81.804000,82.031000
24/2/2010,80.458000,80.670000,79.771000,80.571000
25/2/2010,80.576000,80.576000,78.219000,79.188000
1/3/2010,79.926000,80.487000,79.762000,80.302000
5/3/2010,80.374000,82.292000,80.303000,81.947000
11/3/2010,82.535000,83.049000,82.290000,82.876000
18/3/2010,83.307000,83.402000,82.765000,83.154000
25/3/2010,83.717000,84.651000,83.619000,84.144000
21/4/2010,86.644000,87.166000,86.229000,86.401000
7/5/2010,81.128300,82.741400,80.151900,81.143900
10/5/2010,82.444600,84.733400,82.356600,84.181600
12/5/2010,83.211500,83.669800,82.259400,83.196200
