30/4/2007,1.1187,1.1232,1.1176,1.121
1/5/2007,1.1204,1.1224,1.1157,1.1171
2/5/2007,1.1167,1.1197,1.115,1.1186
3/5/2007,1.1181,1.1208,1.1146,1.1197
4/5/2007,1.1202,1.1203,1.1127,1.1153
7/5/2007,1.1124,1.1198,1.1124,1.1188
8/5/2007,1.1184,1.1249,1.1182,1.124
9/5/2007,1.1235,1.1293,1.1222,1.1269
10/5/2007,1.1264,1.1385,1.1248,1.1369
11/5/2007,1.1364,1.1382,1.1315,1.1328
14/5/2007,1.1313,1.1359,1.1252,1.1286
15/5/2007,1.1289,1.1317,1.1267,1.1287
16/5/2007,1.1284,1.1311,1.1229,1.1247
17/5/2007,1.1242,1.1284,1.1234,1.1272
18/5/2007,1.1268,1.1306,1.1261,1.1264
21/5/2007,1.1257,1.1294,1.1219,1.1256
22/5/2007,1.1251,1.1296,1.124,1.1273
23/5/2007,1.1277,1.1333,1.1267,1.1288
24/5/2007,1.1284,1.1329,1.1272,1.1293
25/5/2007,1.1289,1.1308,1.1265,1.1267
28/5/2007,1.1249,1.1289,1.1219,1.1269
29/5/2007,1.1263,1.1281,1.1233,1.1257
30/5/2007,1.1253,1.1284,1.1233,1.1278
31/5/2007,1.1274,1.1303,1.1221,1.1235
1/6/2007,1.1231,1.1247,1.116,1.1181
4/6/2007,1.1152,1.1192,1.1138,1.1163
5/6/2007,1.1159,1.118,1.1113,1.1172
6/6/2007,1.1166,1.1238,1.1143,1.119
7/6/2007,1.1181,1.1219,1.1116,1.1201
8/6/2007,1.1196,1.1222,1.1043,1.1063
11/6/2007,1.1113,1.1268,1.1054,1.1218
12/6/2007,1.1213,1.1244,1.1177,1.1219
13/6/2007,1.1215,1.1235,1.1172,1.1181
14/6/2007,1.1177,1.1241,1.1116,1.114
15/6/2007,1.1135,1.1172,1.1112,1.1152
18/6/2007,1.1145,1.1211,1.1141,1.1178
19/6/2007,1.1174,1.1191,1.1144,1.1164
20/6/2007,1.1159,1.1168,1.1081,1.1111
21/6/2007,1.1105,1.1123,1.1043,1.1097
22/6/2007,1.1094,1.1138,1.1047,1.109
25/6/2007,1.1068,1.1117,1.1043,1.1067
26/6/2007,1.1062,1.1078,1.1014,1.104
27/6/2007,1.1036,1.1066,1.1006,1.1019
28/6/2007,1.1016,1.1031,1.0973,1.0998
29/6/2007,1.0993,1.1042,1.0971,1.0992
2/7/2007,1.0959,1.1023,1.0959,1.0981
3/7/2007,1.0977,1.1018,1.092,1.0942
4/7/2007,1.0937,1.0986,1.0933,1.097
5/7/2007,1.0966,1.0981,1.091,1.0952
6/7/2007,1.0949,1.0991,1.091,1.097
9/7/2007,1.0963,1.1032,1.0927,1.1008
10/7/2007,1.1011,1.1083,1.1008,1.1077
11/7/2007,1.1073,1.1126,1.1018,1.1024
12/7/2007,1.1019,1.1061,1.1014,1.1044
13/7/2007,1.104,1.1092,1.1001,1.1067
16/7/2007,1.1029,1.1099,1.0986,1.0989
17/7/2007,1.0994,1.1057,1.0977,1.1047
18/7/2007,1.105,1.1098,1.1038,1.1061
19/7/2007,1.1067,1.1121,1.1051,1.11
20/7/2007,1.1097,1.1103,1.1028,1.1039
23/7/2007,1.1001,1.1089,1.0948,1.0961
24/7/2007,1.0965,1.0972,1.0913,1.0945
25/7/2007,1.0951,1.1026,1.0944,1.0993
26/7/2007,1.1001,1.115,1.0976,1.1137
27/7/2007,1.1142,1.1198,1.1026,1.113
30/7/2007,1.0865,1.1218,1.0865,1.1151
31/7/2007,1.1155,1.1195,1.111,1.1171
1/8/2007,1.1175,1.123,1.1151,1.1167
2/8/2007,1.1172,1.1202,1.1142,1.1164
3/8/2007,1.116,1.1256,1.1148,1.1241
6/8/2007,1.1214,1.1292,1.1161,1.1212
7/8/2007,1.1207,1.1272,1.1201,1.1228
8/8/2007,1.1234,1.127,1.1207,1.1223
9/8/2007,1.1218,1.1414,1.1199,1.1299
10/8/2007,1.1294,1.1393,1.1294,1.133
13/8/2007,1.1291,1.143,1.1291,1.1391
14/8/2007,1.1387,1.1508,1.1377,1.1487
15/8/2007,1.1482,1.1583,1.1451,1.1548
16/8/2007,1.1543,1.1784,1.1406,1.1495
17/8/2007,1.1487,1.1801,1.1316,1.144
20/8/2007,1.1606,1.1606,1.1259,1.1538
21/8/2007,1.1531,1.1568,1.1444,1.1508
22/8/2007,1.1515,1.1579,1.1469,1.1509
23/8/2007,1.1503,1.151,1.1407,1.1483
24/8/2007,1.1488,1.1552,1.1441,1.1465
27/8/2007,1.1549,1.1566,1.141,1.156
28/8/2007,1.1565,1.1707,1.1534,1.169
29/8/2007,1.1684,1.1727,1.1585,1.1592
30/8/2007,1.1598,1.1669,1.1583,1.1614
31/8/2007,1.1608,1.168,1.1567,1.1665
3/9/2007,1.1689,1.1716,1.1623,1.1687
4/9/2007,1.1696,1.1873,1.1674,1.1835
5/9/2007,1.183,1.1999,1.1824,1.1967
6/9/2007,1.1972,1.2003,1.1901,1.1972
7/9/2007,1.1967,1.2034,1.1934,1.196
10/9/2007,1.1994,1.202,1.182,1.1853
11/9/2007,1.1863,1.1916,1.1788,1.1812
12/9/2007,1.1807,1.1855,1.1759,1.1823
13/9/2007,1.1808,1.1875,1.1692,1.1777
14/9/2007,1.1771,1.183,1.174,1.1808
17/9/2007,1.1771,1.1854,1.1771,1.1793
18/9/2007,1.1798,1.1852,1.1722,1.1733
19/9/2007,1.1728,1.1758,1.1621,1.1643
20/9/2007,1.1648,1.172,1.1597,1.1691
21/9/2007,1.1687,1.17,1.1599,1.1647
24/9/2007,1.1667,1.1707,1.1597,1.1622
25/9/2007,1.1615,1.179,1.1613,1.1751
26/9/2007,1.1757,1.1784,1.1717,1.1766
27/9/2007,1.1759,1.1778,1.1701,1.1732
28/9/2007,1.1737,1.1754,1.1628,1.1715
1/10/2007,1.1723,1.1726,1.1619,1.1666
2/10/2007,1.1661,1.169,1.161,1.1663
3/10/2007,1.1667,1.1723,1.1632,1.1699
4/10/2007,1.1705,1.1782,1.1696,1.1762
5/10/2007,1.1766,1.1819,1.1734,1.1793
8/10/2007,1.1796,1.1812,1.1714,1.1732
9/10/2007,1.1737,1.179,1.1705,1.1769
10/10/2007,1.1774,1.1792,1.175,1.1764
11/10/2007,1.176,1.1787,1.1679,1.1707
12/10/2007,1.1711,1.1717,1.1641,1.1646
15/10/2007,1.1627,1.1819,1.1627,1.1802
16/10/2007,1.1796,1.1953,1.1752,1.1904
17/10/2007,1.1909,1.1929,1.1826,1.1848
18/10/2007,1.1842,1.1931,1.1829,1.1882
19/10/2007,1.1877,1.1978,1.177,1.191
22/10/2007,1.1913,1.1983,1.1837,1.1869
23/10/2007,1.1874,1.1892,1.1827,1.1869
24/10/2007,1.1875,1.1985,1.182,1.1962
25/10/2007,1.1968,1.1995,1.1895,1.193
26/10/2007,1.1935,1.1994,1.1897,1.1986
29/10/2007,1.1936,1.2009,1.1936,1.1987
30/10/2007,1.199,1.2024,1.194,1.2018
31/10/2007,1.2021,1.2091,1.2006,1.2077
1/11/2007,1.2082,1.2099,1.1995,1.2032
2/11/2007,1.2038,1.2097,1.2015,1.2061
5/11/2007,1.202,1.2073,1.1948,1.196
6/11/2007,1.1954,1.1973,1.1894,1.1908
7/11/2007,1.1904,1.1976,1.1877,1.1972
8/11/2007,1.1967,1.2042,1.1884,1.1946
9/11/2007,1.1949,1.1966,1.1874,1.1929
12/11/2007,1.2098,1.2098,1.1753,1.1776
13/11/2007,1.1781,1.1824,1.1742,1.1794
14/11/2007,1.1804,1.19,1.1689,1.1733
15/11/2007,1.1728,1.1792,1.1719,1.1756
16/11/2007,1.1761,1.1812,1.1694,1.1786
19/11/2007,1.1769,1.1831,1.1681,1.1728
20/11/2007,1.1732,1.1747,1.1637,1.166
21/11/2007,1.1664,1.1714,1.1537,1.1581
22/11/2007,1.1574,1.1618,1.1546,1.1605
23/11/2007,1.1599,1.1617,1.154,1.1568
26/11/2007,1.1584,1.1653,1.1545,1.159
27/11/2007,1.1584,1.1609,1.1514,1.1562
28/11/2007,1.1568,1.1569,1.1431,1.1479
29/11/2007,1.1474,1.1519,1.141,1.1433
30/11/2007,1.1437,1.1602,1.1409,1.1571
3/12/2007,1.1516,1.1606,1.1503,1.1531
4/12/2007,1.1531,1.1542,1.1431,1.1449
5/12/2007,1.1448,1.1467,1.1285,1.1301
6/12/2007,1.13,1.1342,1.1254,1.1303
7/12/2007,1.1303,1.1321,1.1238,1.1277
10/12/2007,1.1323,1.1355,1.128,1.1323
11/12/2007,1.1323,1.1368,1.1258,1.1296
12/12/2007,1.1296,1.131,1.1157,1.1231
13/12/2007,1.1231,1.1269,1.1176,1.1225
14/12/2007,1.1225,1.1258,1.1154,1.1247
17/12/2007,1.125,1.14,1.122,1.1358
18/12/2007,1.1358,1.1424,1.1349,1.1388
19/12/2007,1.1388,1.1431,1.1336,1.1365
20/12/2007,1.1365,1.1396,1.128,1.131
21/12/2007,1.1311,1.1372,1.125,1.1361
24/12/2007,1.1315,1.14,1.1313,1.1366
25/12/2007,1.1366,1.1384,1.1348,1.1372
26/12/2007,1.1368,1.1413,1.1348,1.1397
27/12/2007,1.1397,1.1413,1.1329,1.1388
28/12/2007,1.1388,1.139,1.1292,1.1312
31/12/2007,1.1311,1.1476,1.1291,1.1428
1/1/2008,1.1425,1.1469,1.1311,1.1413
2/1/2008,1.1413,1.1442,1.136,1.1396
3/1/2008,1.1395,1.1438,1.1333,1.1425
4/1/2008,1.1425,1.1444,1.1347,1.1381
7/1/2008,1.1364,1.1439,1.1317,1.1351
8/1/2008,1.1351,1.1446,1.1332,1.1429
9/1/2008,1.1429,1.1502,1.14,1.1426
10/1/2008,1.1426,1.1438,1.1363,1.1407
11/1/2008,1.1407,1.1435,1.1351,1.1385
14/1/2008,1.1361,1.1432,1.1343,1.1376
15/1/2008,1.1376,1.1402,1.1329,1.1335
16/1/2008,1.1335,1.1465,1.1331,1.1397
17/1/2008,1.1397,1.1499,1.1397,1.1441
18/1/2008,1.1441,1.1581,1.1417,1.1566
21/1/2008,1.1573,1.1601,1.1508,1.1553
22/1/2008,1.1551,1.1596,1.1342,1.137
23/1/2008,1.137,1.152,1.1343,1.139
24/1/2008,1.139,1.1448,1.1347,1.1396
25/1/2008,1.1396,1.1487,1.1386,1.1454
28/1/2008,1.1459,1.1473,1.1375,1.1437
29/1/2008,1.1437,1.1444,1.1385,1.1424
30/1/2008,1.1424,1.144,1.1368,1.1386
31/1/2008,1.1386,1.1409,1.134,1.137
1/2/2008,1.137,1.1428,1.135,1.1377
4/2/2008,1.138,1.1475,1.1373,1.1444
5/2/2008,1.1443,1.1502,1.1411,1.1483
6/2/2008,1.1483,1.1489,1.1369,1.1369
7/2/2008,1.1369,1.1389,1.1277,1.1342
8/2/2008,1.1342,1.1397,1.1333,1.1355
11/2/2008,1.1383,1.1478,1.1352,1.1453
12/2/2008,1.1453,1.149,1.1394,1.1421
13/2/2008,1.1421,1.1462,1.1397,1.1432
14/2/2008,1.1432,1.1493,1.1414,1.1452
15/2/2008,1.1452,1.1529,1.1436,1.1505
18/2/2008,1.1546,1.1546,1.1467,1.149
19/2/2008,1.149,1.1545,1.1463,1.1528
20/2/2008,1.1528,1.154,1.1478,1.1509
21/2/2008,1.1509,1.1519,1.1456,1.1478
22/2/2008,1.1479,1.1495,1.1391,1.1426
25/2/2008,1.1418,1.1456,1.1393,1.1421
26/2/2008,1.1421,1.148,1.138,1.1427
27/2/2008,1.1427,1.1551,1.1419,1.1537
28/2/2008,1.1537,1.1649,1.1526,1.1639
29/2/2008,1.1639,1.1691,1.1587,1.1654
3/3/2008,1.165,1.1738,1.1617,1.1648
4/3/2008,1.1648,1.1674,1.1556,1.1579
5/3/2008,1.1578,1.1684,1.156,1.1647
6/3/2008,1.1648,1.1677,1.1613,1.1629
7/3/2008,1.1629,1.1748,1.1618,1.1675
10/3/2008,1.1689,1.1731,1.1597,1.1623
11/3/2008,1.1623,1.1636,1.1528,1.1554
12/3/2008,1.1554,1.1621,1.1546,1.1575
13/3/2008,1.1575,1.1667,1.1532,1.1572
14/3/2008,1.1572,1.159,1.1465,1.1524
17/3/2008,1.152,1.1579,1.1405,1.1501
18/3/2008,1.1501,1.1531,1.1438,1.1481
19/3/2008,1.1481,1.1495,1.1406,1.1426
20/3/2008,1.1426,1.1463,1.1342,1.1369
21/3/2008,1.1369,1.1406,1.1339,1.1389
24/3/2008,1.1393,1.1439,1.135,1.1354
25/3/2008,1.1354,1.14,1.1338,1.1376
26/3/2008,1.1376,1.1455,1.1364,1.1438
27/3/2008,1.1438,1.1477,1.1419,1.1435
28/3/2008,1.1436,1.1538,1.1398,1.1507
31/3/2008,1.1532,1.1631,1.1507,1.1618
1/4/2008,1.1618,1.1651,1.1514,1.1528
2/4/2008,1.1528,1.159,1.1508,1.1572
3/4/2008,1.1572,1.1679,1.1561,1.1666
4/4/2008,1.1666,1.1723,1.1609,1.1691
7/4/2008,1.1685,1.17,1.1603,1.1633
8/4/2008,1.1633,1.1678,1.1621,1.1655
9/4/2008,1.1655,1.1697,1.163,1.1645
10/4/2008,1.1644,1.1688,1.1635,1.1666
11/4/2008,1.1666,1.1719,1.1654,1.1697
14/4/2008,1.1685,1.1766,1.1652,1.1705
15/4/2008,1.1705,1.1812,1.1681,1.1783
16/4/2008,1.1783,1.1908,1.1763,1.186
17/4/2008,1.186,1.1919,1.1837,1.1852
18/4/2008,1.1852,1.189,1.1779,1.1832
21/4/2008,1.178,1.19,1.1778,1.1876
22/4/2008,1.1876,1.1897,1.1838,1.1845
23/4/2008,1.1844,1.1931,1.1842,1.1885
24/4/2008,1.1885,1.1953,1.1875,1.1921
25/4/2008,1.1921,1.1983,1.1902,1.1939
28/4/2008,1.1944,1.196,1.1907,1.1943
29/4/2008,1.1943,1.2074,1.1938,1.2037
30/4/2008,1.2037,1.2077,1.2004,1.2061
1/5/2008,1.2064,1.2074,1.1989,1.2003
2/5/2008,1.2002,1.2026,1.1912,1.1984
5/5/2008,1.1983,1.2067,1.1965,1.2049
6/5/2008,1.2048,1.2067,1.1962,1.1998
7/5/2008,1.1998,1.2072,1.1992,1.2052
8/5/2008,1.2053,1.2243,1.2035,1.2232
9/5/2008,1.223,1.2286,1.2155,1.2263
12/5/2008,1.2261,1.2299,1.2243,1.2283
13/5/2008,1.2284,1.2322,1.225,1.2304
14/5/2008,1.2305,1.2346,1.224,1.2278
15/5/2008,1.228,1.241,1.2248,1.2307
16/5/2008,1.2308,1.2381,1.2304,1.2345
19/5/2008,1.2366,1.2378,1.2282,1.235
20/5/2008,1.2351,1.2414,1.2329,1.2385
21/5/2008,1.2385,1.2404,1.2332,1.2387
22/5/2008,1.2387,1.2416,1.2157,1.2213
23/5/2008,1.2214,1.2252,1.2168,1.2219
26/5/2008,1.2239,1.2249,1.2182,1.221
27/5/2008,1.2207,1.222,1.2128,1.2139
28/5/2008,1.2141,1.2272,1.2136,1.2248
29/5/2008,1.2252,1.2302,1.2225,1.2259
30/5/2008,1.2259,1.2267,1.2167,1.2208
2/6/2008,1.219,1.2223,1.2128,1.2169
3/6/2008,1.2168,1.2214,1.2154,1.2187
4/6/2008,1.2188,1.2296,1.2171,1.2277
5/6/2008,1.2278,1.2515,1.227,1.2483
6/6/2008,1.2484,1.2564,1.2469,1.2545
9/6/2008,1.2537,1.2559,1.2473,1.2523
10/6/2008,1.2524,1.2629,1.2505,1.2566
11/6/2008,1.2566,1.258,1.2509,1.2532
12/6/2008,1.2532,1.2561,1.2429,1.2463
13/6/2008,1.2464,1.2562,1.2431,1.2525
16/6/2008,1.25,1.2548,1.2476,1.2481
17/6/2008,1.2481,1.2522,1.244,1.2494
18/6/2008,1.2495,1.2501,1.2453,1.2471
19/6/2008,1.2471,1.2508,1.2447,1.2465
20/6/2008,1.2467,1.2539,1.2464,1.2526
23/6/2008,1.2534,1.2579,1.25,1.257
24/6/2008,1.257,1.263,1.2552,1.2601
25/6/2008,1.2602,1.2657,1.2578,1.2626
26/6/2008,1.2627,1.2694,1.2622,1.2661
27/6/2008,1.266,1.2694,1.2593,1.2629
30/6/2008,1.2629,1.2643,1.256,1.2575
1/7/2008,1.2574,1.2616,1.2539,1.2597
2/7/2008,1.2596,1.2682,1.2588,1.2657
3/7/2008,1.2657,1.2714,1.2633,1.2691
4/7/2008,1.2691,1.2728,1.2673,1.2693
7/7/2008,1.268,1.2713,1.2657,1.2673
8/7/2008,1.2674,1.2711,1.2649,1.2651
9/7/2008,1.265,1.2685,1.2579,1.262
10/7/2008,1.2621,1.2714,1.2602,1.2678
11/7/2008,1.2679,1.2725,1.2644,1.2691
14/7/2008,1.269,1.2785,1.269,1.2714
15/7/2008,1.2714,1.2747,1.2664,1.2676
16/7/2008,1.2676,1.2718,1.261,1.2626
17/7/2008,1.2628,1.2771,1.2606,1.2738
18/7/2008,1.2738,1.2762,1.2706,1.2751
21/7/2008,1.275,1.2851,1.275,1.2828
22/7/2008,1.2829,1.2844,1.2765,1.2787
23/7/2008,1.2787,1.286,1.2715,1.2821
24/7/2008,1.2823,1.2969,1.2823,1.29
25/7/2008,1.29,1.2912,1.2831,1.2894
28/7/2008,1.2918,1.2927,1.2834,1.2849
29/7/2008,1.2849,1.2946,1.2833,1.2873
30/7/2008,1.2873,1.2929,1.2824,1.2861
31/7/2008,1.2859,1.2906,1.2803,1.2831
1/8/2008,1.283,1.2913,1.2757,1.2775
4/8/2008,1.2739,1.2807,1.2721,1.2737
5/8/2008,1.2739,1.2772,1.2597,1.2605
6/8/2008,1.2605,1.2691,1.2587,1.2653
7/8/2008,1.2654,1.2713,1.2623,1.269
8/8/2008,1.2691,1.2799,1.2597,1.2618
11/8/2008,1.2622,1.2694,1.2595,1.2639
12/8/2008,1.2639,1.2655,1.2514,1.2551
13/8/2008,1.2551,1.2601,1.2411,1.243
14/8/2008,1.2432,1.2498,1.2414,1.2458
15/8/2008,1.2458,1.2495,1.2253,1.2266
18/8/2008,1.2267,1.2327,1.2202,1.2226
19/8/2008,1.2225,1.2281,1.217,1.2223
20/8/2008,1.2223,1.2275,1.2183,1.2246
21/8/2008,1.2248,1.2266,1.2163,1.2218
22/8/2008,1.2218,1.2277,1.2188,1.2225
25/8/2008,1.2226,1.227,1.2214,1.2259
26/8/2008,1.226,1.2387,1.2241,1.2269
27/8/2008,1.2269,1.2303,1.222,1.2233
28/8/2008,1.2235,1.2321,1.2213,1.2288
29/8/2008,1.2288,1.2297,1.2225,1.2246
1/9/2008,1.2257,1.2291,1.2192,1.2214
2/9/2008,1.2215,1.2308,1.2128,1.2199
3/9/2008,1.2199,1.2269,1.216,1.22
4/9/2008,1.2202,1.2253,1.216,1.2228
5/9/2008,1.2227,1.2323,1.2111,1.2202
8/9/2008,1.2201,1.2269,1.2132,1.2155
9/9/2008,1.2155,1.2186,1.1994,1.2007
10/9/2008,1.2007,1.2118,1.1993,1.2102
11/9/2008,1.2107,1.232,1.2102,1.2307
12/9/2008,1.2307,1.2347,1.2265,1.2329
15/9/2008,1.2366,1.2368,1.2205,1.2231
16/9/2008,1.2232,1.2243,1.2021,1.2115
17/9/2008,1.2117,1.2151,1.1918,1.1964
18/9/2008,1.1964,1.1991,1.1821,1.1892
19/9/2008,1.1891,1.2135,1.1874,1.2106
22/9/2008,1.2113,1.2296,1.2052,1.2258
23/9/2008,1.2257,1.2276,1.2173,1.2227
24/9/2008,1.2227,1.2291,1.2173,1.2212
25/9/2008,1.2213,1.2255,1.2156,1.2244
26/9/2008,1.2246,1.228,1.2061,1.2114
29/9/2008,1.2142,1.2163,1.1907,1.1968
30/9/2008,1.1969,1.198,1.1778,1.183
1/10/2008,1.183,1.1915,1.1688,1.1741
2/10/2008,1.1742,1.1798,1.1672,1.176
3/10/2008,1.1762,1.1793,1.1662,1.1692
6/10/2008,1.1684,1.1726,1.1256,1.1357
7/10/2008,1.1358,1.1494,1.1299,1.1314
8/10/2008,1.1315,1.1434,1.1004,1.1057
9/10/2008,1.1057,1.1454,1.1017,1.1256
10/10/2008,1.1268,1.1393,1.0648,1.0826
13/10/2008,1.1111,1.134,1.1001,1.1301
14/10/2008,1.1301,1.1467,1.1156,1.1277
15/10/2008,1.1282,1.1349,1.1,1.1038
16/10/2008,1.1038,1.1199,1.0878,1.1192
17/10/2008,1.1192,1.1357,1.105,1.1242
20/10/2008,1.1295,1.1423,1.1224,1.1301
21/10/2008,1.1301,1.1361,1.1076,1.1084
22/10/2008,1.1085,1.1476,1.1069,1.1371
23/10/2008,1.137,1.1377,1.117,1.1252
24/10/2008,1.1249,1.1304,1.093,1.1184
27/10/2008,1.1229,1.1308,1.1026,1.1108
28/10/2008,1.1108,1.1424,1.104,1.1364
29/10/2008,1.1363,1.1459,1.1131,1.1411
30/10/2008,1.1409,1.1605,1.1335,1.1528
31/10/2008,1.153,1.1538,1.1266,1.1458
3/11/2008,1.1516,1.1544,1.1362,1.1437
4/11/2008,1.1437,1.1592,1.1269,1.155
5/11/2008,1.1546,1.156,1.1373,1.1444
6/11/2008,1.1444,1.1467,1.13,1.1354
7/11/2008,1.1354,1.1485,1.1298,1.14
10/11/2008,1.1441,1.1591,1.1383,1.1544
11/11/2008,1.1544,1.1552,1.136,1.1478
12/11/2008,1.1478,1.1513,1.1366,1.1405
13/11/2008,1.1405,1.1674,1.1385,1.1653
14/11/2008,1.1653,1.1808,1.1566,1.17
17/11/2008,1.1692,1.1812,1.1605,1.1781
18/11/2008,1.1781,1.1875,1.1673,1.1802
19/11/2008,1.1802,1.1866,1.1711,1.1752
20/11/2008,1.1752,1.1817,1.1589,1.1702
21/11/2008,1.1702,1.1828,1.163,1.1775
24/11/2008,1.1827,1.1943,1.1733,1.1907
25/11/2008,1.1907,1.1942,1.1786,1.1849
26/11/2008,1.1848,1.189,1.1746,1.1797
27/11/2008,1.1797,1.1928,1.1758,1.1915
28/11/2008,1.1915,1.1943,1.186,1.1927
1/12/2008,1.1786,1.211,1.1786,1.2077
2/12/2008,1.2077,1.2172,1.2002,1.2085
3/12/2008,1.2085,1.22,1.2049,1.2182
4/12/2008,1.2182,1.2202,1.201,1.2092
5/12/2008,1.2092,1.2151,1.2045,1.2115
8/12/2008,1.2106,1.2288,1.2048,1.2144
9/12/2008,1.2144,1.221,1.2063,1.2154
10/12/2008,1.2151,1.2167,1.2029,1.2064
11/12/2008,1.2064,1.2243,1.2007,1.2175
12/12/2008,1.2175,1.2188,1.1964,1.2141
15/12/2008,1.2135,1.2175,1.1991,1.2059
16/12/2008,1.2059,1.2121,1.1901,1.1999
17/12/2008,1.1999,1.2033,1.18,1.188
18/12/2008,1.1876,1.1923,1.1674,1.1763
19/12/2008,1.1765,1.1918,1.1656,1.1827
22/12/2008,1.1921,1.1972,1.1786,1.1944
23/12/2008,1.1944,1.2035,1.189,1.1992
24/12/2008,1.1992,1.1999,1.1824,1.1877
25/12/2008,1.1877,1.1989,1.181,1.1903
26/12/2008,1.1903,1.1952,1.1815,1.1903
29/12/2008,1.1863,1.198,1.1825,1.1899
30/12/2008,1.1898,1.2016,1.1855,1.1954
31/12/2008,1.1953,1.218,1.1908,1.2129
1/1/2009,1.2129,1.2136,1.2009,1.2126
2/1/2009,1.2122,1.2145,1.1968,1.214
5/1/2009,1.2068,1.2197,1.2036,1.215
6/1/2009,1.2155,1.2195,1.2065,1.2083
7/1/2009,1.2083,1.214,1.1978,1.2046
8/1/2009,1.2046,1.2093,1.1894,1.1944
9/1/2009,1.1944,1.1985,1.1863,1.1863
12/1/2009,1.1837,1.1934,1.1753,1.184
13/1/2009,1.184,1.2111,1.1833,1.2013
14/1/2009,1.2013,1.2288,1.2001,1.2188
15/1/2009,1.2188,1.2427,1.2172,1.2333
16/1/2009,1.2333,1.2396,1.2255,1.2307
19/1/2009,1.2309,1.2428,1.2271,1.2426
20/1/2009,1.2426,1.2509,1.2369,1.247
21/1/2009,1.247,1.2521,1.2367,1.2442
22/1/2009,1.2442,1.2469,1.2363,1.2445
23/1/2009,1.2445,1.2473,1.2296,1.2368
26/1/2009,1.2344,1.2547,1.2322,1.2525
27/1/2009,1.2525,1.2586,1.2466,1.2483
28/1/2009,1.2489,1.273,1.2477,1.2701
29/1/2009,1.2701,1.2805,1.2631,1.2685
30/1/2009,1.2685,1.2729,1.2483,1.2518
2/2/2009,1.249,1.2615,1.2465,1.253
3/2/2009,1.2528,1.2726,1.2481,1.2671
4/2/2009,1.2671,1.2738,1.261,1.2675
5/2/2009,1.2674,1.2752,1.2561,1.2622
6/2/2009,1.2621,1.2746,1.2599,1.2703
9/2/2009,1.2671,1.2763,1.2546,1.2599
10/2/2009,1.2599,1.2637,1.2435,1.2512
11/2/2009,1.2512,1.255,1.2427,1.2482
12/2/2009,1.2482,1.2569,1.2426,1.2559
13/2/2009,1.2559,1.2579,1.2505,1.2554
16/2/2009,1.252,1.2579,1.2469,1.257
17/2/2009,1.2569,1.2614,1.2483,1.251
18/2/2009,1.251,1.2569,1.2471,1.2514
19/2/2009,1.2514,1.2657,1.2482,1.2657
20/2/2009,1.2657,1.2716,1.2562,1.2615
23/2/2009,1.2644,1.2694,1.257,1.2645
24/2/2009,1.2645,1.2674,1.2592,1.2669
25/2/2009,1.2669,1.2726,1.2609,1.2696
26/2/2009,1.2696,1.281,1.2686,1.274
27/2/2009,1.274,1.2803,1.2692,1.2758
2/3/2009,1.2756,1.2877,1.2635,1.2789
3/3/2009,1.2789,1.2937,1.2766,1.2898
4/3/2009,1.2896,1.291,1.276,1.285
5/3/2009,1.285,1.2865,1.2754,1.2805
6/3/2009,1.2805,1.283,1.2684,1.2748
9/3/2009,1.2746,1.2833,1.2698,1.2815
10/3/2009,1.2815,1.2888,1.2792,1.2841
11/3/2009,1.2841,1.2878,1.2697,1.2702
12/3/2009,1.2701,1.2714,1.2517,1.2578
13/3/2009,1.2578,1.2619,1.2509,1.2527
16/3/2009,1.2548,1.2575,1.2412,1.2438
17/3/2009,1.2438,1.2494,1.2412,1.2473
18/3/2009,1.2473,1.2537,1.2407,1.2418
19/3/2009,1.2418,1.2498,1.2324,1.2378
20/3/2009,1.2379,1.2385,1.2268,1.2302
23/3/2009,1.2322,1.2357,1.226,1.2333
24/3/2009,1.2334,1.2412,1.2318,1.2352
25/3/2009,1.2352,1.2488,1.2284,1.2325
26/3/2009,1.2325,1.2336,1.2089,1.2189
27/3/2009,1.2189,1.223,1.2088,1.2151
30/3/2009,1.2201,1.2206,1.2068,1.2095
31/3/2009,1.2095,1.2376,1.2067,1.2355
1/4/2009,1.2355,1.2439,1.2271,1.2314
2/4/2009,1.2314,1.2409,1.23,1.238
3/4/2009,1.2381,1.2388,1.2172,1.221
6/4/2009,1.217,1.2205,1.2031,1.2135
7/4/2009,1.2135,1.2392,1.2119,1.2344
8/4/2009,1.2344,1.238,1.2246,1.2248
9/4/2009,1.2248,1.2354,1.2195,1.2329
10/4/2009,1.2331,1.2367,1.2311,1.2339
13/4/2009,1.2415,1.2417,1.2287,1.2345
14/4/2009,1.2345,1.2453,1.2308,1.2408
15/4/2009,1.2409,1.2568,1.238,1.2535
16/4/2009,1.2535,1.2684,1.2517,1.2581
17/4/2009,1.2581,1.276,1.2532,1.2715
20/4/2009,1.2697,1.277,1.2562,1.261
21/4/2009,1.2609,1.2677,1.257,1.2614
22/4/2009,1.2614,1.275,1.2607,1.27
23/4/2009,1.27,1.2759,1.2655,1.2721
24/4/2009,1.2721,1.2735,1.2597,1.2636
27/4/2009,1.2644,1.2721,1.248,1.255
28/4/2009,1.255,1.2692,1.2528,1.2637
29/4/2009,1.259100,1.271100,1.256100,1.267400
30/4/2009,1.284600,1.294200,1.277300,1.285100
1/5/2009,1.286400,1.292100,1.277400,1.279000
4/5/2009,1.279300,1.288800,1.276600,1.285600
5/5/2009,1.284400,1.288200,1.273900,1.280700
6/5/2009,1.276800,1.285100,1.270800,1.280800
7/5/2009,1.272800,1.283400,1.268400,1.276500
8/5/2009,1.272200,1.279400,1.267000,1.273600
11/5/2009,1.266800,1.268900,1.255200,1.264600
12/5/2009,1.264400,1.268800,1.258100,1.262100
13/5/2009,1.265300,1.279400,1.260400,1.272600
14/5/2009,1.270500,1.280200,1.265400,1.274700
15/5/2009,1.277800,1.285700,1.277000,1.279300
18/5/2009,1.278100,1.290200,1.274700,1.286000
19/5/2009,1.283100,1.290200,1.278000,1.286900
20/5/2009,1.284100,1.287300,1.273000,1.279200
21/5/2009,1.276600,1.279500,1.269500,1.274100
22/5/2009,1.268200,1.271300,1.259100,1.263300
25/5/2009,1.267300,1.269800,1.257300,1.261000
26/5/2009,1.259900,1.266600,1.254600,1.259300
27/5/2009,1.264800,1.270600,1.260300,1.261900
28/5/2009,1.264400,1.272600,1.249200,1.258900
29/5/2009,1.257000,1.256600,1.249000,1.252200
1/6/2009,1.252700,1.254900,1.239600,1.245900
2/6/2009,1.250800,1.253600,1.246500,1.250100
3/6/2009,1.253700,1.269600,1.251000,1.260800
4/6/2009,1.264100,1.273200,1.261000,1.264400
5/6/2009,1.265900,1.268600,1.260700,1.265900
8/6/2009,1.284400,1.288200,1.273900,1.277000
9/6/2009,1.271300,1.280600,1.270900,1.279400
10/6/2009,1.278900,1.282700,1.274900,1.281600
11/6/2009,1.267700,1.275200,1.265100,1.273600
12/6/2009,1.284400,1.288200,1.273900,1.277000
15/6/2009,1.264600,1.269200,1.257300,1.259500
16/6/2009,1.262200,1.265000,1.254400,1.260600
17/6/2009,1.259700,1.261800,1.251000,1.253700
18/6/2009,1.255400,1.259400,1.248000,1.253300
19/6/2009,1.251200,1.260300,1.250000,1.251300
22/6/2009,1.250000,1.255400,1.248300,1.249100
23/6/2009,1.248600,1.250400,1.240200,1.241600
24/6/2009,1.243300,1.247000,1.238500,1.246300
25/6/2009,1.247800,1.252000,1.242000,1.243600
26/6/2009,1.251500,1.254000,1.245200,1.251500
29/6/2009,1.246400,1.248100,1.239100,1.241400
30/6/2009,1.248300,1.250600,1.247500,1.248300
1/7/2009,1.248300,1.264000,1.246900,1.263400
3/7/2009,1.263200,1.268400,1.258400,1.264600
7/7/2009,1.251300,1.258600,1.250800,1.254600
8/7/2009,1.253300,1.254500,1.241900,1.243400
9/7/2009,1.240200,1.240800,1.239300,1.239700
10/7/2009,1.240200,1.244400,1.234300,1.241700
13/7/2009,1.242100,1.246600,1.235300,1.237900
14/7/2009,1.236100,1.244400,1.234700,1.241300
15/7/2009,1.239900,1.247400,1.234700,1.237600
16/7/2009,1.236400,1.249600,1.235100,1.243200
20/7/2009,1.243100,1.245600,1.239600,1.242300
21/7/2009,1.239000,1.246700,1.239000,1.246000
22/7/2009,1.242000,1.247500,1.236400,1.238200
23/7/2009,1.238300,1.244800,1.237100,1.243600
27/7/2009,1.247000,1.255000,1.246200,1.252800
28/7/2009,1.253200,1.259100,1.252800,1.256500
29/7/2009,1.257000,1.258500,1.243600,1.245200
30/7/2009,1.256700,1.267700,1.256000,1.265600
31/7/2009,1.263700,1.266200,1.260200,1.261800
4/8/2009,1.261000,1.265100,1.253100,1.253100
5/8/2009,1.253000,1.254900,1.244500,1.248500
8/9/2009,1.235800,1.241900,1.233700,1.238300
11/9/2009,1.226700,1.228800,1.220600,1.222300
14/9/2009,1.223300,1.230300,1.223200,1.229800
1/10/2009,1.221600,1.223500,1.215200,1.217200
7/10/2009,1.210900,1.214500,1.208500,1.210500
9/10/2009,1.220600,1.234400,1.219800,1.231100
13/10/2009,1.230200,1.235700,1.226700,1.229900
16/10/2009,1.235000,1.242000,1.235000,1.240400
2/11/2009,1.255700,1.260300,1.251700,1.258300
5/11/2009,1.262200,1.264600,1.257000,1.260600
10/11/2009,1.254800,1.256100,1.250500,1.251900
11/11/2009,1.253400,1.258900,1.252800,1.258400
24/11/2009,1.264200,1.268600,1.262300,1.267100
25/11/2009,1.270700,1.276400,1.266800,1.273200
26/11/2009,1.273200,1.277600,1.272300,1.275800
2/12/2009,1.274700,1.282200,1.272500,1.280400
3/12/2009,1.280600,1.284400,1.276200,1.279900
4/12/2009,1.279000,1.280500,1.274700,1.277600
8/12/2009,1.278500,1.280600,1.275700,1.278400
9/12/2009,1.278400,1.280200,1.262500,1.263900
11/12/2009,1.257900,1.262100,1.256900,1.257900
18/12/2009,1.249100,1.254300,1.246500,1.250500
22/12/2009,1.248700,1.252500,1.246200,1.252100
1/1/2010,1.240900,1.240900,1.240900,1.240900
11/1/2010,1.258600,1.260300,1.251700,1.252500
19/1/2010,1.252100,1.253400,1.248600,1.253400
20/1/2010,1.258000,1.268100,1.256000,1.260500
2/2/2010,0.000000,0.000000,0.000000,0.000000
4/2/2010,1.262000,1.266100,1.260300,1.264000
15/2/2010,1.274200,1.276200,1.271300,1.274200
16/2/2010,1.274200,1.276700,1.269300,1.276300
22/2/2010,1.284900,1.285800,1.280900,1.283800
24/2/2010,1.285600,1.291600,1.284900,1.288600
25/2/2010,1.289200,1.293400,1.281800,1.285100
1/3/2010,1.284400,1.289700,1.283500,1.288200
5/3/2010,1.310400,1.310900,1.301500,1.302300
11/3/2010,1.306900,1.309900,1.304700,1.305900
18/3/2010,1.292600,1.293900,1.285800,1.287900
25/3/2010,1.294900,1.297000,1.285700,1.290300
21/4/2010,1.308900,1.311700,1.305700,1.306200
7/5/2010,1.244400,1.255000,1.242800,1.242900
10/5/2010,1.249900,1.251800,1.243400,1.249700
12/5/2010,1.247600,1.253400,1.244800,1.252300
