8/5/2007,1.4983,1.5003,1.4931,1.4963
9/5/2007,1.496,1.5025,1.4947,1.4948
10/5/2007,1.4949,1.5022,1.4937,1.4985
11/5/2007,1.4983,1.5081,1.4951,1.502
14/5/2007,1.5015,1.5066,1.4973,1.4981
15/5/2007,1.4978,1.4998,1.4873,1.4932
16/5/2007,1.4935,1.4972,1.4906,1.4928
17/5/2007,1.4925,1.4958,1.4801,1.4843
18/5/2007,1.484,1.4848,1.4696,1.4706
21/5/2007,1.4708,1.4747,1.4581,1.461
22/5/2007,1.4604,1.463,1.4574,1.4611
23/5/2007,1.4608,1.4646,1.4562,1.4566
24/5/2007,1.4562,1.4586,1.4512,1.4553
25/5/2007,1.455,1.4601,1.4502,1.4523
28/5/2007,1.4516,1.455,1.4512,1.453
29/5/2007,1.4523,1.4627,1.4427,1.444
30/5/2007,1.4437,1.4454,1.4356,1.4426
31/5/2007,1.4423,1.4433,1.4358,1.4378
1/6/2007,1.4375,1.4408,1.4244,1.4266
4/6/2007,1.4268,1.4283,1.4203,1.4281
5/6/2007,1.4277,1.4386,1.4268,1.4381
6/6/2007,1.4378,1.439,1.4266,1.4295
7/6/2007,1.4291,1.4307,1.4238,1.4304
8/6/2007,1.4301,1.4328,1.4153,1.4186
11/6/2007,1.42,1.42,1.4147,1.4157
12/6/2007,1.416,1.4209,1.414,1.4204
13/6/2007,1.4202,1.4262,1.4167,1.4189
14/6/2007,1.4194,1.423,1.4168,1.4219
15/6/2007,1.4216,1.43,1.4137,1.4297
18/6/2007,1.43,1.4417,1.4265,1.4368
19/6/2007,1.4365,1.4394,1.4252,1.4264
20/6/2007,1.4261,1.4351,1.4253,1.4293
21/6/2007,1.4298,1.4403,1.4245,1.4389
22/6/2007,1.4386,1.443,1.433,1.4379
25/6/2007,1.4425,1.4445,1.4357,1.4407
26/6/2007,1.4405,1.4438,1.4371,1.4389
27/6/2007,1.4386,1.442,1.4375,1.4402
28/6/2007,1.44,1.4416,1.4211,1.4247
29/6/2007,1.4243,1.4433,1.3966,1.4426
2/7/2007,1.4429,1.443,1.4344,1.4382
3/7/2007,1.4379,1.4467,1.436,1.4444
4/7/2007,1.444,1.445,1.4378,1.4398
5/7/2007,1.4393,1.4451,1.4353,1.4363
6/7/2007,1.436,1.437,1.4262,1.4301
9/7/2007,1.4284,1.4311,1.4236,1.4308
10/7/2007,1.4305,1.45,1.4278,1.449
11/7/2007,1.4486,1.4594,1.4477,1.4493
12/7/2007,1.4488,1.4513,1.4402,1.442
13/7/2007,1.4417,1.4484,1.4397,1.4439
16/7/2007,1.4432,1.4457,1.4355,1.4375
17/7/2007,1.4372,1.4407,1.4364,1.4385
18/7/2007,1.4382,1.4445,1.436,1.4404
19/7/2007,1.4402,1.4449,1.4387,1.4403
20/7/2007,1.4398,1.451,1.4382,1.45
23/7/2007,1.4421,1.454,1.4391,1.4453
24/7/2007,1.4449,1.4477,1.4297,1.4317
25/7/2007,1.4314,1.4346,1.4247,1.4293
26/7/2007,1.4289,1.4506,1.4274,1.4483
27/7/2007,1.4479,1.4567,1.438,1.4511
30/7/2007,1.4343,1.4646,1.4343,1.4618
31/7/2007,1.4611,1.4634,1.4506,1.4594
1/8/2007,1.4598,1.4609,1.4418,1.4436
2/8/2007,1.4433,1.4483,1.4368,1.4418
3/8/2007,1.4415,1.4562,1.4413,1.4557
6/8/2007,1.4513,1.463,1.4479,1.4519
7/8/2007,1.4516,1.4581,1.4466,1.4493
8/8/2007,1.4488,1.4516,1.4449,1.4471
9/8/2007,1.4468,1.4538,1.4422,1.447
10/8/2007,1.4464,1.4513,1.4393,1.4422
13/8/2007,1.4467,1.4467,1.4296,1.4347
14/8/2007,1.4344,1.4468,1.4337,1.4445
15/8/2007,1.4442,1.4543,1.4442,1.45
16/8/2007,1.4496,1.4553,1.4332,1.4448
17/8/2007,1.4444,1.4509,1.4255,1.4283
20/8/2007,1.4553,1.4553,1.4199,1.4219
21/8/2007,1.4215,1.4347,1.4207,1.4305
22/8/2007,1.43,1.4411,1.4266,1.4383
23/8/2007,1.438,1.4404,1.4217,1.4285
24/8/2007,1.4278,1.4396,1.427,1.4387
27/8/2007,1.4389,1.4402,1.4305,1.4391
28/8/2007,1.4386,1.4499,1.4377,1.4477
29/8/2007,1.4472,1.4524,1.4416,1.45
30/8/2007,1.4496,1.4536,1.4387,1.4423
31/8/2007,1.4418,1.4467,1.4362,1.4388
3/9/2007,1.4386,1.4394,1.4315,1.4344
4/9/2007,1.4338,1.4373,1.4269,1.4275
5/9/2007,1.4272,1.4395,1.4265,1.4381
6/9/2007,1.4377,1.4455,1.4353,1.4403
7/9/2007,1.4406,1.4556,1.4353,1.4527
10/9/2007,1.4528,1.4599,1.4513,1.4521
11/9/2007,1.4518,1.4534,1.4393,1.4428
12/9/2007,1.4424,1.4477,1.4386,1.4415
13/9/2007,1.4412,1.4428,1.4316,1.4358
14/9/2007,1.4352,1.4375,1.4248,1.429
17/9/2007,1.4268,1.4307,1.4204,1.4249
18/9/2007,1.4246,1.4264,1.4147,1.4164
19/9/2007,1.416,1.4217,1.4094,1.4169
20/9/2007,1.4165,1.4232,1.4034,1.4098
21/9/2007,1.4091,1.4138,1.4014,1.4102
24/9/2007,1.4088,1.4148,1.4057,1.4117
25/9/2007,1.4114,1.4203,1.4106,1.4192
26/9/2007,1.4189,1.4263,1.4169,1.4183
27/9/2007,1.4179,1.4218,1.4139,1.4176
28/9/2007,1.4174,1.4194,1.4103,1.4157
1/10/2007,1.4188,1.4198,1.4102,1.4113
2/10/2007,1.4111,1.4173,1.41,1.4119
3/10/2007,1.4117,1.4156,1.4058,1.4066
4/10/2007,1.4069,1.413,1.4057,1.4095
5/10/2007,1.4092,1.4106,1.3843,1.3862
8/10/2007,1.3864,1.3905,1.3832,1.3863
9/10/2007,1.386,1.3891,1.3823,1.3844
10/10/2007,1.3841,1.3929,1.3814,1.3888
11/10/2007,1.3886,1.3921,1.3835,1.3866
12/10/2007,1.3863,1.3902,1.3775,1.378
15/10/2007,1.3733,1.3885,1.3733,1.3874
16/10/2007,1.3877,1.39,1.3822,1.3876
17/10/2007,1.3872,1.3933,1.3823,1.3846
18/10/2007,1.3844,1.3975,1.3835,1.3919
19/10/2007,1.3915,1.3943,1.3731,1.3828
22/10/2007,1.3828,1.395,1.3808,1.3881
23/10/2007,1.3878,1.3888,1.3719,1.3786
24/10/2007,1.3781,1.3846,1.3754,1.3822
25/10/2007,1.3816,1.3862,1.3773,1.3851
26/10/2007,1.3844,1.386,1.3777,1.3847
29/10/2007,1.3849,1.3879,1.3723,1.3762
30/10/2007,1.3759,1.3791,1.3731,1.3768
31/10/2007,1.3765,1.3817,1.3637,1.3662
1/11/2007,1.3656,1.3739,1.3602,1.3718
2/11/2007,1.3714,1.3738,1.35,1.3558
5/11/2007,1.3547,1.3595,1.3462,1.3505
6/11/2007,1.3501,1.3527,1.3393,1.3399
7/11/2007,1.3395,1.3624,1.329,1.3622
8/11/2007,1.3619,1.3775,1.3547,1.3718
9/11/2007,1.3714,1.387,1.3616,1.3869
12/11/2007,1.3832,1.4112,1.3563,1.4081
13/11/2007,1.4073,1.413,1.3908,1.4004
14/11/2007,1.4,1.4179,1.397,1.417
15/11/2007,1.4167,1.4416,1.4103,1.4397
16/11/2007,1.4393,1.4453,1.4231,1.427
19/11/2007,1.4319,1.4445,1.4201,1.4428
20/11/2007,1.4424,1.458,1.4367,1.4533
21/11/2007,1.4529,1.4713,1.4507,1.4662
22/11/2007,1.4667,1.4678,1.455,1.4638
23/11/2007,1.4632,1.4706,1.4579,1.4662
26/11/2007,1.4646,1.4751,1.4561,1.4726
27/11/2007,1.4723,1.4848,1.461,1.4776
28/11/2007,1.4772,1.4794,1.4571,1.4625
29/11/2007,1.4622,1.4754,1.4506,1.4719
30/11/2007,1.4723,1.4764,1.4608,1.4613
3/12/2007,1.4631,1.4727,1.4614,1.4659
4/12/2007,1.4659,1.4985,1.4651,1.4913
5/12/2007,1.4913,1.5032,1.4781,1.4781
6/12/2007,1.4781,1.4862,1.4738,1.4758
7/12/2007,1.4758,1.4851,1.4652,1.4736
10/12/2007,1.4713,1.4891,1.4695,1.4818
11/12/2007,1.4818,1.4932,1.4763,1.4875
12/12/2007,1.4875,1.4956,1.4784,1.4887
13/12/2007,1.4887,1.4942,1.4834,1.4937
14/12/2007,1.4937,1.4952,1.4618,1.4677
17/12/2007,1.4647,1.4715,1.4408,1.4477
18/12/2007,1.4477,1.4603,1.4401,1.4497
19/12/2007,1.4497,1.4537,1.4378,1.4419
20/12/2007,1.4419,1.4431,1.4256,1.435
21/12/2007,1.435,1.4389,1.4229,1.4261
24/12/2007,1.4264,1.4288,1.416,1.4161
25/12/2007,1.4161,1.4232,1.4153,1.419
26/12/2007,1.419,1.4268,1.4179,1.4222
27/12/2007,1.4222,1.4366,1.4197,1.4333
28/12/2007,1.4333,1.446,1.4308,1.4453
31/12/2007,1.4455,1.4573,1.4382,1.4566
1/1/2008,1.4566,1.4599,1.4466,1.4482
2/1/2008,1.4482,1.4692,1.4451,1.4621
3/1/2008,1.4621,1.4714,1.4555,1.4597
4/1/2008,1.4597,1.4827,1.4479,1.4785
7/1/2008,1.4754,1.4804,1.4671,1.4765
8/1/2008,1.4765,1.4821,1.4669,1.4802
9/1/2008,1.4802,1.4836,1.473,1.4807
10/1/2008,1.4807,1.4988,1.4749,1.4955
11/1/2008,1.4955,1.5112,1.4894,1.5056
14/1/2008,1.5077,1.5191,1.5067,1.5122
15/1/2008,1.5122,1.5171,1.5047,1.5077
16/1/2008,1.5077,1.5201,1.4967,1.5023
17/1/2008,1.5023,1.5144,1.4882,1.5074
18/1/2008,1.5074,1.5085,1.499,1.502
21/1/2008,1.4991,1.5011,1.4874,1.4959
22/1/2008,1.4959,1.5081,1.4865,1.506
23/1/2008,1.506,1.5083,1.4889,1.4983
24/1/2008,1.4983,1.5,1.4783,1.481
25/1/2008,1.481,1.4869,1.4732,1.4802
28/1/2008,1.4792,1.4903,1.4786,1.4834
29/1/2008,1.4834,1.4867,1.4675,1.4752
30/1/2008,1.4752,1.4785,1.4673,1.4762
31/1/2008,1.4761,1.4961,1.474,1.4904
1/2/2008,1.4904,1.4939,1.4675,1.4732
4/2/2008,1.4736,1.484,1.4701,1.4733
5/2/2008,1.4733,1.4783,1.4655,1.4764
6/2/2008,1.4764,1.4778,1.4661,1.472
7/2/2008,1.472,1.4755,1.4584,1.4612
8/2/2008,1.4612,1.4637,1.4412,1.4489
11/2/2008,1.4541,1.4581,1.4494,1.4543
12/2/2008,1.4543,1.4616,1.4471,1.461
13/2/2008,1.461,1.4615,1.4521,1.4531
14/2/2008,1.4531,1.4652,1.4512,1.4646
15/2/2008,1.4646,1.4824,1.4558,1.4783
18/2/2008,1.4796,1.4824,1.4707,1.4771
19/2/2008,1.4771,1.499,1.4742,1.4979
20/2/2008,1.4979,1.4987,1.4864,1.4905
21/2/2008,1.4905,1.501,1.4854,1.4981
22/2/2008,1.4981,1.5074,1.4944,1.5016
25/2/2008,1.5006,1.5033,1.475,1.4774
26/2/2008,1.4774,1.4811,1.4646,1.4697
27/2/2008,1.4697,1.4857,1.4681,1.4822
28/2/2008,1.4822,1.4873,1.4742,1.4818
29/2/2008,1.4818,1.5024,1.4809,1.4993
3/3/2008,1.4979,1.5088,1.4931,1.5053
4/3/2008,1.5053,1.5182,1.4991,1.5118
5/3/2008,1.5118,1.5139,1.502,1.5026
6/3/2008,1.5026,1.5198,1.502,1.516
7/3/2008,1.516,1.5234,1.5024,1.5214
10/3/2008,1.5209,1.5339,1.5151,1.5288
11/3/2008,1.5288,1.5397,1.5182,1.5217
12/3/2008,1.5217,1.5414,1.5157,1.5389
13/3/2008,1.5387,1.5436,1.5282,1.5392
14/3/2008,1.5392,1.552,1.5309,1.5505
17/3/2008,1.552,1.5802,1.5477,1.5698
18/3/2008,1.5697,1.5784,1.5499,1.5504
19/3/2008,1.5504,1.5877,1.5463,1.5842
20/3/2008,1.5842,1.5938,1.5769,1.5793
21/3/2008,1.5793,1.5861,1.5762,1.5794
24/3/2008,1.5791,1.5865,1.5621,1.5689
25/3/2008,1.5689,1.5925,1.5679,1.5909
26/3/2008,1.5909,1.6154,1.5853,1.613
27/3/2008,1.613,1.6188,1.5994,1.6075
28/3/2008,1.6075,1.6158,1.5993,1.6154
31/3/2008,1.6156,1.6326,1.61,1.6188
1/4/2008,1.6188,1.6201,1.5933,1.5947
2/4/2008,1.5947,1.5991,1.5862,1.5941
3/4/2008,1.5941,1.595,1.5705,1.5758
4/4/2008,1.5757,1.5899,1.5725,1.5872
7/4/2008,1.5867,1.5935,1.5715,1.5933
8/4/2008,1.5933,1.6038,1.589,1.5922
9/4/2008,1.5921,1.6145,1.59,1.6122
10/4/2008,1.6122,1.6206,1.5991,1.6053
11/4/2008,1.6052,1.6213,1.6017,1.6179
14/4/2008,1.6028,1.6258,1.5979,1.6133
15/4/2008,1.6133,1.6235,1.6048,1.6077
16/4/2008,1.6077,1.6114,1.5951,1.5964
17/4/2008,1.5964,1.6146,1.5871,1.6076
18/4/2008,1.6076,1.6087,1.5798,1.5884
21/4/2008,1.5882,1.6042,1.5863,1.5994
22/4/2008,1.5994,1.616,1.5967,1.6123
23/4/2008,1.6123,1.627,1.6056,1.6159
24/4/2008,1.6159,1.6177,1.5852,1.5906
25/4/2008,1.5906,1.5949,1.5823,1.5844
28/4/2008,1.5847,1.593,1.5723,1.5855
29/4/2008,1.5855,1.5878,1.5738,1.577
30/4/2008,1.577,1.5819,1.5621,1.5747
1/5/2008,1.5747,1.5813,1.5648,1.5787
2/5/2008,1.579,1.5811,1.5652,1.5724
5/5/2008,1.5722,1.5779,1.5674,1.5691
6/5/2008,1.5692,1.5776,1.5531,1.557
7/5/2008,1.5569,1.5596,1.5397,1.5537
8/5/2008,1.5537,1.5676,1.545,1.5659
9/5/2008,1.566,1.5692,1.5502,1.5562
12/5/2008,1.5566,1.5628,1.5508,1.5622
13/5/2008,1.5619,1.5667,1.5484,1.5532
14/5/2008,1.5533,1.5545,1.5392,1.5532
15/5/2008,1.5531,1.5583,1.5438,1.5445
16/5/2008,1.5445,1.5604,1.5412,1.5564
19/5/2008,1.5574,1.5625,1.536,1.5379
20/5/2008,1.5379,1.5603,1.5375,1.5526
21/5/2008,1.5526,1.5587,1.5472,1.5539
22/5/2008,1.5539,1.5574,1.5466,1.5491
23/5/2008,1.5491,1.5611,1.5467,1.5602
26/5/2008,1.56,1.5665,1.5557,1.5627
27/5/2008,1.563,1.5659,1.555,1.5596
28/5/2008,1.5595,1.5663,1.546,1.5484
29/5/2008,1.5484,1.5501,1.5281,1.5329
30/5/2008,1.5328,1.5493,1.5312,1.5453
2/6/2008,1.5444,1.5615,1.5429,1.5558
3/6/2008,1.5558,1.5633,1.5519,1.5583
4/6/2008,1.5582,1.5727,1.5572,1.5695
5/6/2008,1.5696,1.5898,1.5623,1.5873
6/6/2008,1.5873,1.6088,1.5839,1.6087
9/6/2008,1.6089,1.615,1.596,1.6013
10/6/2008,1.6012,1.604,1.5794,1.5808
11/6/2008,1.5809,1.5878,1.5745,1.5861
12/6/2008,1.5862,1.588,1.5726,1.581
13/6/2008,1.5809,1.5837,1.5689,1.5832
16/6/2008,1.5817,1.5919,1.5774,1.5845
17/6/2008,1.5846,1.5921,1.5771,1.5801
18/6/2008,1.5801,1.5834,1.5764,1.5801
19/6/2008,1.5801,1.5864,1.5666,1.5748
20/6/2008,1.575,1.5935,1.5728,1.5862
23/6/2008,1.5837,1.5895,1.5726,1.5764
24/6/2008,1.5764,1.5842,1.5739,1.5742
25/6/2008,1.5743,1.5849,1.5721,1.5815
26/6/2008,1.5814,1.5982,1.5794,1.598
27/6/2008,1.598,1.5986,1.5821,1.5962
30/6/2008,1.5959,1.6094,1.5903,1.6094
1/7/2008,1.6095,1.6177,1.601,1.6142
2/7/2008,1.614,1.6184,1.6015,1.6079
3/7/2008,1.608,1.616,1.5979,1.5986
4/7/2008,1.5986,1.6022,1.5905,1.6018
7/7/2008,1.6016,1.602,1.5905,1.5993
8/7/2008,1.5992,1.6047,1.5945,1.5971
9/7/2008,1.5972,1.6009,1.5882,1.5927
10/7/2008,1.5927,1.5958,1.5866,1.5924
11/7/2008,1.5924,1.6102,1.5917,1.6084
14/7/2008,1.609,1.6105,1.5934,1.6008
15/7/2008,1.6008,1.6041,1.5908,1.594
16/7/2008,1.594,1.5992,1.583,1.5858
17/7/2008,1.5857,1.5959,1.5829,1.5955
18/7/2008,1.5955,1.598,1.5866,1.5939
21/7/2008,1.5944,1.5992,1.5893,1.592
22/7/2008,1.5918,1.5981,1.5903,1.5913
23/7/2008,1.5914,1.5943,1.5826,1.5861
24/7/2008,1.5862,1.5913,1.5802,1.591
25/7/2008,1.591,1.6021,1.59,1.6019
28/7/2008,1.602,1.6143,1.5974,1.6097
29/7/2008,1.6096,1.6127,1.5951,1.5959
30/7/2008,1.5958,1.5972,1.5911,1.5939
31/7/2008,1.5939,1.6098,1.5929,1.5988
1/8/2008,1.5989,1.6016,1.5916,1.599
4/8/2008,1.5984,1.6163,1.5956,1.6147
5/8/2008,1.6148,1.6203,1.6102,1.6123
6/8/2008,1.6126,1.6174,1.6107,1.6167
7/8/2008,1.6166,1.6224,1.6109,1.6138
8/8/2008,1.6137,1.615,1.5981,1.6006
11/8/2008,1.601,1.6049,1.5917,1.5941
12/8/2008,1.5941,1.5967,1.5825,1.5878
13/8/2008,1.5877,1.5954,1.5842,1.5854
14/8/2008,1.5853,1.5866,1.5734,1.577
15/8/2008,1.5769,1.5785,1.5531,1.5559
18/8/2008,1.5546,1.5665,1.5519,1.5644
19/8/2008,1.5644,1.5709,1.559,1.5681
20/8/2008,1.5681,1.5718,1.5585,1.5631
21/8/2008,1.5631,1.5684,1.5529,1.5541
22/8/2008,1.5542,1.5565,1.5442,1.5489
25/8/2008,1.5481,1.5531,1.5422,1.5511
26/8/2008,1.5512,1.552,1.5263,1.5365
27/8/2008,1.5364,1.543,1.5342,1.5404
28/8/2008,1.5407,1.5494,1.5403,1.5459
29/8/2008,1.5458,1.5626,1.5415,1.5612
1/9/2008,1.5591,1.565,1.5555,1.5593
2/9/2008,1.5593,1.5602,1.5467,1.5497
3/9/2008,1.5496,1.5534,1.5325,1.5407
4/9/2008,1.5406,1.5417,1.5255,1.5324
5/9/2008,1.5319,1.5319,1.5112,1.5158
8/9/2008,1.514,1.5245,1.5042,1.5046
9/9/2008,1.5046,1.5165,1.5,1.5141
10/9/2008,1.5141,1.5156,1.4981,1.4998
11/9/2008,1.4996,1.5064,1.4924,1.5052
12/9/2008,1.5051,1.5128,1.5009,1.5074
15/9/2008,1.5059,1.5325,1.5047,1.5248
16/9/2008,1.5247,1.5304,1.5089,1.5092
17/9/2008,1.5091,1.5405,1.5087,1.5374
18/9/2008,1.5375,1.5473,1.5179,1.521
19/9/2008,1.521,1.5236,1.5025,1.5149
22/9/2008,1.5183,1.5354,1.5146,1.5305
23/9/2008,1.5305,1.5334,1.5194,1.5211
24/9/2008,1.5209,1.5231,1.5143,1.5186
25/9/2008,1.5185,1.5296,1.5082,1.5118
26/9/2008,1.5117,1.5172,1.5076,1.5105
29/9/2008,1.5079,1.5134,1.4869,1.5094
30/9/2008,1.5093,1.5132,1.4863,1.5001
1/10/2008,1.5002,1.5022,1.4826,1.4888
2/10/2008,1.4888,1.4955,1.4743,1.4912
3/10/2008,1.4915,1.4969,1.4856,1.4909
6/10/2008,1.4914,1.4978,1.472,1.4841
7/10/2008,1.4841,1.5112,1.4833,1.5026
8/10/2008,1.5027,1.5402,1.497,1.5401
9/10/2008,1.5402,1.5691,1.5297,1.5646
10/10/2008,1.5646,1.6134,1.5572,1.5732
13/10/2008,1.5735,1.6038,1.5558,1.5584
14/10/2008,1.5588,1.5891,1.5515,1.5831
15/10/2008,1.5832,1.6091,1.5713,1.6083
16/10/2008,1.6083,1.6117,1.5853,1.5856
17/10/2008,1.5856,1.6025,1.5847,1.5856
20/10/2008,1.5854,1.5956,1.5808,1.5893
21/10/2008,1.5892,1.6038,1.581,1.586
22/10/2008,1.586,1.6159,1.5669,1.6116
23/10/2008,1.6117,1.63,1.6014,1.6132
24/10/2008,1.6131,1.6284,1.5835,1.6126
27/10/2008,1.6076,1.6215,1.5889,1.6182
28/10/2008,1.6181,1.634,1.5996,1.6149
29/10/2008,1.6149,1.6373,1.564,1.5859
30/10/2008,1.5861,1.6028,1.5499,1.5504
31/10/2008,1.5503,1.5712,1.5241,1.544
3/11/2008,1.5479,1.5504,1.4905,1.4939
4/11/2008,1.4938,1.5086,1.4853,1.4931
5/11/2008,1.4932,1.5206,1.4827,1.5152
6/11/2008,1.5152,1.524,1.4865,1.5232
7/11/2008,1.5232,1.5354,1.497,1.5127
10/11/2008,1.5208,1.5298,1.5006,1.5227
11/11/2008,1.5227,1.5264,1.5054,1.5127
12/11/2008,1.5127,1.5494,1.5071,1.5485
13/11/2008,1.5485,1.5635,1.5337,1.5471
14/11/2008,1.547,1.566,1.5388,1.5595
17/11/2008,1.5573,1.5658,1.5426,1.5505
18/11/2008,1.5504,1.5601,1.5422,1.5537
19/11/2008,1.5537,1.577,1.5523,1.5672
20/11/2008,1.5672,1.6208,1.5639,1.6153
21/11/2008,1.6153,1.6198,1.5953,1.5956
24/11/2008,1.5961,1.6196,1.5729,1.5962
25/11/2008,1.5962,1.6075,1.5824,1.6001
26/11/2008,1.6002,1.6073,1.5792,1.5879
27/11/2008,1.5866,1.5998,1.5798,1.5893
28/11/2008,1.5894,1.5993,1.5656,1.5727
1/12/2008,1.5736,1.5792,1.5559,1.5743
2/12/2008,1.5741,1.5969,1.5678,1.5847
3/12/2008,1.585,1.599,1.5805,1.5923
4/12/2008,1.5923,1.636,1.5856,1.6304
5/12/2008,1.6303,1.6483,1.6118,1.617
8/12/2008,1.6164,1.6328,1.6049,1.6204
9/12/2008,1.6206,1.637,1.6089,1.6323
10/12/2008,1.6323,1.6457,1.6222,1.6368
11/12/2008,1.6367,1.6521,1.616,1.65
12/12/2008,1.6499,1.6738,1.6396,1.6689
15/12/2008,1.6672,1.6982,1.6522,1.6889
16/12/2008,1.6889,1.7004,1.6792,1.6849
17/12/2008,1.6833,1.7372,1.6814,1.7181
18/12/2008,1.7181,1.7497,1.7021,1.7156
19/12/2008,1.7166,1.7437,1.6875,1.6928
22/12/2008,1.6923,1.7124,1.6755,1.7033
23/12/2008,1.7033,1.7138,1.6868,1.6983
24/12/2008,1.6983,1.7086,1.6876,1.7015
25/12/2008,1.7012,1.7087,1.6601,1.6826
26/12/2008,1.7022,1.7218,1.6983,1.7141
29/12/2008,1.7181,1.7507,1.6975,1.6998
30/12/2008,1.6998,1.7492,1.699,1.7106
31/12/2008,1.7092,1.7239,1.6907,1.7038
1/1/2009,1.705,1.7441,1.7001,1.7136
2/1/2009,1.7136,1.7163,1.6758,1.6771
5/1/2009,1.6759,1.6906,1.6119,1.6204
6/1/2009,1.6212,1.626,1.5757,1.6031
7/1/2009,1.603,1.6334,1.5931,1.6292
8/1/2009,1.6292,1.6439,1.6147,1.6168
9/1/2009,1.6168,1.6311,1.5918,1.5972
12/1/2009,1.5967,1.6302,1.5932,1.6266
13/1/2009,1.6281,1.6342,1.6127,1.614
14/1/2009,1.614,1.6481,1.6101,1.6477
15/1/2009,1.6477,1.6569,1.6328,1.6435
16/1/2009,1.6433,1.6647,1.6353,1.6495
19/1/2009,1.6505,1.6614,1.6385,1.6388
20/1/2009,1.6388,1.6429,1.623,1.635
21/1/2009,1.635,1.6462,1.6261,1.6346
22/1/2009,1.6346,1.6496,1.6253,1.6297
23/1/2009,1.6302,1.6325,1.5927,1.5955
26/1/2009,1.6011,1.6147,1.5766,1.6126
27/1/2009,1.6126,1.6263,1.6095,1.6195
28/1/2009,1.6195,1.6294,1.5914,1.5943
29/1/2009,1.5943,1.6011,1.5769,1.5892
30/1/2009,1.5891,1.5948,1.5657,1.5753
2/2/2009,1.5717,1.6031,1.5644,1.599
3/2/2009,1.599,1.6112,1.5945,1.6034
4/2/2009,1.6034,1.6114,1.5753,1.5833
5/2/2009,1.5834,1.5891,1.5693,1.5763
6/2/2009,1.5763,1.6091,1.574,1.5778
9/2/2009,1.5771,1.5983,1.5738,1.583
10/2/2009,1.583,1.6081,1.5681,1.6061
11/2/2009,1.6061,1.6242,1.5962,1.5984
12/2/2009,1.5984,1.6086,1.5868,1.5999
13/2/2009,1.5999,1.6058,1.5824,1.5892
16/2/2009,1.584,1.5965,1.5829,1.5907
17/2/2009,1.5907,1.6006,1.5786,1.5922
18/2/2009,1.5922,1.5954,1.5767,1.5801
19/2/2009,1.5801,1.5991,1.5786,1.5942
20/2/2009,1.5942,1.6144,1.5835,1.6056
23/2/2009,1.6045,1.6142,1.5867,1.5872
24/2/2009,1.5872,1.6016,1.58,1.5959
25/2/2009,1.5959,1.6049,1.5905,1.5997
26/2/2009,1.5997,1.6009,1.5824,1.5977
27/2/2009,1.5977,1.6167,1.5877,1.6159
2/3/2009,1.5981,1.6271,1.5981,1.6269
3/3/2009,1.6269,1.6368,1.619,1.6243
4/3/2009,1.6243,1.6268,1.6081,1.6117
5/3/2009,1.6118,1.6206,1.603,1.6184
6/3/2009,1.6187,1.6339,1.6135,1.6285
9/3/2009,1.6284,1.6445,1.6242,1.6411
10/3/2009,1.6411,1.6448,1.622,1.6221
11/3/2009,1.6221,1.6531,1.6218,1.6496
12/3/2009,1.6496,1.6565,1.6412,1.65
13/3/2009,1.65,1.6548,1.6325,1.6444
16/3/2009,1.6358,1.6563,1.6323,1.6493
17/3/2009,1.6493,1.6563,1.6468,1.6531
18/3/2009,1.6531,1.6845,1.6501,1.6801
19/3/2009,1.6801,1.6955,1.6667,1.694
20/3/2009,1.694,1.6974,1.6743,1.6853
23/3/2009,1.6849,1.6916,1.6648,1.6657
24/3/2009,1.6658,1.6712,1.6515,1.6593
25/3/2009,1.6593,1.6778,1.6548,1.6732
26/3/2009,1.6732,1.6755,1.6588,1.6644
27/3/2009,1.6643,1.6696,1.6431,1.6494
30/3/2009,1.6512,1.6669,1.6368,1.6662
31/3/2009,1.6662,1.676,1.6602,1.6698
1/4/2009,1.6698,1.6834,1.6633,1.6695
2/4/2009,1.6695,1.6815,1.6605,1.6658
3/4/2009,1.6658,1.6709,1.6541,1.6579
6/4/2009,1.6637,1.6688,1.6551,1.6614
7/4/2009,1.6614,1.6639,1.6379,1.642
8/4/2009,1.642,1.6431,1.6317,1.6421
9/4/2009,1.6421,1.6441,1.6105,1.6113
10/4/2009,1.6113,1.619,1.6034,1.6163
13/4/2009,1.6163,1.6354,1.6113,1.6306
14/4/2009,1.6306,1.6327,1.6025,1.6113
15/4/2009,1.6113,1.6134,1.5845,1.5916
16/4/2009,1.5916,1.5997,1.5847,1.5919
17/4/2009,1.5919,1.5964,1.5782,1.5825
20/4/2009,1.5829,1.602,1.578,1.601
21/4/2009,1.6009,1.6182,1.5977,1.5999
22/4/2009,1.6,1.6147,1.5989,1.6123
23/4/2009,1.6123,1.6174,1.5959,1.6072
24/4/2009,1.6072,1.6199,1.5999,1.6017
27/4/2009,1.602,1.6051,1.5845,1.5915
28/4/2009,1.5916,1.6053,1.5839,1.6035
29/4/2009,1.6035,1.6049,1.5919,1.5954
30/4/2009,1.5953,1.5984,1.5706,1.5778
1/5/2009,1.5778,1.5842,1.5703,1.5727
4/5/2009,1.5737,1.5785,1.5647,1.5718
5/5/2009,1.5718,1.5753,1.5643,1.5663
6/5/2009,1.5663,1.5728,1.5536,1.5544
7/5/2009,1.5544,1.5734,1.5467,1.5662
8/5/2009,1.566,1.5695,1.5523,1.5566
11/5/2009,1.568100,1.587400,1.561500,1.584900
12/5/2009,1.582600,1.595100,1.578400,1.586500
13/5/2009,1.584800,1.602800,1.574600,1.597400
14/5/2009,1.594200,1.602300,1.587000,1.596100
15/5/2009,1.596400,1.599600,1.583200,1.590300
18/5/2009,1.587200,1.590300,1.567600,1.576200
19/5/2009,1.576200,1.581400,1.569000,1.576600
20/5/2009,1.574800,1.581800,1.565900,1.572400
21/5/2009,1.574300,1.576600,1.564200,1.569600
22/5/2009,1.581300,1.586000,1.563700,1.567100
25/5/2009,1.571700,1.580900,1.568900,1.574900
26/5/2009,1.574000,1.579000,1.558400,1.561900
27/5/2009,1.561700,1.564100,1.541800,1.553600
28/5/2009,1.551200,1.559600,1.546900,1.553900
29/5/2009,1.553200,1.558400,1.538100,1.541900
1/6/2009,1.540600,1.550800,1.532600,1.548200
2/6/2009,1.545600,1.551800,1.539700,1.547100
3/6/2009,1.548000,1.575600,1.540800,1.572700
4/6/2009,1.571100,1.579600,1.551200,1.556700
5/6/2009,1.557500,1.572400,1.552200,1.563600
8/6/2009,1.562300,1.565100,1.549600,1.551400
9/6/2009,1.552000,1.554700,1.536300,1.553000
10/6/2009,1.554000,1.557700,1.545400,1.549400
11/6/2009,1.549700,1.557200,1.541900,1.555000
12/6/2009,1.555300,1.573400,1.554000,1.566400
15/6/2009,1.565600,1.571000,1.560000,1.562400
16/6/2009,1.562000,1.574400,1.560400,1.569500
17/6/2009,1.568800,1.586200,1.568300,1.578300
18/6/2009,1.579200,1.582800,1.572500,1.574500
19/6/2009,1.574500,1.584800,1.568200,1.581400
22/6/2009,1.580600,1.603600,1.577600,1.599400
23/6/2009,1.597500,1.624900,1.597400,1.619300
24/6/2009,1.619300,1.620200,1.601200,1.612400
25/6/2009,1.610700,1.621000,1.609800,1.615900
26/6/2009,1.617200,1.625300,1.612000,1.622400
29/6/2009,1.621500,1.631000,1.617900,1.628600
30/6/2009,1.631500,1.632500,1.629800,1.630400
1/7/2009,1.631500,1.632900,1.619500,1.625200
3/7/2009,1.623800,1.627400,1.619300,1.622500
7/7/2009,1.621700,1.625000,1.614200,1.622500
8/7/2009,1.622500,1.624400,1.613100,1.619700
9/7/2009,1.628100,1.628400,1.626300,1.627000
10/7/2009,1.628100,1.628400,1.614700,1.620600
13/7/2009,1.622700,1.626600,1.609200,1.609300
14/7/2009,1.610700,1.612100,1.581000,1.581500
15/7/2009,1.583500,1.593400,1.570300,1.571400
16/7/2009,1.573400,1.582400,1.572200,1.581900
20/7/2009,1.574900,1.577400,1.566400,1.574800
21/7/2009,1.573900,1.577000,1.563100,1.570600
22/7/2009,1.571600,1.573900,1.560000,1.563800
23/7/2009,1.562700,1.566900,1.537600,1.542100
27/7/2009,1.542700,1.546600,1.536600,1.539500
28/7/2009,1.539400,1.542200,1.532000,1.533600
29/7/2009,1.532200,1.540200,1.525800,1.531200
30/7/2009,1.528700,1.533600,1.518600,1.524900
31/7/2009,1.526500,1.541000,1.522200,1.536600
4/8/2009,1.537400,1.549500,1.532800,1.545200
5/8/2009,1.544800,1.551900,1.539000,1.542100
8/9/2009,1.546000,1.568700,1.542500,1.564400
11/9/2009,1.571300,1.574400,1.565700,1.572100
14/9/2009,1.573300,1.590800,1.571600,1.583600
1/10/2009,1.564900,1.576600,1.556000,1.575600
7/10/2009,1.560200,1.561600,1.550600,1.559700
9/10/2009,1.554300,1.556300,1.532000,1.536200
13/10/2009,1.529500,1.538100,1.524900,1.533700
16/10/2009,1.541700,1.550700,1.536100,1.544600
2/11/2009,1.591700,1.599000,1.587700,1.591500
5/11/2009,1.580700,1.586500,1.577200,1.585000
10/11/2009,1.582700,1.588800,1.570500,1.572900
11/11/2009,1.574000,1.574600,1.565100,1.565700
24/11/2009,1.581100,1.587800,1.580800,1.582900
25/11/2009,1.582800,1.585500,1.575400,1.582600
26/11/2009,1.584000,1.593700,1.581100,1.591700
2/12/2009,1.578900,1.582200,1.575000,1.581400
3/12/2009,1.580800,1.594900,1.572500,1.591300
4/12/2009,1.591500,1.593300,1.561000,1.571200
8/12/2009,1.557100,1.566800,1.557100,1.563200
9/12/2009,1.563200,1.568900,1.549900,1.553700
11/12/2009,1.549100,1.552700,1.539600,1.551000
18/12/2009,1.535100,1.542500,1.523300,1.529300
22/12/2009,1.517900,1.519500,1.502900,1.507000
1/1/2010,1.512600,1.518000,1.498500,1.509000
11/1/2010,1.487000,1.502400,1.486500,1.499900
19/1/2010,1.477200,1.478900,1.469600,1.473400
20/1/2010,1.473200,1.481900,1.467200,1.476000
2/2/2010,0.000000,0.000000,0.000000,0.000000
4/2/2010,1.475400,1.476400,1.469400,1.474900
15/2/2010,1.431400,1.432200,1.422700,1.426300
16/2/2010,1.426900,1.431300,1.424800,1.426500
22/2/2010,1.416100,1.419400,1.411400,1.418000
24/2/2010,1.426400,1.434800,1.425900,1.427400
25/2/2010,1.425500,1.441400,1.421700,1.436400
1/3/2010,1.434500,1.435000,1.407800,1.412100
5/3/2010,1.400300,1.405300,1.391700,1.403800
11/3/2010,1.399000,1.407600,1.397300,1.401300
18/3/2010,1.388100,1.388400,1.377800,1.380300
25/3/2010,1.364200,1.365300,1.357100,1.360100
21/4/2010,1.340500,1.342900,1.331500,1.338800
7/5/2010,1.329600,1.343400,1.317500,1.326400
10/5/2010,1.335600,1.339600,1.307900,1.308700
12/5/2010,1.290200,1.294500,1.285800,1.286700
