8/5/2007,245.56,247.04,245.34,246.45
9/5/2007,246,247.67,246,247
10/5/2007,246.46,250.09,246.46,249.73
11/5/2007,250.02,250.02,247.6,248.05
14/5/2007,247.16,248.77,246.99,247.26
15/5/2007,246.94,248.99,246.94,248.4
16/5/2007,248.13,250.29,247.5,249.73
17/5/2007,249.09,250.62,248.72,250.13
18/5/2007,249.8,251.42,249.06,250.42
21/5/2007,250.87,251.31,248.55,248.71
22/5/2007,248.4,248.87,247.57,248.12
23/5/2007,247.69,249.59,247.58,249.21
24/5/2007,248.81,251.57,248.57,251.53
25/5/2007,251.15,251.61,249.48,250.2
28/5/2007,250.01,250.44,248.98,249.94
29/5/2007,249.59,250.98,248.96,250.47
30/5/2007,250.95,251.49,250.21,250.59
31/5/2007,249.98,250.7,249.54,250.15
1/6/2007,250,250.49,249.45,249.54
4/6/2007,248.92,250.93,248.92,250.38
5/6/2007,249.97,252.42,249.97,252.14
6/6/2007,252.52,253.61,251.53,253.2
7/6/2007,252.63,254.78,252.03,254.66
8/6/2007,254.34,255.85,253.43,253.52
11/6/2007,254.52,254.54,252.65,253.13
12/6/2007,252.98,254.32,252.35,254.01
13/6/2007,253.4,255.29,252.73,252.91
14/6/2007,252.63,253.6,251.41,251.67
15/6/2007,251.32,252.22,249.67,249.76
18/6/2007,249.81,252.83,249.37,250.04
19/6/2007,249.62,250.75,248.84,249.06
20/6/2007,248.75,249.51,247.55,249.22
21/6/2007,248.91,249.43,248.02,248.42
22/6/2007,247.82,248.74,245.48,246.64
25/6/2007,247.48,247.64,246.26,247.34
26/6/2007,246.58,248.35,246.58,247.95
27/6/2007,247.49,255.99,246.85,255.89
28/6/2007,246.36,247.57,244.97,245.52
29/6/2007,245,247.55,245,246.93
2/7/2007,246.94,247.6,245.38,246.34
3/7/2007,245.93,246.99,245.46,246.25
4/7/2007,245.66,246.7,245.54,245.82
5/7/2007,245.58,247.72,245.52,247.53
6/7/2007,247.03,247.73,245.61,246.41
9/7/2007,246.16,246.86,244.79,245.43
10/7/2007,245.04,248,244.81,246.56
11/7/2007,246.18,247.26,246.18,246.53
12/7/2007,245.95,246.9,245.25,245.48
13/7/2007,245.11,246.45,245.11,245.69
16/7/2007,245.49,246.15,244.98,245.49
17/7/2007,245.28,246.01,245.2,245.59
18/7/2007,245.23,246.52,245.23,245.86
19/7/2007,245.1,246.14,245.1,245.52
20/7/2007,245.19,246.35,245.19,246.06
23/7/2007,246.03,247.11,245.36,245.99
24/7/2007,245.59,247.27,245.59,247.13
25/7/2007,246.89,248.11,246.33,247.56
26/7/2007,246.95,252,246.95,251.83
27/7/2007,251.37,253.82,250.14,251.47
30/7/2007,251.07,253.58,250.42,251.96
31/7/2007,251.41,252.96,250.29,252.7
1/8/2007,252.1,253.79,251.52,251.62
2/8/2007,251.21,253.61,249.77,250.91
3/8/2007,250.29,252.43,250.18,252.21
6/8/2007,252.08,253.42,250.47,251.52
7/8/2007,250.78,251.96,248.77,250.27
8/8/2007,249.77,250.9,248.38,248.97
9/8/2007,248.66,251.62,248.55,251.25
10/8/2007,250.62,253.61,249.98,252.33
13/8/2007,252.75,253.88,251.21,252.92
14/8/2007,252.51,258.34,252.51,257.98
15/8/2007,257.5,259.3,256.12,258.73
16/8/2007,258.47,262.14,257.95,259.71
17/8/2007,258.42,262.38,256.76,257.76
20/8/2007,258.87,260.55,256.39,259.04
21/8/2007,258.13,261.95,258.13,261.87
22/8/2007,261.58,262.06,258.08,258.43
23/8/2007,258.04,259.13,256.23,258.38
24/8/2007,257.8,259.35,256.45,256.6
27/8/2007,256.48,259.26,255.55,256.15
28/8/2007,255.78,258.81,255.4,258.69
29/8/2007,258.32,259.18,255.9,256.17
30/8/2007,255.61,256.88,254.17,255.22
31/8/2007,254.79,256.87,253.58,256.15
3/9/2007,256.06,256.46,253.95,254.85
4/9/2007,254.06,256.17,254.06,255.05
5/9/2007,254.69,256.26,254.69,255.93
6/9/2007,255.22,256.2,254.27,254.39
7/9/2007,254.75,258.05,254.2,257.7
10/9/2007,257.7,258.01,255.17,256.84
11/9/2007,256.31,257.01,252.69,253.14
12/9/2007,253,254.91,252.7,254.33
13/9/2007,253.96,254.8,253.49,254.12
14/9/2007,253.76,255.2,253.71,254.5
17/9/2007,254.12,256.75,253.18,255.33
18/9/2007,254.92,255.97,252.35,252.48
19/9/2007,252.18,252.72,251.24,251.53
20/9/2007,251.31,252.21,250.11,251.15
21/9/2007,250.74,251.46,249.51,249.63
24/9/2007,249.39,250.59,248.85,250.05
25/9/2007,249.33,251.24,249.33,250.8
26/9/2007,250.13,251.25,250.13,250.5
27/9/2007,249.71,251.09,249.67,250.28
28/9/2007,249.83,251.28,249.83,250.98
1/10/2007,251.56,256.67,248.63,250.34
2/10/2007,249.93,252.01,249.93,251.83
3/10/2007,251.1,252.44,250.93,252.03
4/10/2007,252.16,253,251.6,252.29
5/10/2007,252.71,252.71,249.93,250.41
8/10/2007,250.34,251.37,248.87,250.42
9/10/2007,249.76,250.77,249.35,249.52
10/10/2007,249.07,250.27,249.07,249.89
11/10/2007,249.45,250.22,248.72,249.65
12/10/2007,249.3,251.13,248.92,250.45
15/10/2007,249.6,251.14,248.42,250.58
16/10/2007,250.04,251.53,250.04,251.27
17/10/2007,250.99,251.73,250.22,251.06
18/10/2007,250.73,251.68,249.82,250.37
19/10/2007,250.05,251.71,249.95,251.42
22/10/2007,251.41,256.35,250.52,251.96
23/10/2007,251.12,252.34,251.1,251.66
24/10/2007,250.88,252.1,250.63,251.7
25/10/2007,251.34,252,250.64,250.95
26/10/2007,250.51,253.84,250.3,250.98
29/10/2007,251.01,252.73,250.26,250.95
30/10/2007,250.66,251.3,250.51,251.15
31/10/2007,251.37,252.09,250.44,250.7
1/11/2007,250.38,252.68,250.36,252.1
2/11/2007,251.36,252.98,251.36,252.55
5/11/2007,252.57,253.56,251.83,252.75
6/11/2007,252.49,253.15,251.77,252.29
7/11/2007,251.69,254.52,251.64,254.27
8/11/2007,253.98,254.87,252.71,252.87
9/11/2007,252.57,254.18,252.57,253.71
12/11/2007,253.64,255.03,251.11,254.51
13/11/2007,253.96,255.01,252.77,253.8
14/11/2007,253.24,254.28,252.63,254.14
15/11/2007,253.73,254.96,253.33,254.23
16/11/2007,253.46,254.98,253.46,254.43
19/11/2007,254.97,255.89,252.43,255.51
20/11/2007,254.79,255.92,254.49,255.25
21/11/2007,254.9,257.01,254.8,256.75
22/11/2007,255.99,257.16,255.99,256.88
23/11/2007,256.48,258.08,256.13,257.51
26/11/2007,256.87,258.05,254.12,257.77
27/11/2007,257.29,258.81,257.03,257.35
28/11/2007,257.71,257.75,253.59,254.25
29/11/2007,253.62,254.74,253.62,254.24
30/11/2007,253.73,254.63,252.82,253.25
3/12/2007,252.94,253.67,252.3,253.15
4/12/2007,253.15,253.55,252.56,253.37
5/12/2007,253.38,253.51,251.96,252.08
6/12/2007,252.11,252.66,251.64,251.9
7/12/2007,251.89,252.5,251.27,251.66
10/12/2007,251.57,252.38,250.9,252
11/12/2007,252,253.8,251.45,253.11
12/12/2007,253.2,253.77,251.73,252.17
13/12/2007,252.17,252.93,251.62,252.28
14/12/2007,252.28,254.88,252.1,254.28
17/12/2007,253.95,257.43,251.92,255.09
18/12/2007,255.09,255.52,253.09,254.15
19/12/2007,254.15,254.66,253.71,254.26
20/12/2007,254.26,254.85,253.79,254.73
21/12/2007,254.7,254.86,253.33,253.77
24/12/2007,253.64,254.82,253.19,254.04
25/12/2007,254.05,256.92,254.05,254.16
26/12/2007,254.19,255.15,253.74,254.01
27/12/2007,254.01,254.79,253.06,253.68
28/12/2007,253.71,254.65,253.19,253.86
31/12/2007,253.85,254.55,251.55,252.86
1/1/2008,252.72,253.8,252.55,253.17
2/1/2008,253.18,253.9,252.42,253.64
3/1/2008,253.64,253.95,252.88,253.39
4/1/2008,253.39,255.11,253.04,254.83
7/1/2008,254.93,255.81,253.96,255.25
8/1/2008,255.2,255.49,254.17,254.86
9/1/2008,254.87,255.12,254.07,254.24
10/1/2008,254.24,254.99,252.82,253.2
11/1/2008,253.19,253.9,252.92,253.5
14/1/2008,253.57,253.97,252.56,252.88
15/1/2008,252.9,254.37,252.56,254.18
16/1/2008,254.18,255.86,253.51,255.34
17/1/2008,255.24,256.88,254.47,256.37
18/1/2008,256.36,257.64,255.48,256.81
21/1/2008,256.46,260.32,256.42,259.73
22/1/2008,259.71,261.85,256.76,257.18
23/1/2008,257.18,259.92,256.8,258.2
24/1/2008,258.23,258.8,256.78,256.94
25/1/2008,256.95,258.36,256.21,257.98
28/1/2008,258.01,259.38,257.01,258.38
29/1/2008,258.38,258.9,257.52,257.82
30/1/2008,257.83,258.96,256.8,258.16
31/1/2008,258.15,259.9,257.38,258.15
1/2/2008,258.14,258.46,257,257.4
4/2/2008,257.41,258.31,255.81,257
5/2/2008,257,259.71,256.6,259.59
6/2/2008,259.57,264.89,259.02,264.6
7/2/2008,264.5,266.4,262.83,263.06
8/2/2008,263.05,266.86,262.96,266.5
11/2/2008,266.71,268.04,263.56,263.96
12/2/2008,263.95,265.4,262.18,263.31
13/2/2008,263.3,264.23,261.6,262.12
14/2/2008,262.12,263.15,260.6,262.91
15/2/2008,262.94,264,261.53,263.63
18/2/2008,263.7,264.73,261.67,263.11
19/2/2008,263.14,265.31,262.16,264.9
20/2/2008,264.86,267.13,264.69,265.7
21/2/2008,265.71,266.29,263.69,264.74
22/2/2008,264.75,265.91,264.08,264.45
25/2/2008,264.68,265.1,258.25,261.3
26/2/2008,261.3,262.79,257.21,257.61
27/2/2008,257.64,258.89,255.91,258.21
28/2/2008,258.2,260.7,257.8,260.17
29/2/2008,260.16,264.89,259.47,264.35
3/3/2008,264.23,269.5,258.66,262.74
4/3/2008,262.75,265.49,261.97,264.46
5/3/2008,264.49,265.37,261.87,262.11
6/3/2008,262.1,265.52,261.29,265.32
7/3/2008,265.26,266.75,263.63,265.54
10/3/2008,265.37,269.9,261.69,264.59
11/3/2008,264.58,265.14,259.32,260.85
12/3/2008,260.86,261.36,258.54,259.32
13/3/2008,259.33,262.15,258.22,258.48
14/3/2008,258.48,260.28,256.69,259.66
17/3/2008,259.42,262.4,258.25,259.7
18/3/2008,259.67,260.64,256.38,256.68
19/3/2008,256.69,257.83,256.08,257.37
20/3/2008,257.37,258.92,256.48,257.76
21/3/2008,257.77,258.69,256.85,257.47
24/3/2008,257.49,259.4,256.25,256.42
25/3/2008,256.41,257.76,255.82,256.32
26/3/2008,256.34,257.69,255.69,256.63
27/3/2008,256.61,257.14,255.76,256.59
28/3/2008,256.62,258.03,255.9,257.06
31/3/2008,257.1,260.97,256.73,260.65
1/4/2008,260.65,261.62,257.17,258.03
2/4/2008,258.04,258.36,256.49,257.67
3/4/2008,257.67,258.26,256.6,257.39
4/4/2008,257.39,257.92,255.7,256.46
7/4/2008,256.16,256.35,252.44,253.55
8/4/2008,253.55,254.35,252.63,253.56
9/4/2008,253.6,254.56,253.1,254.26
10/4/2008,254.27,254.51,251.15,251.51
11/4/2008,251.49,253.02,251.24,252.41
14/4/2008,250.12,252.91,249.27,251.61
15/4/2008,251.61,252.41,250.92,251.68
16/4/2008,251.72,254.46,251.53,253.17
17/4/2008,253.17,254.82,252.72,253.5
18/4/2008,253.5,253.92,252.16,252.74
21/4/2008,252.45,252.95,251.92,252.15
22/4/2008,252.12,252.85,250.95,251.69
23/4/2008,251.69,252.15,250.49,251.48
24/4/2008,251.48,252.59,250.81,252.3
25/4/2008,252.25,253.78,251.73,253.05
28/4/2008,253.03,253.38,251.6,252.33
29/4/2008,252.33,253.97,251.89,253.48
30/4/2008,253.47,254.02,251.64,252.37
1/5/2008,252.37,253.83,251.57,252.08
2/5/2008,252.08,253.28,251.46,251.84
5/5/2008,251.79,252.68,251.37,252.29
6/5/2008,252.29,252.57,251.47,251.85
7/5/2008,251.78,252.85,251.45,252.28
8/5/2008,252.28,253.59,251.48,252.49
9/5/2008,252.49,253.08,251.66,251.98
12/5/2008,252.02,252.48,249.18,249.81
13/5/2008,249.77,250.43,248.86,249.13
14/5/2008,249.13,250.47,248.66,249.66
15/5/2008,249.65,250.21,248.94,249.6
16/5/2008,249.61,250.53,246.44,247.03
19/5/2008,247.16,247.39,245.51,245.93
20/5/2008,245.93,247.12,244.36,244.64
21/5/2008,244.63,245.24,242.38,244.89
22/5/2008,245.05,245.57,243.3,245.1
23/5/2008,245.1,245.43,244.08,244.68
26/5/2008,244.59,245.05,243.31,244.43
27/5/2008,244.32,244.81,243.26,244.49
28/5/2008,244.5,244.81,242.82,243.1
29/5/2008,243.1,243.37,240.18,240.54
30/5/2008,240.51,241.68,240.22,240.51
2/6/2008,240.73,242.03,240.33,240.84
3/6/2008,240.83,242.74,240.6,241.9
4/6/2008,241.9,243.02,241.5,242.24
5/6/2008,242.25,244.31,241.4,243.45
6/6/2008,243.47,248.83,243.38,248.83
9/6/2008,248.37,249.56,246.16,246.68
10/6/2008,246.67,249.31,246.45,248.79
11/6/2008,248.74,249.15,246.47,247.6
12/6/2008,247.6,248.4,246.16,246.77
13/6/2008,246.89,248.55,246.1,246.65
16/6/2008,246.56,248.23,245.25,247.6
17/6/2008,247.48,248.26,245.04,245.5
18/6/2008,245.47,245.74,242.88,243.5
19/6/2008,243.48,244.07,240.13,240.67
20/6/2008,240.65,240.97,238.29,239.33
23/6/2008,239.33,240.18,237.94,238.71
24/6/2008,238.8,239.91,238.32,238.71
25/6/2008,238.82,239.16,234.89,235.04
26/6/2008,235.04,241.08,233.31,238.07
27/6/2008,238.06,239.16,237.04,237.13
30/6/2008,237.01,238.09,234.65,235.38
1/7/2008,235.23,236.87,235.02,236.03
2/7/2008,236.02,236.85,235.4,236.57
3/7/2008,236.53,237.13,234.57,234.85
4/7/2008,234.85,235.58,232.6,233.98
7/7/2008,233.96,234.48,231.13,231.73
8/7/2008,231.74,232.72,230.55,231.35
9/7/2008,231.35,232.29,229.59,232.15
10/7/2008,232.13,232.48,230.45,231.25
11/7/2008,231.26,232.08,230.06,231.6
14/7/2008,231.62,232.13,229.9,230.48
15/7/2008,230.46,233.24,230.2,231.74
16/7/2008,231.74,233.41,230.52,230.84
17/7/2008,230.84,231.67,229.18,229.68
18/7/2008,229.68,229.99,227.99,228.51
21/7/2008,228.58,229.83,227.61,228.49
22/7/2008,228.48,230.51,228.32,229.88
23/7/2008,229.87,234.49,229.26,234.28
24/7/2008,234.26,234.32,231.59,232.57
25/7/2008,232.55,232.82,230.65,231.74
28/7/2008,231.68,232.46,230.3,230.65
29/7/2008,230.66,231.96,229.51,230.05
30/7/2008,230.05,231.83,229.83,230.8
31/7/2008,230.8,235.4,230.54,234.17
1/8/2008,234.17,234.49,231.52,231.9
4/8/2008,231.85,234.32,231.16,233.58
5/8/2008,233.58,235.96,233.39,235.11
6/8/2008,235.13,237.13,234.58,235.16
7/8/2008,234.99,236.13,234.03,235.22
8/8/2008,235.18,237.66,234.66,236.44
11/8/2008,236.54,237.97,235.64,237.84
12/8/2008,237.83,238.24,235.43,236.28
13/8/2008,236.3,238.05,236.07,237.77
14/8/2008,237.72,239.08,236.89,238.75
15/8/2008,238.64,239.98,238.61,239.39
18/8/2008,239.35,240,235.68,236.07
19/8/2008,235.98,237.31,235.16,235.37
20/8/2008,235.4,235.6,233.35,233.82
21/8/2008,233.82,234.82,233.28,233.8
22/8/2008,233.79,234.65,233.41,233.83
25/8/2008,233.68,235.08,233.46,234.15
26/8/2008,234.12,236.86,233.92,235.84
27/8/2008,235.85,236.89,235,236.7
28/8/2008,236.73,238.84,235.87,238.74
29/8/2008,238.66,239.5,236.25,236.84
1/9/2008,236.86,238.91,236.43,238.5
2/9/2008,238.62,239.5,237.22,237.45
3/9/2008,237.53,239.71,237.37,239.27
4/9/2008,239.26,241.95,238.02,241.83
5/9/2008,241.77,243.07,240.57,241.77
8/9/2008,242.01,242.84,236.44,241.48
9/9/2008,241.48,241.89,238.37,240.2
10/9/2008,240.21,241.95,237.92,239.57
11/9/2008,239.57,242.5,239.04,239.23
12/9/2008,239.31,240.36,236.38,237.45
15/9/2008,237.12,242.33,236.94,242.2
16/9/2008,242.04,243.85,241.21,241.46
17/9/2008,241.64,244.98,240.61,244.18
18/9/2008,244.24,245.76,241.71,242.74
19/9/2008,242.73,243.77,238.88,240.37
22/9/2008,240.4,241.07,238.9,240.69
23/9/2008,240.67,242.44,239.4,241.3
24/9/2008,241.3,242.16,239.87,241.32
25/9/2008,241.28,241.78,238.85,239.42
26/9/2008,239.42,241.32,239.06,239.58
29/9/2008,239.33,244.1,238.93,243.99
30/9/2008,244,244.6,241.62,242.15
1/10/2008,242.06,243.76,241.09,242.07
2/10/2008,242.13,245.62,241.66,245.46
3/10/2008,245.46,246.88,244.15,245.9
6/10/2008,245.07,251.89,243.22,248.44
7/10/2008,248.4,250.82,247.12,250.55
8/10/2008,250.55,254.81,249.63,252.2
9/10/2008,252,264.89,248.97,264.31
10/10/2008,264.49,272.5,255.67,257.8
13/10/2008,261.41,263.19,250.84,252.51
14/10/2008,252.32,256.87,247.61,253.75
15/10/2008,253.76,272.15,252.19,271.84
16/10/2008,269.82,273.07,261.46,267.72
17/10/2008,266.6,272.93,262.98,267.54
20/10/2008,268.01,271.45,263.49,270.56
21/10/2008,270.56,280.96,266.42,278.28
22/10/2008,278.29,285.1,271.85,279.03
23/10/2008,279.28,286.55,273.99,278.25
24/10/2008,278.25,283.85,273.17,274.87
27/10/2008,273.71,277.96,267.67,271.17
28/10/2008,271.13,271.91,259.77,260.45
29/10/2008,260.5,262.09,254.38,256.95
30/10/2008,256.87,263.76,252.75,259.94
31/10/2008,259.96,263.67,255.73,255.87
3/11/2008,256.67,262.28,255.96,260.19
4/11/2008,260.17,261.55,256.24,258.22
5/11/2008,258.36,260.62,256.54,260.17
6/11/2008,260.17,263.97,258.61,262.37
7/11/2008,262.39,270.48,260.17,267.85
10/11/2008,269.3,269.85,264.07,267.79
11/11/2008,267.8,270.21,265.82,269.45
12/11/2008,269.45,272.76,266.72,271.86
13/11/2008,271.86,272.63,267.35,268.37
14/11/2008,268.37,271.77,264.45,267.65
17/11/2008,267.25,269.17,265.15,268.68
18/11/2008,268.55,271.92,267.8,270.77
19/11/2008,270.76,272.6,268.5,271.76
20/11/2008,271.76,273.24,267.86,271.01
21/11/2008,271.02,271.18,265.09,266.25
24/11/2008,266.34,266.96,259.09,260.15
25/11/2008,260.14,262.85,258.78,259.97
26/11/2008,259.97,261.67,259.45,261.15
27/11/2008,261.15,262.13,259.9,260.47
28/11/2008,260.52,261,258.08,258.86
1/12/2008,259.33,263.06,258.57,261.75
2/12/2008,261.69,263.77,260.54,262.64
3/12/2008,262.53,263.48,259.85,261.15
4/12/2008,261.15,262.52,259.97,261.76
5/12/2008,261.76,267.19,260.78,266.69
8/12/2008,266.88,267.01,261.25,261.57
9/12/2008,261.57,266.55,261.49,263.42
10/12/2008,263.42,264.75,261.89,263.87
11/12/2008,263.88,264.75,261.92,262.51
12/12/2008,262.51,267.95,261.55,266.5
15/12/2008,266.3,268.31,265.23,267.89
16/12/2008,267.91,269.92,266.79,267.31
17/12/2008,267.24,268.39,265.07,266.08
18/12/2008,266.08,269.68,265.04,266.24
19/12/2008,266.19,266.4,263.29,265.55
22/12/2008,265.78,267.2,262.43,264.05
23/12/2008,264.05,265.12,263.16,264.11
24/12/2008,264.12,267.2,263.37,265.45
25/12/2008,265.39,266.34,256.36,257.25
26/12/2008,257.16,267.68,256.29,265.88
29/12/2008,266.64,267.91,264.97,267.14
30/12/2008,267.16,268.14,265.15,267.25
31/12/2008,267.25,267.86,262.84,265.62
1/1/2009,265.6,266.71,264.95,265.75
2/1/2009,265.77,267.23,263.59,266.1
5/1/2009,265.81,268.25,265.25,266.83
6/1/2009,266.85,267.74,264.55,265.11
7/1/2009,265.11,269.32,263.25,268.47
8/1/2009,268.49,275.67,267.99,274.35
9/1/2009,274.35,278.75,273.19,277.89
12/1/2009,277.8,283.71,276.85,283.07
13/1/2009,283.07,285.36,273.97,278
14/1/2009,278,282.27,273.98,277.25
15/1/2009,277.25,282.05,276.95,278.77
16/1/2009,278.77,283.57,275.77,279.51
19/1/2009,279.87,286.66,278.55,285.35
20/1/2009,285.35,288.29,282.51,286.1
21/1/2009,286.1,286.39,281.72,282.19
22/1/2009,282.21,286,279.89,283.5
23/1/2009,283.5,291.25,283.2,288.69
26/1/2009,288.98,290.07,283.94,287.1
27/1/2009,287.1,288.42,282.99,286.2
28/1/2009,286.2,287.82,283.77,285.29
29/1/2009,285.29,291.49,284.96,291.25
30/1/2009,291.28,299.25,290.67,297.99
2/2/2009,297.63,299.31,295.04,296.04
3/2/2009,296.04,303.19,294.39,301.06
4/2/2009,301.11,304.5,293.7,297.6
5/2/2009,297.67,298.44,290.26,290.92
6/2/2009,290.93,293.63,287.38,288.74
9/2/2009,288.25,292.19,285.72,287.28
10/2/2009,287.33,293.69,286.76,293.33
11/2/2009,293.33,296.7,292.28,295.37
12/2/2009,295.37,300.67,294.86,298.17
13/2/2009,298.17,299.72,295.2,298.2
16/2/2009,298.24,304.81,296.27,304.32
17/2/2009,304.3,309.71,303.8,309.36
18/2/2009,309.35,309.46,301.42,302.8
19/2/2009,302.85,305.07,298.73,303.58
20/2/2009,303.57,306.91,302.97,304
23/2/2009,304.43,304.84,292.7,297.36
24/2/2009,297.36,303.6,296.07,300.95
25/2/2009,300.95,304.43,296.61,301.9
26/2/2009,301.9,303.55,298.91,301.71
27/2/2009,301.71,302.94,295.92,299.37
2/3/2009,300.15,308.53,298.51,307.41
3/3/2009,307.41,309.09,304.08,307.53
4/3/2009,307.53,312.27,306.4,307.41
5/3/2009,307.41,316.67,306.02,316.41
6/3/2009,316.41,317.22,312.26,312.77
9/3/2009,313.37,313.37,306.02,310.48
10/3/2009,310.48,311.01,303.25,303.83
11/3/2009,303.83,305.3,298.47,301.63
12/3/2009,301.63,308.98,293.67,294.3
13/3/2009,294.31,299.67,293.18,296.35
16/3/2009,295.62,299.71,294.79,295.56
17/3/2009,295.56,302.32,294.72,298.05
18/3/2009,298.05,302.86,296.64,297.98
19/3/2009,297.98,303.61,296.51,301.91
20/3/2009,301.91,304.7,297.73,300.86
23/3/2009,300.85,308.62,300.85,301.83
24/3/2009,301.83,302.12,298.44,300.64
25/3/2009,300.68,303.63,298.89,301.4
26/3/2009,301.38,304.17,300.1,301.65
27/3/2009,301.65,305.71,301.31,305.22
30/3/2009,305.26,313.25,303.34,310
31/3/2009,310,310.56,306.72,308.08
1/4/2009,308.08,309.27,300.95,302.48
2/4/2009,302.48,303.5,292.55,294.36
3/4/2009,294.38,297.7,293.17,296.07
6/4/2009,294.02,298.91,292,294.8
7/4/2009,294.81,298.96,294.3,296.72
8/4/2009,296.72,298.92,291.79,291.85
9/4/2009,291.8,294.18,287.49,287.67
10/4/2009,287.67,291.87,287.64,290.56
13/4/2009,290.53,291.12,288.29,289.2
14/4/2009,289.19,292.14,286.97,289.48
15/4/2009,289.48,291.88,288.41,289.34
16/4/2009,289.39,293.59,288.4,292.26
17/4/2009,292.26,297.64,291.45,295.65
20/4/2009,295.79,300.56,295.32,299.71
21/4/2009,299.72,302.1,296.63,297.5
22/4/2009,297.54,299.75,296.52,297.37
23/4/2009,297.37,299.8,296,298.15
24/4/2009,298.15,299.47,292.22,293.51
27/4/2009,293.61,296.88,292.74,295.07
28/4/2009,295.05,297.41,292.18,292.57
29/4/2009,292.57,293.65,288.09,288.93
30/4/2009,288.91,290.8,286.83,288.89
1/5/2009,288.89,290.53,285.78,286.32
4/5/2009,286.25,288.64,284.65,285.15
5/5/2009,285.16,286.68,281.74,281.81
6/5/2009,281.8,286.15,281.8,283.27
7/5/2009,283.27,284.71,276.15,279.58
8/5/2009,279.59,280.34,276.5,278.45
11/5/2009,276.210000,278.320000,275.800000,278.020000
12/5/2009,280.460000,281.700000,278.160000,281.600000
13/5/2009,279.580000,284.750000,278.100000,284.300000
14/5/2009,286.450000,290.200000,284.560000,288.150000
15/5/2009,288.710000,289.650000,285.370000,287.110000
18/5/2009,288.290000,288.830000,282.750000,283.070000
19/5/2009,281.230000,281.470000,276.900000,277.420000
20/5/2009,276.410000,278.450000,275.400000,275.850000
21/5/2009,276.410000,278.450000,275.400000,275.850000
22/5/2009,278.190000,280.460000,277.350000,280.180000
25/5/2009,279.610000,281.500000,278.440000,280.000000
26/5/2009,279.870000,283.500000,279.690000,281.170000
27/5/2009,280.790000,283.800000,280.300000,281.800000
28/5/2009,282.740000,286.610000,282.500000,285.830000
29/5/2009,285.370000,285.530000,281.180000,283.100000
1/6/2009,285.370000,285.530000,281.180000,283.100000
2/6/2009,279.310000,282.600000,278.760000,280.690000
3/6/2009,280.380000,288.500000,278.800000,286.520000
4/6/2009,288.110000,288.310000,285.330000,287.020000
8/6/2009,287.070000,289.000000,285.900000,285.960000
9/6/2009,286.400000,286.400000,279.650000,280.900000
10/6/2009,281.140000,281.550000,276.700000,279.810000
11/6/2009,281.140000,281.550000,276.700000,279.810000
12/6/2009,276.360000,278.400000,275.860000,277.340000
15/6/2009,277.350000,280.650000,277.330000,280.200000
16/6/2009,281.660000,283.650000,278.800000,280.390000
17/6/2009,281.580000,283.910000,280.450000,283.310000
18/6/2009,282.290000,284.580000,280.400000,280.830000
19/6/2009,281.240000,282.200000,278.270000,278.600000
22/6/2009,278.630000,279.880000,276.790000,278.780000
23/6/2009,280.880000,282.870000,280.150000,281.330000
24/6/2009,280.740000,281.420000,277.350000,277.560000
25/6/2009,277.930000,278.350000,276.160000,276.160000
26/6/2009,274.500000,276.630000,274.500000,275.520000
29/6/2009,276.760000,277.330000,275.720000,276.410000
30/6/2009,275.080000,275.100000,270.850000,273.160000
1/7/2009,272.450000,272.550000,268.450000,269.470000
3/7/2009,270.750000,273.650000,269.860000,272.580000
7/7/2009,272.960000,275.080000,272.000000,275.000000
8/7/2009,276.430000,278.950000,275.950000,278.080000
9/7/2009,278.930000,278.980000,274.450000,275.010000
10/7/2009,275.810000,278.700000,275.530000,277.280000
13/7/2009,275.740000,279.050000,275.740000,278.330000
14/7/2009,275.600000,276.450000,274.500000,275.600000
15/7/2009,274.140000,274.200000,272.110000,272.980000
16/7/2009,272.670000,275.000000,272.170000,274.610000
20/7/2009,274.020000,276.030000,273.150000,275.670000
21/7/2009,272.930000,273.850000,270.600000,272.020000
22/7/2009,272.430000,273.430000,271.150000,272.200000
23/7/2009,271.600000,272.050000,270.100000,271.050000
27/7/2009,266.850000,268.580000,265.600000,267.420000
28/7/2009,267.150000,269.480000,265.170000,269.300000
29/7/2009,268.920000,270.970000,268.450000,268.700000
30/7/2009,269.450000,270.080000,267.170000,267.350000
31/7/2009,268.300000,268.350000,265.200000,266.750000
4/8/2009,266.600000,267.800000,265.700000,266.320000
5/8/2009,266.350000,268.400000,266.300000,267.510000
8/9/2009,271.850000,272.550000,270.600000,270.950000
11/9/2009,271.260000,273.400000,270.970000,271.980000
14/9/2009,272.630000,274.980000,272.560000,274.110000
1/10/2009,269.050000,271.400000,268.900000,271.370000
7/10/2009,266.680000,269.710000,266.350000,269.560000
9/10/2009,270.280000,271.660000,269.010000,271.350000
13/10/2009,267.880000,269.630000,267.200000,269.130000
16/10/2009,267.020000,268.130000,266.920000,267.060000
2/11/2009,274.700000,277.070000,274.460000,276.950000
5/11/2009,275.850000,277.300000,273.260000,276.000000
10/11/2009,272.130000,272.530000,270.300000,271.390000
11/11/2009,271.450000,271.450000,268.410000,269.810000
24/11/2009,267.840000,268.880000,266.640000,268.000000
25/11/2009,267.650000,268.300000,266.650000,267.300000
26/11/2009,267.400000,272.710000,267.100000,272.080000
2/12/2009,271.270000,271.990000,269.250000,270.540000
3/12/2009,270.390000,270.520000,268.300000,270.110000
4/12/2009,270.240000,270.240000,267.600000,268.690000
8/12/2009,269.460000,274.320000,269.040000,273.420000
9/12/2009,274.240000,276.860000,272.110000,274.650000
11/12/2009,272.870000,274.050000,271.400000,273.350000
18/12/2009,277.670000,278.300000,275.700000,276.870000
22/12/2009,275.090000,275.370000,273.100000,274.640000
1/1/2010,272.330000,273.470000,271.200000,272.540000
11/1/2010,267.440000,267.660000,266.340000,267.290000
19/1/2010,267.090000,268.320000,266.030000,267.670000
20/1/2010,267.820000,271.380000,267.430000,271.380000
2/2/2010,0.000000,0.000000,0.000000,0.000000
4/2/2010,271.460000,273.200000,270.810000,272.880000
15/2/2010,271.300000,272.400000,271.230000,272.400000
16/2/2010,272.330000,273.250000,270.920000,272.200000
22/2/2010,270.620000,270.910000,269.470000,270.400000
24/2/2010,270.620000,270.970000,269.590000,269.910000
25/2/2010,270.450000,271.590000,269.650000,271.170000
1/3/2010,269.620000,269.660000,267.750000,267.830000
5/3/2010,266.700000,267.750000,265.410000,266.440000
11/3/2010,266.360000,267.400000,265.800000,266.530000
18/3/2010,261.350000,262.700000,261.050000,262.420000
25/3/2010,264.120000,264.300000,263.270000,263.520000
21/4/2010,264.390000,264.700000,263.170000,264.120000
7/5/2010,282.500000,283.810000,279.220000,279.950000
10/5/2010,276.770000,276.920000,272.080000,272.700000
12/5/2010,275.480000,275.980000,272.350000,273.550000
