30/4/2007,1.6441,1.6503,1.6392,1.6441
1/5/2007,1.6437,1.6488,1.6397,1.6441
2/5/2007,1.6438,1.6505,1.6421,1.6479
3/5/2007,1.6482,1.6531,1.6437,1.6445
4/5/2007,1.6442,1.6593,1.6442,1.6544
7/5/2007,1.6565,1.6573,1.6479,1.6493
8/5/2007,1.649,1.6498,1.6329,1.6334
9/5/2007,1.633,1.6382,1.6318,1.6345
10/5/2007,1.6342,1.6358,1.6219,1.6308
11/5/2007,1.6306,1.6373,1.6225,1.6266
14/5/2007,1.6262,1.6283,1.6213,1.6278
15/5/2007,1.6275,1.6328,1.6254,1.6298
16/5/2007,1.6295,1.6447,1.6291,1.6395
17/5/2007,1.6392,1.6438,1.6357,1.6383
18/5/2007,1.638,1.6434,1.6359,1.6414
21/5/2007,1.642,1.6439,1.6376,1.6384
22/5/2007,1.638,1.6426,1.6355,1.6418
23/5/2007,1.6415,1.6425,1.6299,1.634
24/5/2007,1.6337,1.6412,1.6316,1.6408
25/5/2007,1.6412,1.6444,1.6359,1.6435
28/5/2007,1.6428,1.644,1.6409,1.6414
29/5/2007,1.641,1.648,1.6408,1.6426
30/5/2007,1.6423,1.6445,1.6304,1.6307
31/5/2007,1.6303,1.6338,1.6241,1.625
1/6/2007,1.6253,1.6268,1.6139,1.6144
4/6/2007,1.6145,1.6198,1.6128,1.6168
5/6/2007,1.6165,1.6195,1.6105,1.6151
6/6/2007,1.6146,1.6157,1.6008,1.6058
7/6/2007,1.6054,1.6075,1.5895,1.5982
8/6/2007,1.5978,1.6018,1.5822,1.5828
11/6/2007,1.5781,1.5906,1.5781,1.5832
12/6/2007,1.5828,1.5854,1.5776,1.5835
13/6/2007,1.5832,1.5874,1.5783,1.5836
14/6/2007,1.5834,1.5952,1.5828,1.5928
15/6/2007,1.5925,1.5938,1.5872,1.5898
18/6/2007,1.5901,1.5952,1.5851,1.592
19/6/2007,1.5917,1.5936,1.5847,1.5861
20/6/2007,1.5857,1.59,1.5838,1.5875
21/6/2007,1.5878,1.59,1.5799,1.5802
22/6/2007,1.5799,1.5923,1.5787,1.5898
25/6/2007,1.5953,1.5953,1.5838,1.5889
26/6/2007,1.5885,1.5924,1.5827,1.5911
27/6/2007,1.5908,1.6092,1.5893,1.6044
28/6/2007,1.6041,1.6057,1.5868,1.5892
29/6/2007,1.5889,1.5967,1.5805,1.5943
2/7/2007,1.5918,1.5979,1.5842,1.5867
3/7/2007,1.5864,1.5941,1.5855,1.5928
4/7/2007,1.5923,1.5933,1.5861,1.5874
5/7/2007,1.5868,1.5905,1.5847,1.5885
6/7/2007,1.5882,1.5909,1.5852,1.5881
9/7/2007,1.5861,1.5903,1.5823,1.585
10/7/2007,1.5847,1.5955,1.5826,1.5948
11/7/2007,1.5945,1.6056,1.5929,1.5935
12/7/2007,1.5932,1.6,1.5904,1.5917
13/7/2007,1.5914,1.5926,1.581,1.582
16/7/2007,1.5812,1.5844,1.5743,1.5797
17/7/2007,1.5794,1.5818,1.5739,1.5793
18/7/2007,1.579,1.5812,1.5682,1.5728
19/7/2007,1.5722,1.5755,1.568,1.5686
20/7/2007,1.5683,1.5779,1.5654,1.5708
23/7/2007,1.5726,1.5745,1.5618,1.563
24/7/2007,1.5627,1.5689,1.5599,1.5672
25/7/2007,1.5668,1.5708,1.55,1.5531
26/7/2007,1.5526,1.579,1.5476,1.578
27/7/2007,1.5775,1.6031,1.5669,1.6008
30/7/2007,1.5625,1.6157,1.5625,1.5995
31/7/2007,1.5991,1.6078,1.5919,1.6068
1/8/2007,1.6064,1.6167,1.5968,1.597
2/8/2007,1.5966,1.6079,1.592,1.596
3/8/2007,1.5955,1.6144,1.595,1.6114
6/8/2007,1.6113,1.623,1.6053,1.6067
7/8/2007,1.6062,1.6169,1.6045,1.6072
8/8/2007,1.6075,1.6097,1.5978,1.6003
9/8/2007,1.6,1.6103,1.5919,1.6098
10/8/2007,1.6094,1.6264,1.6065,1.6216
13/8/2007,1.6073,1.6231,1.6073,1.6163
14/8/2007,1.616,1.6245,1.6146,1.6218
15/8/2007,1.6214,1.642,1.621,1.6392
16/8/2007,1.6388,1.7126,1.6373,1.6969
17/8/2007,1.6963,1.7456,1.6765,1.6894
20/8/2007,1.7094,1.7096,1.666,1.6714
21/8/2007,1.6709,1.6915,1.6678,1.6798
22/8/2007,1.6794,1.6883,1.6708,1.6791
23/8/2007,1.6795,1.6795,1.6507,1.6522
24/8/2007,1.6517,1.6626,1.6454,1.6532
27/8/2007,1.6651,1.6651,1.6404,1.6481
28/8/2007,1.6477,1.6682,1.6465,1.6678
29/8/2007,1.6673,1.6846,1.6591,1.6645
30/8/2007,1.6638,1.6792,1.6606,1.6704
31/8/2007,1.6699,1.6808,1.6567,1.6652
3/9/2007,1.6701,1.6709,1.6543,1.6554
4/9/2007,1.6547,1.6595,1.6411,1.6498
5/9/2007,1.6494,1.6628,1.6438,1.6609
6/9/2007,1.6605,1.6671,1.6502,1.6512
7/9/2007,1.6516,1.6726,1.6502,1.6655
10/9/2007,1.6656,1.6856,1.6631,1.6712
11/9/2007,1.6708,1.6757,1.6572,1.6579
12/9/2007,1.6576,1.6625,1.6483,1.6517
13/9/2007,1.6512,1.6598,1.6498,1.6559
14/9/2007,1.6554,1.6622,1.6448,1.6481
17/9/2007,1.6455,1.6669,1.6411,1.6637
18/9/2007,1.6634,1.6753,1.6359,1.6399
19/9/2007,1.6394,1.6467,1.628,1.6295
20/9/2007,1.6291,1.6336,1.6242,1.6315
21/9/2007,1.631,1.6327,1.6176,1.6259
24/9/2007,1.6242,1.63,1.6199,1.6229
25/9/2007,1.6236,1.6368,1.6182,1.6191
26/9/2007,1.6187,1.623,1.6104,1.6117
27/9/2007,1.6113,1.6154,1.604,1.6081
28/9/2007,1.6077,1.6136,1.6029,1.6068
1/10/2007,1.6104,1.6112,1.5906,1.5913
2/10/2007,1.5909,1.6114,1.5906,1.6019
3/10/2007,1.6016,1.6064,1.5899,1.5957
4/10/2007,1.5964,1.601,1.5883,1.5924
5/10/2007,1.5921,1.5937,1.5715,1.575
8/10/2007,1.5754,1.5816,1.5639,1.572
9/10/2007,1.5716,1.5751,1.5657,1.5663
10/10/2007,1.5659,1.5801,1.5651,1.575
11/10/2007,1.5747,1.5786,1.568,1.5763
12/10/2007,1.576,1.583,1.5655,1.5674
15/10/2007,1.5621,1.5848,1.5621,1.5803
16/10/2007,1.5807,1.6047,1.5769,1.5955
17/10/2007,1.5951,1.6077,1.5856,1.594
18/10/2007,1.5935,1.606,1.5906,1.5947
19/10/2007,1.5943,1.6074,1.5898,1.6063
22/10/2007,1.6062,1.6226,1.5981,1.6001
23/10/2007,1.5998,1.6012,1.5864,1.5872
24/10/2007,1.5869,1.5926,1.5766,1.58
25/10/2007,1.5796,1.5832,1.5753,1.5759
26/10/2007,1.5756,1.5782,1.5666,1.5672
29/10/2007,1.5668,1.5706,1.5563,1.5656
30/10/2007,1.5653,1.5731,1.5613,1.5705
31/10/2007,1.5702,1.5718,1.5504,1.5509
1/11/2007,1.5506,1.5837,1.5497,1.5812
2/11/2007,1.5807,1.5843,1.5658,1.5712
5/11/2007,1.5758,1.5792,1.5698,1.5717
6/11/2007,1.5713,1.574,1.5664,1.5673
7/11/2007,1.567,1.5792,1.5595,1.5773
8/11/2007,1.5768,1.5916,1.5719,1.5834
9/11/2007,1.5831,1.6125,1.5791,1.6102
12/11/2007,1.5704,1.6595,1.5704,1.6591
13/11/2007,1.6586,1.6599,1.627,1.6304
14/11/2007,1.6309,1.6371,1.6175,1.6367
15/11/2007,1.6363,1.6508,1.6284,1.6496
16/11/2007,1.6492,1.6571,1.6383,1.6421
19/11/2007,1.6443,1.6604,1.6319,1.6587
20/11/2007,1.6584,1.6761,1.6527,1.6628
21/11/2007,1.6624,1.7123,1.6576,1.7064
22/11/2007,1.7058,1.7107,1.6905,1.7038
23/11/2007,1.7032,1.7163,1.6897,1.6902
26/11/2007,1.6783,1.7154,1.6748,1.7094
27/11/2007,1.7087,1.7112,1.6872,1.69
28/11/2007,1.6894,1.6963,1.6639,1.6682
29/11/2007,1.6677,1.6829,1.6659,1.6728
30/11/2007,1.6724,1.6744,1.6533,1.6547
3/12/2007,1.6546,1.6697,1.6544,1.6655
4/12/2007,1.6655,1.693,1.6647,1.6891
5/12/2007,1.6891,1.7002,1.6765,1.6794
6/12/2007,1.6794,1.6811,1.6647,1.6655
7/12/2007,1.6655,1.6746,1.6607,1.6731
10/12/2007,1.6676,1.6791,1.6607,1.6627
11/12/2007,1.6627,1.6844,1.6532,1.6779
12/12/2007,1.6779,1.6797,1.6491,1.6655
13/12/2007,1.6655,1.6735,1.6603,1.6705
14/12/2007,1.6705,1.6798,1.6635,1.6765
17/12/2007,1.6739,1.6816,1.6663,1.6797
18/12/2007,1.6797,1.6827,1.6683,1.6753
19/12/2007,1.6753,1.6779,1.668,1.6744
20/12/2007,1.6744,1.6762,1.665,1.6679
21/12/2007,1.6679,1.6698,1.6525,1.6581
24/12/2007,1.6597,1.66,1.6507,1.6515
25/12/2007,1.6515,1.6585,1.651,1.6535
26/12/2007,1.6535,1.6612,1.6519,1.6576
27/12/2007,1.6576,1.6696,1.6528,1.6661
28/12/2007,1.6661,1.6859,1.664,1.6802
31/12/2007,1.6792,1.6819,1.6596,1.6672
1/1/2008,1.6672,1.6707,1.6607,1.6656
2/1/2008,1.6656,1.6763,1.6604,1.6653
3/1/2008,1.6654,1.6801,1.6635,1.6756
4/1/2008,1.6756,1.6961,1.6676,1.6904
7/1/2008,1.6906,1.6951,1.6769,1.6839
8/1/2008,1.6839,1.6876,1.6637,1.6739
9/1/2008,1.6739,1.6741,1.6591,1.6601
10/1/2008,1.6601,1.6663,1.6481,1.653
11/1/2008,1.653,1.6602,1.648,1.6587
14/1/2008,1.6591,1.6657,1.6514,1.6528
15/1/2008,1.6528,1.6812,1.6485,1.6806
16/1/2008,1.6806,1.6899,1.6589,1.6656
17/1/2008,1.6656,1.6718,1.6519,1.6703
18/1/2008,1.6703,1.6799,1.6579,1.6632
21/1/2008,1.6627,1.6823,1.6542,1.678
22/1/2008,1.678,1.6948,1.674,1.6846
23/1/2008,1.6846,1.6954,1.6724,1.6756
24/1/2008,1.6756,1.6815,1.6704,1.6727
25/1/2008,1.6727,1.6763,1.663,1.6691
28/1/2008,1.6671,1.6796,1.6618,1.6624
29/1/2008,1.6624,1.6661,1.6581,1.6616
30/1/2008,1.6616,1.6693,1.6511,1.664
31/1/2008,1.664,1.6809,1.6531,1.6592
1/2/2008,1.6593,1.6616,1.6357,1.637
4/2/2008,1.6375,1.6414,1.6285,1.6329
5/2/2008,1.6329,1.64,1.621,1.6324
6/2/2008,1.6324,1.64,1.6278,1.6336
7/2/2008,1.6336,1.6435,1.614,1.6191
8/2/2008,1.6191,1.6248,1.6126,1.6197
11/2/2008,1.6184,1.6217,1.603,1.6068
12/2/2008,1.6068,1.6165,1.6001,1.615
13/2/2008,1.615,1.6322,1.6103,1.6258
14/2/2008,1.6258,1.6282,1.6114,1.6231
15/2/2008,1.6231,1.626,1.6136,1.6149
18/2/2008,1.6154,1.6217,1.6028,1.6042
19/2/2008,1.6042,1.605,1.5925,1.6024
20/2/2008,1.6024,1.6112,1.5985,1.6023
21/2/2008,1.6023,1.6142,1.5996,1.6124
22/2/2008,1.6124,1.614,1.6036,1.6047
25/2/2008,1.6059,1.6091,1.5983,1.5998
26/2/2008,1.5998,1.6067,1.5949,1.6035
27/2/2008,1.6035,1.6115,1.6,1.6056
28/2/2008,1.6057,1.6106,1.5986,1.601
29/2/2008,1.601,1.6324,1.6008,1.6305
3/3/2008,1.6317,1.6386,1.6121,1.6181
4/3/2008,1.6181,1.6494,1.6149,1.6404
5/3/2008,1.6404,1.646,1.6331,1.6331
6/3/2008,1.633,1.6634,1.6301,1.6598
7/3/2008,1.6598,1.6634,1.6437,1.6569
10/3/2008,1.6554,1.6777,1.6518,1.6741
11/3/2008,1.6741,1.6777,1.6491,1.6515
12/3/2008,1.6515,1.6692,1.6471,1.666
13/3/2008,1.666,1.6697,1.6472,1.651
14/3/2008,1.651,1.6746,1.649,1.6722
17/3/2008,1.6726,1.7261,1.6615,1.7066
18/3/2008,1.7066,1.7172,1.6822,1.6859
19/3/2008,1.6859,1.7131,1.6748,1.7093
20/3/2008,1.7093,1.7216,1.7017,1.7148
21/3/2008,1.7149,1.7197,1.7084,1.7108
24/3/2008,1.7113,1.7148,1.6933,1.7026
25/3/2008,1.7026,1.7111,1.694,1.7053
26/3/2008,1.7053,1.7268,1.7021,1.722
27/3/2008,1.7218,1.7254,1.7053,1.7174
28/3/2008,1.7174,1.7244,1.7086,1.7217
31/3/2008,1.7218,1.7428,1.72,1.729
1/4/2008,1.729,1.7332,1.7125,1.721
2/4/2008,1.721,1.7221,1.7091,1.7156
3/4/2008,1.7156,1.7176,1.6986,1.7118
4/4/2008,1.7118,1.7204,1.7022,1.7054
7/4/2008,1.7065,1.7097,1.6924,1.6969
8/4/2008,1.6969,1.7051,1.6856,1.6861
9/4/2008,1.686,1.7075,1.6835,1.705
10/4/2008,1.705,1.7052,1.6868,1.6891
11/4/2008,1.6891,1.7063,1.6878,1.7037
14/4/2008,1.6877,1.7182,1.6825,1.7081
15/4/2008,1.7081,1.7149,1.7016,1.7039
16/4/2008,1.7039,1.7123,1.6967,1.6971
17/4/2008,1.6971,1.7043,1.6929,1.6971
18/4/2008,1.6971,1.6998,1.6861,1.6921
21/4/2008,1.6977,1.6981,1.6788,1.6877
22/4/2008,1.6877,1.6942,1.6833,1.6927
23/4/2008,1.6927,1.6943,1.6729,1.6738
24/4/2008,1.6738,1.6783,1.662,1.6688
25/4/2008,1.6688,1.6791,1.6659,1.6746
28/4/2008,1.6747,1.6753,1.6632,1.6678
29/4/2008,1.6678,1.6771,1.6651,1.6676
30/4/2008,1.6677,1.6732,1.6495,1.6563
1/5/2008,1.6561,1.6668,1.6515,1.6577
2/5/2008,1.6577,1.6653,1.6431,1.6503
5/5/2008,1.65,1.6532,1.6342,1.6367
6/5/2008,1.6368,1.6458,1.633,1.6354
7/5/2008,1.6353,1.6381,1.628,1.6339
8/5/2008,1.6338,1.6408,1.6266,1.6312
9/5/2008,1.6312,1.648,1.6295,1.6408
12/5/2008,1.6411,1.648,1.6342,1.641
13/5/2008,1.6411,1.6476,1.6357,1.6453
14/5/2008,1.6454,1.6577,1.6407,1.6563
15/5/2008,1.6562,1.6635,1.6415,1.6426
16/5/2008,1.6427,1.6446,1.6267,1.6299
19/5/2008,1.6307,1.6364,1.6252,1.6268
20/5/2008,1.6268,1.6369,1.6185,1.6321
21/5/2008,1.6321,1.6417,1.6295,1.6411
22/5/2008,1.6413,1.6469,1.6345,1.6462
23/5/2008,1.6462,1.6462,1.6347,1.6432
26/5/2008,1.643,1.6456,1.6387,1.6411
27/5/2008,1.6411,1.6438,1.6344,1.637
28/5/2008,1.6372,1.6398,1.6234,1.624
29/5/2008,1.624,1.6299,1.6187,1.6243
30/5/2008,1.6243,1.6313,1.6196,1.6274
2/6/2008,1.6263,1.6337,1.6204,1.6265
3/6/2008,1.6264,1.6312,1.6178,1.6215
4/6/2008,1.6216,1.6286,1.6049,1.6127
5/6/2008,1.613,1.6281,1.6073,1.6264
6/6/2008,1.6264,1.6401,1.6217,1.639
9/6/2008,1.6392,1.6523,1.6379,1.6462
10/6/2008,1.6463,1.649,1.6305,1.6349
11/6/2008,1.635,1.6446,1.6331,1.6422
12/6/2008,1.6423,1.6531,1.638,1.6525
13/6/2008,1.6524,1.6525,1.6337,1.6381
16/6/2008,1.6374,1.6491,1.6363,1.6459
17/6/2008,1.6459,1.651,1.6409,1.6435
18/6/2008,1.6435,1.6488,1.639,1.6403
19/6/2008,1.6404,1.6475,1.6277,1.6302
20/6/2008,1.6301,1.6394,1.6297,1.637
23/6/2008,1.6371,1.6402,1.6286,1.6291
24/6/2008,1.629,1.6326,1.628,1.6295
25/6/2008,1.6295,1.6359,1.626,1.632
26/6/2008,1.6319,1.6498,1.6318,1.6486
27/6/2008,1.6486,1.6509,1.6345,1.6435
30/6/2008,1.6432,1.6473,1.6353,1.6435
1/7/2008,1.6436,1.6587,1.6418,1.6536
2/7/2008,1.6536,1.6586,1.6438,1.6511
3/7/2008,1.6511,1.6542,1.6332,1.6353
4/7/2008,1.6354,1.6364,1.6267,1.6303
7/7/2008,1.632,1.648,1.6259,1.6441
8/7/2008,1.644,1.6513,1.6404,1.6434
9/7/2008,1.6435,1.6537,1.6398,1.6452
10/7/2008,1.6453,1.6477,1.6336,1.6412
11/7/2008,1.6415,1.6504,1.6389,1.6495
14/7/2008,1.6496,1.6496,1.6335,1.637
15/7/2008,1.6371,1.6372,1.6219,1.6248
16/7/2008,1.6249,1.6308,1.6206,1.6237
17/7/2008,1.6236,1.6344,1.6219,1.6314
18/7/2008,1.6316,1.6339,1.6267,1.6333
21/7/2008,1.634,1.635,1.6235,1.6295
22/7/2008,1.6296,1.6337,1.6238,1.6251
23/7/2008,1.625,1.6344,1.6217,1.6318
24/7/2008,1.6318,1.6405,1.6282,1.6356
25/7/2008,1.6357,1.6442,1.634,1.6427
28/7/2008,1.6425,1.6478,1.6399,1.6452
29/7/2008,1.6451,1.6483,1.6358,1.636
30/7/2008,1.6361,1.6531,1.6359,1.6494
31/7/2008,1.6496,1.6612,1.6487,1.6559
1/8/2008,1.656,1.6752,1.6557,1.6752
4/8/2008,1.6749,1.6773,1.6691,1.676
5/8/2008,1.6762,1.6925,1.6725,1.6868
6/8/2008,1.6867,1.6991,1.6845,1.6964
7/8/2008,1.6963,1.6996,1.6874,1.6904
8/8/2008,1.6904,1.7045,1.6842,1.6885
11/8/2008,1.6888,1.695,1.6821,1.6867
12/8/2008,1.6867,1.7095,1.6858,1.7089
13/8/2008,1.7092,1.7359,1.7024,1.7063
14/8/2008,1.7063,1.7194,1.6975,1.6998
15/8/2008,1.6999,1.7125,1.6902,1.6956
18/8/2008,1.6957,1.6969,1.6831,1.6926
19/8/2008,1.6927,1.7002,1.6888,1.6949
20/8/2008,1.6948,1.6979,1.6868,1.6882
21/8/2008,1.6882,1.7048,1.6873,1.6915
22/8/2008,1.6916,1.7077,1.6903,1.7073
25/8/2008,1.7039,1.7102,1.7,1.71
26/8/2008,1.71,1.7211,1.7065,1.7122
27/8/2008,1.7122,1.7193,1.707,1.7148
28/8/2008,1.7147,1.7172,1.6997,1.7051
29/8/2008,1.7051,1.7148,1.7019,1.7106
1/9/2008,1.7096,1.7222,1.7096,1.7189
2/9/2008,1.7189,1.7502,1.708,1.7326
3/9/2008,1.7328,1.7534,1.7238,1.7343
4/9/2008,1.734,1.7445,1.7238,1.7411
5/9/2008,1.7412,1.7711,1.7372,1.7486
8/9/2008,1.7342,1.7442,1.7207,1.7306
9/9/2008,1.7307,1.7647,1.7299,1.7612
10/9/2008,1.7612,1.768,1.7398,1.7469
11/9/2008,1.747,1.76,1.7331,1.7339
12/9/2008,1.7339,1.7483,1.7242,1.7267
15/9/2008,1.7479,1.7752,1.7401,1.7658
16/9/2008,1.7619,1.8161,1.7601,1.7646
17/9/2008,1.7719,1.8142,1.7593,1.8101
18/9/2008,1.8182,1.826,1.7807,1.7829
19/9/2008,1.7834,1.7849,1.7312,1.7339
22/9/2008,1.7292,1.7525,1.7249,1.7505
23/9/2008,1.7508,1.7685,1.7449,1.7587
24/9/2008,1.7589,1.7659,1.7468,1.7528
25/9/2008,1.7529,1.7609,1.7461,1.7487
26/9/2008,1.7506,1.7681,1.7486,1.7586
29/9/2008,1.7538,1.8069,1.7407,1.7943
30/9/2008,1.7944,1.8104,1.7633,1.7784
1/10/2008,1.7784,1.7815,1.7621,1.7791
2/10/2008,1.7793,1.7919,1.7625,1.7888
3/10/2008,1.7889,1.7916,1.767,1.7793
6/10/2008,1.7818,1.9233,1.765,1.8698
7/10/2008,1.8698,1.9323,1.8509,1.9254
8/10/2008,1.9255,2.1135,1.9042,2.0559
9/10/2008,2.0553,2.0592,1.9194,1.9884
10/10/2008,1.9885,2.1018,1.9741,2.0843
13/10/2008,2.0989,2.1056,1.9397,1.9441
14/10/2008,1.9441,1.9633,1.8993,1.9539
15/10/2008,1.9539,2.0491,1.916,2.0406
16/10/2008,2.0408,2.0728,1.9476,1.948
17/10/2008,1.9479,1.996,1.923,1.9473
20/10/2008,1.9321,1.9478,1.8915,1.8945
21/10/2008,1.8943,1.9481,1.8905,1.9467
22/10/2008,1.9468,1.9468,1.8981,1.9099
23/10/2008,1.91,1.9704,1.901,1.9317
24/10/2008,1.9318,2.0735,1.9208,2.0289
27/10/2008,2.029,2.0876,2.0178,2.0778
28/10/2008,2.0777,2.0891,1.9639,1.9775
29/10/2008,1.977,2,1.905,1.9397
30/10/2008,1.9405,1.9573,1.89,1.8934
31/10/2008,1.8935,1.9374,1.8924,1.906
3/11/2008,1.9024,1.9221,1.8546,1.869
4/11/2008,1.869,1.9055,1.8503,1.8581
5/11/2008,1.8581,1.9043,1.853,1.9019
6/11/2008,1.9013,1.9206,1.8594,1.9105
7/11/2008,1.9105,1.9335,1.8785,1.8867
10/11/2008,1.8924,1.9146,1.85,1.9035
11/11/2008,1.9035,1.9358,1.8884,1.9062
12/11/2008,1.9062,1.9693,1.8922,1.9526
13/11/2008,1.9526,1.9665,1.9159,1.9172
14/11/2008,1.9173,1.9609,1.9106,1.9456
17/11/2008,1.9433,1.97,1.9309,1.9496
18/11/2008,1.9497,1.9649,1.9287,1.9339
19/11/2008,1.9339,1.9676,1.9309,1.9619
20/11/2008,1.9619,2.0565,1.952,2.0395
21/11/2008,2.0395,2.0463,1.9889,1.9914
24/11/2008,1.9908,2.0207,1.9692,1.9806
25/11/2008,1.9806,2.0289,1.9753,2.0121
26/11/2008,2.0121,2.0159,1.9683,1.9751
27/11/2008,1.9751,1.993,1.9501,1.9648
28/11/2008,1.9647,1.9727,1.9334,1.9389
1/12/2008,1.9615,1.9818,1.9414,1.9685
2/12/2008,1.9685,1.9888,1.9487,1.9787
3/12/2008,1.9787,1.9814,1.9543,1.9598
4/12/2008,1.9598,1.9935,1.9509,1.9835
5/12/2008,1.9835,2.012,1.9603,1.9684
8/12/2008,1.969,1.9717,1.9256,1.9501
9/12/2008,1.9501,1.977,1.9424,1.9625
10/12/2008,1.9625,1.9927,1.9507,1.9851
11/12/2008,1.9851,1.994,1.9591,1.9888
12/12/2008,1.9888,2.0453,1.9832,2.0126
15/12/2008,2.0122,2.0626,2.0105,2.0474
16/12/2008,2.0474,2.0554,2.0134,2.0178
17/12/2008,2.0178,2.0692,2.0134,2.049
18/12/2008,2.049,2.1032,2.0268,2.0736
19/12/2008,2.0736,2.0844,2.0257,2.0445
22/12/2008,2.0336,2.0595,2.0264,2.0384
23/12/2008,2.0383,2.0593,2.0355,2.0473
24/12/2008,2.0473,2.0664,2.0434,2.0509
25/12/2008,2.051,2.0838,2.0448,2.0542
26/12/2008,2.0536,2.0675,2.0435,2.0518
29/12/2008,2.0657,2.0706,2.0307,2.0321
30/12/2008,2.0322,2.0528,2.0308,2.0329
31/12/2008,2.0329,2.051,1.9629,1.9884
1/1/2009,1.9884,2.0142,1.9767,1.9908
2/1/2009,1.9909,2.0102,1.9494,1.9567
5/1/2009,1.9564,1.959,1.8895,1.901
6/1/2009,1.9011,1.9123,1.861,1.8714
7/1/2009,1.8712,1.92,1.8645,1.9146
8/1/2009,1.9146,1.9473,1.9124,1.9243
9/1/2009,1.9243,1.9499,1.9014,1.9139
12/1/2009,1.9197,1.9702,1.9118,1.9602
13/1/2009,1.9602,2.004,1.9597,1.984
14/1/2009,1.984,1.9995,1.9535,1.9948
15/1/2009,1.9946,2.0061,1.9667,1.9797
16/1/2009,1.9797,1.994,1.951,1.9708
19/1/2009,1.9697,1.9754,1.9489,1.9598
20/1/2009,1.96,1.9911,1.9418,1.9823
21/1/2009,1.9823,1.997,1.9575,1.9686
22/1/2009,1.9686,1.9949,1.9643,1.9835
23/1/2009,1.9835,1.9964,1.9606,1.9829
26/1/2009,1.9844,2.005,1.9669,1.9994
27/1/2009,1.9994,2.007,1.979,1.9901
28/1/2009,1.9901,1.9963,1.9612,1.9768
29/1/2009,1.9768,1.9992,1.9708,1.9863
30/1/2009,1.9863,2.0192,1.9836,2.0091
2/2/2009,2.0133,2.0391,2.0031,2.0337
3/2/2009,2.0337,2.0351,1.9895,2.0019
4/2/2009,2.0019,2.0394,1.9744,1.9948
5/2/2009,1.9948,2.0048,1.9535,1.9601
6/2/2009,1.9601,1.9739,1.9021,1.9149
9/2/2009,1.9124,1.944,1.9067,1.9169
10/2/2009,1.9169,1.9842,1.9114,1.9721
11/2/2009,1.972,1.9887,1.9577,1.9676
12/2/2009,1.9676,1.9861,1.9531,1.9718
13/2/2009,1.9718,1.9719,1.9395,1.9592
16/2/2009,1.9589,1.9743,1.9554,1.969
17/2/2009,1.969,1.986,1.9564,1.9814
18/2/2009,1.9814,1.9853,1.9614,1.9668
19/2/2009,1.9668,1.9713,1.9504,1.9689
20/2/2009,1.9689,1.9987,1.9561,1.9875
23/2/2009,1.9886,1.9952,1.9697,1.9781
24/2/2009,1.978,1.9866,1.964,1.9728
25/2/2009,1.9728,1.9799,1.9603,1.9664
26/2/2009,1.9664,1.9693,1.949,1.9683
27/2/2009,1.9683,1.9919,1.9639,1.9829
2/3/2009,1.9793,1.9993,1.9739,1.9964
3/3/2009,1.9964,1.9993,1.9559,1.9697
4/3/2009,1.9697,1.9833,1.9367,1.949
5/3/2009,1.949,1.9745,1.9458,1.9647
6/3/2009,1.9647,1.9907,1.9555,1.9759
9/3/2009,1.9746,2.0027,1.9716,1.9961
10/3/2009,1.9961,1.997,1.9621,1.9635
11/3/2009,1.9635,1.9785,1.9591,1.9682
12/3/2009,1.9681,1.9879,1.967,1.9721
13/3/2009,1.9722,1.9792,1.9553,1.9643
16/3/2009,1.9584,1.9723,1.9584,1.967
17/3/2009,1.967,1.976,1.9615,1.9666
18/3/2009,1.9666,2.0034,1.9651,1.9925
19/3/2009,1.9925,1.9973,1.9746,1.9945
20/3/2009,1.9945,1.9964,1.9612,1.9773
23/3/2009,1.9764,1.9776,1.9316,1.9332
24/3/2009,1.9332,1.9405,1.9239,1.9365
25/3/2009,1.9365,1.9586,1.9275,1.9466
26/3/2009,1.9466,1.9505,1.9225,1.9281
27/3/2009,1.9281,1.9449,1.9135,1.9143
30/3/2009,1.916,1.9468,1.9084,1.937
31/3/2009,1.937,1.9421,1.904,1.9169
1/4/2009,1.9169,1.9276,1.8911,1.8947
2/4/2009,1.8947,1.8988,1.8715,1.8821
3/4/2009,1.8821,1.9001,1.8656,1.8852
6/4/2009,1.8918,1.9,1.8777,1.8794
7/4/2009,1.8794,1.8943,1.8523,1.8669
8/4/2009,1.8667,1.8734,1.8597,1.87
9/4/2009,1.87,1.8765,1.8287,1.8308
10/4/2009,1.8307,1.8329,1.8217,1.8327
13/4/2009,1.8326,1.8366,1.8183,1.8269
14/4/2009,1.8269,1.8367,1.818,1.8317
15/4/2009,1.8317,1.8503,1.8131,1.8153
16/4/2009,1.8153,1.8412,1.8127,1.8296
17/4/2009,1.8296,1.833,1.8035,1.8057
20/4/2009,1.8055,1.8587,1.8002,1.8549
21/4/2009,1.8548,1.8549,1.8162,1.8194
22/4/2009,1.8195,1.8464,1.8188,1.8436
23/4/2009,1.8436,1.8473,1.8286,1.839
24/4/2009,1.839,1.8512,1.8299,1.831
27/4/2009,1.8292,1.8542,1.8281,1.8357
28/4/2009,1.8358,1.8618,1.8342,1.8618
29/4/2009,1.855700,1.856500,1.820400,1.823800
30/4/2009,1.829000,1.834800,1.798400,1.819100
1/5/2009,1.818100,1.827100,1.810100,1.817600
4/5/2009,1.812100,1.815900,1.799700,1.813000
5/5/2009,1.809400,1.812400,1.792500,1.796400
6/5/2009,1.800700,1.804900,1.774600,1.780400
7/5/2009,1.778200,1.780200,1.749900,1.778100
8/5/2009,1.772600,1.782800,1.763700,1.769400
11/5/2009,1.772400,1.791500,1.771600,1.787900
12/5/2009,1.789800,1.794100,1.780000,1.783700
13/5/2009,1.781500,1.805800,1.777800,1.804100
14/5/2009,1.798000,1.815000,1.791600,1.794300
15/5/2009,1.795700,1.803300,1.789800,1.800200
18/5/2009,1.796500,1.797100,1.770100,1.770800
19/5/2009,1.772000,1.773600,1.754000,1.755600
20/5/2009,1.760700,1.777800,1.759500,1.772200
21/5/2009,1.780200,1.793500,1.772700,1.792200
22/5/2009,1.780200,1.792900,1.778000,1.784800
25/5/2009,1.791000,1.799500,1.788700,1.792600
26/5/2009,1.793600,1.801300,1.778900,1.782100
27/5/2009,1.809400,1.812400,1.792500,1.796400
28/5/2009,1.776700,1.787800,1.769800,1.776600
29/5/2009,1.776800,1.778200,1.762600,1.769200
1/6/2009,1.764000,1.765200,1.744000,1.746900
2/6/2009,1.750000,1.754900,1.736300,1.741900
3/6/2009,1.745300,1.779800,1.728800,1.776100
4/6/2009,1.762200,1.784300,1.757000,1.766100
5/6/2009,1.770700,1.772300,1.744800,1.756400
8/6/2009,1.756400,1.770300,1.751300,1.763400
9/6/2009,1.758100,1.765000,1.749100,1.755700
10/6/2009,1.755300,1.757100,1.733600,1.744600
11/6/2009,1.740900,1.741600,1.714900,1.721200
12/6/2009,1.721900,1.733500,1.719800,1.720200
15/6/2009,1.729500,1.741900,1.725600,1.739700
16/6/2009,1.733600,1.751200,1.726200,1.739200
17/6/2009,1.749400,1.764100,1.740300,1.757000
18/6/2009,1.753800,1.760300,1.734400,1.735600
19/6/2009,1.739800,1.740600,1.723700,1.731700
22/6/2009,1.738100,1.758300,1.731500,1.758200
23/6/2009,1.766600,1.783600,1.765400,1.771500
24/6/2009,1.772000,1.774300,1.739700,1.748900
25/6/2009,1.749400,1.754400,1.742600,1.745100
26/6/2009,1.741100,1.750200,1.738600,1.742800
29/6/2009,1.744100,1.752900,1.740900,1.741800
30/6/2009,1.741000,1.743100,1.736600,1.741300
1/7/2009,1.741000,1.753100,1.736600,1.749600
3/7/2009,1.760700,1.761900,1.749900,1.753300
7/7/2009,1.754800,1.758000,1.746400,1.756800
8/7/2009,1.765700,1.791600,1.763400,1.788100
9/7/2009,1.787000,1.787700,1.785800,1.787600
10/7/2009,1.787000,1.797500,1.785200,1.792900
13/7/2009,1.789600,1.810500,1.786200,1.787900
14/7/2009,1.785900,1.788100,1.766100,1.767200
15/7/2009,1.759600,1.765800,1.752000,1.756100
16/7/2009,1.758000,1.766900,1.755300,1.757800
20/7/2009,1.757000,1.759000,1.742200,1.744400
21/7/2009,1.746500,1.751400,1.741000,1.745600
22/7/2009,1.741900,1.748100,1.735000,1.740200
23/7/2009,1.742000,1.742400,1.734600,1.739700
27/7/2009,1.739900,1.740300,1.729700,1.731000
28/7/2009,1.732400,1.734500,1.709700,1.713400
29/7/2009,1.716900,1.729400,1.713300,1.723100
30/7/2009,1.718500,1.722200,1.698700,1.703000
31/7/2009,1.707100,1.714400,1.703000,1.708100
4/8/2009,1.703700,1.716100,1.700300,1.709000
5/8/2009,1.709300,1.718000,1.705700,1.713700
8/9/2009,1.676400,1.683200,1.672300,1.681300
11/9/2009,1.691400,1.693400,1.684600,1.688900
14/9/2009,1.691200,1.702000,1.691200,1.698100
1/10/2009,1.659100,1.669600,1.651300,1.669300
7/10/2009,1.653700,1.656500,1.645200,1.652300
9/10/2009,1.634600,1.634800,1.625800,1.628400
13/10/2009,1.627800,1.639700,1.627100,1.636900
16/10/2009,1.617600,1.628500,1.613700,1.623500
2/11/2009,1.631400,1.640100,1.627100,1.637200
5/11/2009,1.631200,1.641500,1.630700,1.633000
10/11/2009,1.611800,1.617800,1.609300,1.611400
11/11/2009,1.611800,1.615500,1.609400,1.612100
24/11/2009,1.621500,1.633600,1.621200,1.627400
25/11/2009,1.621600,1.627600,1.617300,1.624600
26/11/2009,1.629400,1.648200,1.627400,1.641300
2/12/2009,1.630300,1.630600,1.623000,1.626500
3/12/2009,1.623700,1.631300,1.612200,1.626200
4/12/2009,1.626100,1.632800,1.617000,1.626900
8/12/2009,1.623700,1.627900,1.620400,1.626200
9/12/2009,1.625600,1.628900,1.619100,1.623300
11/12/2009,1.605500,1.612400,1.600400,1.604000
18/12/2009,1.618000,1.622200,1.608500,1.609800
22/12/2009,1.625500,1.629000,1.622000,1.625000
1/1/2010,1.599500,1.606600,1.592900,1.595200
11/1/2010,1.557600,1.565200,1.554900,1.560400
19/1/2010,1.554200,1.559500,1.543000,1.545600
20/1/2010,1.546800,1.554600,1.543100,1.552500
2/2/2010,0.000000,0.000000,0.000000,0.000000
4/2/2010,1.575300,1.579100,1.571200,1.577700
15/2/2010,1.535900,1.535900,1.528600,1.529900
16/2/2010,1.529800,1.530800,1.519800,1.520800
22/2/2010,1.512400,1.515900,1.509200,1.510500
24/2/2010,1.516400,1.527000,1.515100,1.515900
25/2/2010,1.512100,1.532300,1.511900,1.527400
1/3/2010,1.517100,1.519300,1.499000,1.507100
5/3/2010,1.508300,1.509900,1.495100,1.499900
11/3/2010,1.493000,1.497600,1.488700,1.493600
18/3/2010,1.488200,1.489800,1.476800,1.477200
25/3/2010,1.463400,1.466200,1.460100,1.463100
21/4/2010,1.444200,1.445900,1.436700,1.445100
7/5/2010,1.434000,1.436900,1.421700,1.434000
10/5/2010,1.435500,1.444000,1.419500,1.420300
12/5/2010,1.411000,1.421200,1.409600,1.416700
