8/5/2007,9.175,9.1979,9.1663,9.1924
9/5/2007,9.1909,9.2188,9.1899,9.2098
10/5/2007,9.2078,9.2456,9.1912,9.2354
11/5/2007,9.2331,9.2451,9.2172,9.2345
14/5/2007,9.2315,9.2365,9.2068,9.2091
15/5/2007,9.2103,9.2118,9.1836,9.1995
16/5/2007,9.2045,9.2174,9.1842,9.214
17/5/2007,9.211,9.2324,9.2015,9.2265
18/5/2007,9.2235,9.2334,9.1978,9.2087
21/5/2007,9.2185,9.2394,9.2115,9.233
22/5/2007,9.2284,9.2367,9.1816,9.191
23/5/2007,9.1874,9.2122,9.17,9.1968
24/5/2007,9.1937,9.2122,9.1828,9.199
25/5/2007,9.1963,9.2035,9.1855,9.1972
28/5/2007,9.1923,9.2193,9.1907,9.2129
29/5/2007,9.209,9.28,9.2032,9.2771
30/5/2007,9.2752,9.3173,9.2591,9.3138
31/5/2007,9.3105,9.318,9.2746,9.3061
1/6/2007,9.3042,9.3323,9.2887,9.3192
4/6/2007,9.318,9.3372,9.3104,9.3232
5/6/2007,9.322,9.3352,9.3126,9.3316
6/6/2007,9.3276,9.3457,9.3179,9.3285
7/6/2007,9.323,9.3316,9.3098,9.3196
8/6/2007,9.3166,9.354,9.3156,9.3371
11/6/2007,9.358,9.358,9.3282,9.3489
12/6/2007,9.3455,9.4167,9.3315,9.4144
13/6/2007,9.4109,9.442,9.3958,9.4004
14/6/2007,9.399,9.4387,9.3888,9.4379
15/6/2007,9.4403,9.4437,9.4036,9.4198
18/6/2007,9.4224,9.4462,9.411,9.4225
19/6/2007,9.4206,9.4397,9.4053,9.4155
20/6/2007,9.4169,9.4231,9.2525,9.2608
21/6/2007,9.2631,9.271,9.2257,9.2271
22/6/2007,9.2255,9.2559,9.2248,9.2443
25/6/2007,9.2767,9.2767,9.2163,9.263
26/6/2007,9.261,9.2884,9.2477,9.2791
27/6/2007,9.2753,9.3039,9.2501,9.2518
28/6/2007,9.2491,9.2568,9.2183,9.2273
29/6/2007,9.225,9.2747,9.225,9.2545
2/7/2007,9.2555,9.2762,9.1415,9.2525
3/7/2007,9.25,9.2565,9.2015,9.2065
4/7/2007,9.2032,9.2341,9.1525,9.1597
5/7/2007,9.1552,9.1639,9.1513,9.1544
6/7/2007,9.1514,9.1794,9.147,9.1688
9/7/2007,9.1576,9.1959,9.1576,9.1933
10/7/2007,9.1906,9.1981,9.1565,9.1775
11/7/2007,9.176,9.1852,9.1602,9.1649
12/7/2007,9.1602,9.1686,9.1406,9.1561
13/7/2007,9.1585,9.1733,9.1408,9.1593
16/7/2007,9.1523,9.1775,9.1312,9.1592
17/7/2007,9.1579,9.1757,9.1465,9.1635
18/7/2007,9.1601,9.1886,9.1601,9.1859
19/7/2007,9.1821,9.1873,9.1685,9.1726
20/7/2007,9.171,9.1863,9.1618,9.1715
23/7/2007,9.1858,9.1943,9.1673,9.1847
24/7/2007,9.1835,9.2242,9.1632,9.2084
25/7/2007,9.2051,9.2335,9.2051,9.2153
26/7/2007,9.2063,9.2629,9.2033,9.2619
27/7/2007,9.2654,9.2775,9.1828,9.1986
30/7/2007,9.2176,9.2618,9.1851,9.196
31/7/2007,9.203,9.2248,9.1798,9.2124
1/8/2007,9.2095,9.2794,9.205,9.2436
2/8/2007,9.2454,9.2487,9.2063,9.2105
3/8/2007,9.2126,9.2631,9.1999,9.262
6/8/2007,9.2603,9.2669,9.211,9.2207
7/8/2007,9.2257,9.2549,9.2015,9.2379
8/8/2007,9.2357,9.26,9.2237,9.2411
9/8/2007,9.2392,9.2845,9.2295,9.2743
10/8/2007,9.2694,9.3036,9.2638,9.2756
13/8/2007,9.28,9.3445,9.2662,9.3252
14/8/2007,9.3194,9.3567,9.308,9.3421
15/8/2007,9.3405,9.3803,9.3357,9.379
16/8/2007,9.375,9.4176,9.3655,9.3685
17/8/2007,9.3704,9.4268,9.2984,9.3396
20/8/2007,9.4397,9.4397,9.3088,9.358
21/8/2007,9.3622,9.3939,9.3398,9.389
22/8/2007,9.3927,9.3927,9.3587,9.3742
23/8/2007,9.3775,9.3899,9.3466,9.372
24/8/2007,9.3742,9.4148,9.3507,9.3587
27/8/2007,9.4497,9.4504,9.332,9.3793
28/8/2007,9.3819,9.3958,9.3585,9.3902
29/8/2007,9.3951,9.411,9.3645,9.3657
30/8/2007,9.3677,9.3942,9.3587,9.385
31/8/2007,9.3882,9.4011,9.3465,9.3962
3/9/2007,9.3835,9.4026,9.374,9.3971
4/9/2007,9.401,9.4147,9.3766,9.3954
5/9/2007,9.3967,9.4036,9.3855,9.3891
6/9/2007,9.3934,9.3944,9.3301,9.3436
7/9/2007,9.342,9.3678,9.3079,9.3596
10/9/2007,9.3585,9.3974,9.3476,9.3513
11/9/2007,9.3491,9.3765,9.3168,9.3282
12/9/2007,9.3263,9.3379,9.2707,9.2726
13/9/2007,9.2743,9.2991,9.2551,9.2566
14/9/2007,9.259,9.2824,9.2566,9.2651
17/9/2007,9.2541,9.2983,9.2495,9.2881
18/9/2007,9.2924,9.3073,9.2557,9.2597
19/9/2007,9.2635,9.2681,9.2157,9.2163
20/9/2007,9.2178,9.2277,9.2025,9.2101
21/9/2007,9.2056,9.2267,9.1764,9.1884
24/9/2007,9.1792,9.1991,9.1657,9.178
25/9/2007,9.1767,9.2202,9.1727,9.1964
26/9/2007,9.1941,9.2427,9.1941,9.2377
27/9/2007,9.2404,9.2704,9.2147,9.2205
28/9/2007,9.2239,9.2239,9.1835,9.1852
1/10/2007,9.2058,9.2058,9.1713,9.1782
2/10/2007,9.1845,9.2362,9.1745,9.2277
3/10/2007,9.2249,9.229,9.1763,9.1952
4/10/2007,9.2035,9.2087,9.1717,9.199
5/10/2007,9.196,9.2097,9.1377,9.1517
8/10/2007,9.1535,9.1699,9.1406,9.1674
9/10/2007,9.1695,9.179,9.1548,9.1586
10/10/2007,9.1568,9.1685,9.1322,9.1371
11/10/2007,9.1393,9.147,9.1018,9.1238
12/10/2007,9.1265,9.1276,9.1016,9.1027
15/10/2007,9.0717,9.1322,9.0717,9.1277
16/10/2007,9.1301,9.1684,9.1187,9.147
17/10/2007,9.1486,9.1648,9.1408,9.1525
18/10/2007,9.1489,9.1792,9.1444,9.1682
19/10/2007,9.1705,9.1832,9.1537,9.1745
22/10/2007,9.1808,9.2208,9.1629,9.2012
23/10/2007,9.2002,9.2188,9.1777,9.1869
24/10/2007,9.1948,9.2354,9.1753,9.2226
25/10/2007,9.2203,9.228,9.1916,9.2138
26/10/2007,9.2057,9.2241,9.1762,9.1842
29/10/2007,9.2031,9.2196,9.175,9.2122
30/10/2007,9.2164,9.2304,9.1664,9.1985
31/10/2007,9.2,9.2341,9.1874,9.2006
1/11/2007,9.2031,9.271,9.1904,9.27
2/11/2007,9.2715,9.2854,9.2324,9.2557
5/11/2007,9.2585,9.2831,9.2484,9.2805
6/11/2007,9.2777,9.2831,9.2426,9.243
7/11/2007,9.2442,9.2696,9.215,9.2519
8/11/2007,9.2491,9.2762,9.2361,9.2509
9/11/2007,9.2493,9.3131,9.2425,9.2657
12/11/2007,9.253,9.3432,9.2505,9.2828
13/11/2007,9.2863,9.2984,9.2448,9.2465
14/11/2007,9.2491,9.2513,9.2112,9.2276
15/11/2007,9.2222,9.2762,9.1993,9.2733
16/11/2007,9.2757,9.3027,9.241,9.2542
19/11/2007,9.2615,9.2876,9.2518,9.2771
20/11/2007,9.2789,9.2996,9.2644,9.2979
21/11/2007,9.2996,9.3448,9.2884,9.3183
22/11/2007,9.3205,9.3452,9.3095,9.3197
23/11/2007,9.324,9.342,9.283,9.2853
26/11/2007,9.2827,9.2976,9.2654,9.271
27/11/2007,9.2737,9.3419,9.2503,9.3102
28/11/2007,9.306,9.3755,9.306,9.3621
29/11/2007,9.364,9.3941,9.3388,9.3905
30/11/2007,9.3924,9.3967,9.3387,9.363
3/12/2007,9.335,9.4026,9.335,9.4021
4/12/2007,9.4021,9.4412,9.3651,9.3721
5/12/2007,9.3718,9.4055,9.3647,9.3967
6/12/2007,9.3967,9.4054,9.3746,9.377
7/12/2007,9.377,9.413,9.3708,9.3988
10/12/2007,9.3923,9.4408,9.3838,9.4265
11/12/2007,9.4265,9.4755,9.3757,9.4661
12/12/2007,9.4661,9.4705,9.4094,9.4339
13/12/2007,9.4339,9.4557,9.4194,9.42
14/12/2007,9.42,9.4447,9.382,9.4006
17/12/2007,9.3953,9.4613,9.3862,9.4522
18/12/2007,9.4522,9.4694,9.4235,9.4442
19/12/2007,9.4442,9.4946,9.4376,9.4561
20/12/2007,9.4561,9.4707,9.4391,9.4527
21/12/2007,9.4527,9.4886,9.4326,9.4669
24/12/2007,9.462,9.5156,9.4475,9.4823
25/12/2007,9.483,9.5095,9.4299,9.487
26/12/2007,9.4791,9.4985,9.441,9.4501
27/12/2007,9.4506,9.479,9.4437,9.4711
28/12/2007,9.4711,9.481,9.423,9.4243
31/12/2007,9.4234,9.4524,9.4106,9.4359
1/1/2008,9.4362,9.453,9.417,9.4333
2/1/2008,9.4333,9.4443,9.4017,9.4196
3/1/2008,9.4196,9.4333,9.351,9.3514
4/1/2008,9.3518,9.3846,9.3506,9.3775
7/1/2008,9.3785,9.3992,9.3605,9.3796
8/1/2008,9.3796,9.4086,9.3625,9.4052
9/1/2008,9.4052,9.4401,9.3935,9.4124
10/1/2008,9.4123,9.4247,9.3611,9.3751
11/1/2008,9.3751,9.4052,9.3617,9.3915
14/1/2008,9.3907,9.4686,9.3703,9.3773
15/1/2008,9.3773,9.4297,9.3611,9.4257
16/1/2008,9.4257,9.446,9.4034,9.4236
17/1/2008,9.4236,9.4381,9.3985,9.4317
18/1/2008,9.4317,9.4507,9.4135,9.4198
21/1/2008,9.424,9.4926,9.4102,9.4817
22/1/2008,9.4817,9.5549,9.4727,9.4772
23/1/2008,9.4766,9.536,9.4713,9.4876
24/1/2008,9.4876,9.5048,9.4585,9.4655
25/1/2008,9.4655,9.4939,9.4363,9.4938
28/1/2008,9.4812,9.5138,9.4529,9.4559
29/1/2008,9.4559,9.4665,9.4381,9.4475
30/1/2008,9.4467,9.4612,9.4016,9.4253
31/1/2008,9.4253,9.4863,9.4229,9.4667
1/2/2008,9.4666,9.4766,9.4157,9.4283
4/2/2008,9.444,9.444,9.3841,9.4009
5/2/2008,9.4009,9.4544,9.373,9.4511
6/2/2008,9.4515,9.4714,9.4037,9.4166
7/2/2008,9.4166,9.4547,9.399,9.432
8/2/2008,9.432,9.4466,9.3964,9.4239
11/2/2008,9.4173,9.4443,9.4059,9.4152
12/2/2008,9.4152,9.4247,9.3876,9.4047
13/2/2008,9.4041,9.4238,9.3342,9.3414
14/2/2008,9.3413,9.3483,9.315,9.3354
15/2/2008,9.3346,9.3398,9.2972,9.2982
18/2/2008,9.3015,9.322,9.2826,9.3139
19/2/2008,9.3142,9.3455,9.3001,9.3128
20/2/2008,9.3129,9.3389,9.3033,9.3067
21/2/2008,9.3071,9.324,9.2975,9.3054
22/2/2008,9.3054,9.3288,9.3007,9.302
25/2/2008,9.3118,9.3219,9.2973,9.3107
26/2/2008,9.3107,9.3278,9.2811,9.306
27/2/2008,9.3049,9.3646,9.2941,9.3621
28/2/2008,9.3621,9.387,9.3532,9.3675
29/2/2008,9.3675,9.4012,9.3469,9.3614
3/3/2008,9.3568,9.3809,9.3457,9.3505
4/3/2008,9.351,9.3764,9.3444,9.3529
5/3/2008,9.3528,9.3697,9.3463,9.3481
6/3/2008,9.3481,9.3972,9.3342,9.3947
7/3/2008,9.3947,9.4112,9.367,9.4062
10/3/2008,9.4,9.4095,9.3905,9.4024
11/3/2008,9.4024,9.4137,9.3736,9.3868
12/3/2008,9.3868,9.438,9.382,9.4302
13/3/2008,9.4302,9.4561,9.4188,9.4254
14/3/2008,9.4255,9.4653,9.4211,9.4556
17/3/2008,9.4535,9.4877,9.4535,9.4717
18/3/2008,9.4696,9.4868,9.4197,9.4252
19/3/2008,9.4252,9.4416,9.3828,9.3995
20/3/2008,9.3994,9.4395,9.389,9.416
21/3/2008,9.416,9.4449,9.4112,9.4222
24/3/2008,9.4229,9.4482,9.4143,9.4317
25/3/2008,9.4317,9.4549,9.3955,9.4126
26/3/2008,9.4126,9.4272,9.3864,9.4267
27/3/2008,9.4267,9.4301,9.3879,9.3993
28/3/2008,9.3993,9.4059,9.3659,9.403
31/3/2008,9.4042,9.4043,9.3625,9.3818
1/4/2008,9.3816,9.4114,9.3748,9.399
2/4/2008,9.399,9.4,9.3542,9.3664
3/4/2008,9.3664,9.3705,9.3344,9.3657
4/4/2008,9.3657,9.3869,9.3489,9.3713
7/4/2008,9.3758,9.3789,9.3522,9.3684
8/4/2008,9.3684,9.3762,9.3537,9.3687
9/4/2008,9.3687,9.3917,9.357,9.3899
10/4/2008,9.3895,9.4007,9.3774,9.3923
11/4/2008,9.3928,9.428,9.372,9.4251
14/4/2008,9.4211,9.4298,9.3722,9.4009
15/4/2008,9.4009,9.4207,9.3949,9.403
16/4/2008,9.403,9.4071,9.3797,9.389
17/4/2008,9.3891,9.4269,9.3779,9.4212
18/4/2008,9.421,9.4283,9.3888,9.4111
21/4/2008,9.4083,9.4187,9.3619,9.3765
22/4/2008,9.3765,9.379,9.3393,9.3407
23/4/2008,9.3398,9.3468,9.3004,9.3302
24/4/2008,9.3311,9.3383,9.2896,9.3236
25/4/2008,9.3236,9.3664,9.3124,9.3508
28/4/2008,9.3501,9.3678,9.3389,9.362
29/4/2008,9.362,9.372,9.3442,9.3602
30/4/2008,9.3606,9.3748,9.3218,9.3502
1/5/2008,9.3479,9.3601,9.3255,9.3535
2/5/2008,9.3531,9.3731,9.3335,9.3613
5/5/2008,9.3598,9.3692,9.3391,9.3666
6/5/2008,9.3666,9.3684,9.3233,9.3335
7/5/2008,9.3341,9.3472,9.289,9.3249
8/5/2008,9.3252,9.3336,9.2887,9.2917
9/5/2008,9.2921,9.3048,9.2709,9.2727
12/5/2008,9.2738,9.298,9.2685,9.2836
13/5/2008,9.2853,9.3021,9.2716,9.2972
14/5/2008,9.297,9.3193,9.287,9.3131
15/5/2008,9.3134,9.3502,9.309,9.3211
16/5/2008,9.3212,9.3482,9.3059,9.3172
19/5/2008,9.3213,9.3256,9.2774,9.2922
20/5/2008,9.2924,9.3063,9.2533,9.2967
21/5/2008,9.2973,9.3284,9.2874,9.316
22/5/2008,9.3152,9.3297,9.2984,9.3062
23/5/2008,9.3069,9.3167,9.2957,9.3057
26/5/2008,9.3035,9.3232,9.297,9.3177
27/5/2008,9.3177,9.3321,9.2778,9.3066
28/5/2008,9.3064,9.3535,9.2987,9.3485
29/5/2008,9.3489,9.3491,9.3134,9.3221
30/5/2008,9.3223,9.3536,9.3178,9.3385
2/6/2008,9.3332,9.3874,9.3284,9.3824
3/6/2008,9.3838,9.3843,9.3259,9.3327
4/6/2008,9.3325,9.353,9.3184,9.3285
5/6/2008,9.3287,9.3449,9.3025,9.3214
6/6/2008,9.3205,9.337,9.3103,9.3303
9/6/2008,9.3308,9.3671,9.3203,9.342
10/6/2008,9.3413,9.3736,9.3014,9.3721
11/6/2008,9.3725,9.389,9.3466,9.3779
12/6/2008,9.3783,9.3953,9.3609,9.3808
13/6/2008,9.3811,9.3885,9.3599,9.362
16/6/2008,9.3573,9.3751,9.3307,9.3316
17/6/2008,9.3315,9.3799,9.3308,9.3795
18/6/2008,9.3793,9.3964,9.3666,9.3887
19/6/2008,9.3891,9.4132,9.3786,9.3924
20/6/2008,9.3919,9.4172,9.3853,9.4138
23/6/2008,9.4141,9.4167,9.3805,9.3995
24/6/2008,9.3996,9.4195,9.391,9.4183
25/6/2008,9.4182,9.4258,9.3942,9.4032
26/6/2008,9.4032,9.4184,9.3991,9.4092
27/6/2008,9.4104,9.4425,9.4023,9.4356
30/6/2008,9.4329,9.4887,9.4125,9.4738
1/7/2008,9.4743,9.4839,9.4411,9.4442
2/7/2008,9.4445,9.4864,9.4395,9.4848
3/7/2008,9.4848,9.486,9.3986,9.4133
4/7/2008,9.4134,9.4249,9.3795,9.3862
7/7/2008,9.3856,9.4142,9.3772,9.4078
8/7/2008,9.4078,9.4417,9.4061,9.417
9/7/2008,9.417,9.4676,9.415,9.458
10/7/2008,9.4579,9.4769,9.4286,9.4611
11/7/2008,9.4606,9.4847,9.4548,9.479
14/7/2008,9.4779,9.497,9.46,9.4953
15/7/2008,9.4952,9.5144,9.477,9.4843
16/7/2008,9.4844,9.5398,9.4753,9.5093
17/7/2008,9.5094,9.5185,9.4577,9.4603
18/7/2008,9.46,9.4927,9.4363,9.4449
21/7/2008,9.4533,9.4612,9.4318,9.4514
22/7/2008,9.4514,9.482,9.4413,9.4579
23/7/2008,9.4581,9.4797,9.4473,9.4619
24/7/2008,9.462,9.4742,9.4535,9.471
25/7/2008,9.4713,9.4875,9.4566,9.4725
28/7/2008,9.4629,9.4697,9.4476,9.4627
29/7/2008,9.4628,9.4834,9.4438,9.4654
30/7/2008,9.4655,9.472,9.4354,9.4389
31/7/2008,9.4388,9.4703,9.4303,9.4413
1/8/2008,9.4418,9.4753,9.4085,9.473
4/8/2008,9.4714,9.4797,9.4466,9.4593
5/8/2008,9.4595,9.4645,9.4443,9.4537
6/8/2008,9.4537,9.4573,9.4103,9.42
7/8/2008,9.42,9.4266,9.3828,9.3835
8/8/2008,9.3836,9.4091,9.3817,9.4024
11/8/2008,9.4028,9.4177,9.3806,9.3909
12/8/2008,9.3909,9.399,9.3852,9.392
13/8/2008,9.3921,9.401,9.3588,9.3743
14/8/2008,9.3742,9.3847,9.359,9.3648
15/8/2008,9.3649,9.3727,9.3417,9.3573
18/8/2008,9.3502,9.3666,9.3438,9.366
19/8/2008,9.3658,9.409,9.3528,9.4062
20/8/2008,9.4055,9.4125,9.3832,9.3886
21/8/2008,9.3883,9.3972,9.3559,9.3568
22/8/2008,9.3569,9.3861,9.3505,9.3516
25/8/2008,9.3575,9.3694,9.3468,9.3694
26/8/2008,9.3693,9.3816,9.3606,9.379
27/8/2008,9.379,9.4129,9.3704,9.3989
28/8/2008,9.3988,9.4424,9.3897,9.4225
29/8/2008,9.4224,9.4679,9.4191,9.4618
1/9/2008,9.4575,9.4745,9.4516,9.4578
2/9/2008,9.4577,9.4706,9.4433,9.4511
3/9/2008,9.4512,9.4899,9.4487,9.4792
4/9/2008,9.4791,9.5111,9.4542,9.4832
5/9/2008,9.4835,9.4955,9.4621,9.4653
8/9/2008,9.464,9.477,9.4319,9.4527
9/9/2008,9.4527,9.5308,9.4494,9.5289
10/9/2008,9.5289,9.537,9.4949,9.5058
11/9/2008,9.5062,9.5485,9.496,9.528
12/9/2008,9.5279,9.5386,9.5108,9.5271
15/9/2008,9.5137,9.6325,9.5063,9.628
16/9/2008,9.6276,9.6724,9.606,9.6295
17/9/2008,9.6297,9.6483,9.5782,9.6224
18/9/2008,9.6223,9.651,9.5851,9.5871
19/9/2008,9.5874,9.5976,9.5166,9.5578
22/9/2008,9.5573,9.6039,9.5166,9.5974
23/9/2008,9.5975,9.6443,9.5592,9.6318
24/9/2008,9.6318,9.6809,9.5915,9.67
25/9/2008,9.6699,9.6884,9.6379,9.6455
26/9/2008,9.6457,9.7029,9.637,9.684
29/9/2008,9.6834,9.798,9.6771,9.7924
30/9/2008,9.7925,9.8137,9.7447,9.7569
1/10/2008,9.7514,9.7687,9.7064,9.7463
2/10/2008,9.7463,9.7682,9.6873,9.7042
3/10/2008,9.7044,9.7268,9.6919,9.7225
6/10/2008,9.7208,9.7942,9.7142,9.7299
7/10/2008,9.7299,9.7515,9.6196,9.6979
8/10/2008,9.6981,9.7497,9.6466,9.6734
9/10/2008,9.6738,9.6987,9.635,9.6907
10/10/2008,9.6908,9.7433,9.6027,9.6655
13/10/2008,9.6456,9.7245,9.5883,9.6938
14/10/2008,9.6953,9.8085,9.662,9.8028
15/10/2008,9.8028,10.0895,9.7768,10.0602
16/10/2008,10.0602,10.1946,9.9099,10.0074
17/10/2008,10.0073,10.1017,9.9277,9.9478
20/10/2008,9.946,10.016,9.8226,9.9462
21/10/2008,9.9462,10.1722,9.9091,10.1561
22/10/2008,10.1561,10.1595,10.0202,10.061
23/10/2008,10.0681,10.1274,9.8923,9.91
24/10/2008,9.9101,10.09,9.9021,10.0175
27/10/2008,10.0178,10.1136,9.958,10.0012
28/10/2008,10.0004,10.0727,9.9201,9.9337
29/10/2008,9.9321,9.9444,9.8089,9.8526
30/10/2008,9.8531,9.9304,9.7608,9.8162
31/10/2008,9.8177,9.9446,9.805,9.8855
3/11/2008,9.8696,9.8862,9.8242,9.8451
4/11/2008,9.8419,9.9255,9.8308,9.8864
5/11/2008,9.8864,10.0876,9.8767,10.0836
6/11/2008,10.0836,10.1097,9.9411,10.0709
7/11/2008,10.0709,10.0874,9.988,10.0675
10/11/2008,10.0582,10.0745,9.953,10.0065
11/11/2008,10.0068,10.1275,9.9562,10.1153
12/11/2008,10.1149,10.1734,10.0454,10.1054
13/11/2008,10.1089,10.1675,9.9995,10.0093
14/11/2008,10.0124,10.0469,9.9618,10.0425
17/11/2008,10.0282,10.1441,9.9863,10.1411
18/11/2008,10.141,10.2062,10.1098,10.1385
19/11/2008,10.1388,10.2602,10.1213,10.2442
20/11/2008,10.2442,10.3871,10.2024,10.3809
21/11/2008,10.3788,10.6823,10.2525,10.5243
24/11/2008,10.5363,10.6075,10.2451,10.2993
25/11/2008,10.2993,10.3869,10.2047,10.3102
26/11/2008,10.3102,10.3945,10.257,10.3333
27/11/2008,10.3333,10.3447,10.2361,10.2705
28/11/2008,10.2705,10.347,10.2515,10.2806
1/12/2008,10.2962,10.5313,10.2564,10.4955
2/12/2008,10.4956,10.573,10.3557,10.4344
3/12/2008,10.4355,10.5177,10.3671,10.416
4/12/2008,10.416,10.6229,10.3989,10.5611
5/12/2008,10.5611,10.7975,10.54,10.595
8/12/2008,10.601,10.6309,10.3657,10.4232
9/12/2008,10.4218,10.6075,10.4014,10.5875
10/12/2008,10.5878,10.6476,10.5217,10.6103
11/12/2008,10.6063,10.6364,10.5526,10.5944
12/12/2008,10.5941,10.8132,10.5875,10.7321
15/12/2008,10.753,11.0189,10.6806,10.9912
16/12/2008,10.9912,11.2542,10.8966,11.1416
17/12/2008,11.1382,11.1733,10.9221,10.973
18/12/2008,10.973,11.1959,10.8661,11.009
19/12/2008,11.0139,11.0316,10.802,10.8363
22/12/2008,10.8518,11.0422,10.8239,11.0222
23/12/2008,11.0222,11.2629,10.9382,11.1671
24/12/2008,11.1671,11.4065,11.1192,11.1991
25/12/2008,11.1991,11.2295,11.0968,11.1101
26/12/2008,11.1101,11.3423,11.1041,11.2041
29/12/2008,11.2287,11.2313,10.9667,10.9938
30/12/2008,10.9938,11.0212,10.9071,10.915
31/12/2008,10.915,11.0016,10.8268,10.9448
1/1/2009,10.9448,10.964,10.8,10.925
2/1/2009,10.925,10.9466,10.7101,10.7163
5/1/2009,10.705,10.8,10.6525,10.7135
6/1/2009,10.7135,10.7486,10.5405,10.615
7/1/2009,10.6147,10.6873,10.569,10.6841
8/1/2009,10.6835,10.7976,10.6518,10.6574
9/1/2009,10.6578,10.7598,10.6325,10.6746
12/1/2009,10.6728,10.8319,10.6617,10.7544
13/1/2009,10.7544,10.9626,10.7498,10.931
14/1/2009,10.931,11.115,10.8368,11.0787
15/1/2009,11.0787,11.1896,10.8254,10.8329
16/1/2009,10.8312,10.9233,10.7245,10.83
19/1/2009,10.8397,10.8969,10.692,10.866
20/1/2009,10.866,10.9668,10.8441,10.885
21/1/2009,10.885,10.9006,10.6393,10.6606
22/1/2009,10.6606,10.7571,10.5421,10.72
23/1/2009,10.72,10.7688,10.5823,10.6109
26/1/2009,10.6179,10.6414,10.4937,10.5413
27/1/2009,10.5447,10.6814,10.4139,10.6397
28/1/2009,10.6397,10.649,10.5237,10.557
29/1/2009,10.557,10.6274,10.5156,10.5925
30/1/2009,10.5925,10.7298,10.584,10.6887
2/2/2009,10.6724,10.768,10.6191,10.7378
3/2/2009,10.738,10.7961,10.6601,10.7025
4/2/2009,10.7025,10.7377,10.6266,10.667
5/2/2009,10.667,10.6855,10.5603,10.6098
6/2/2009,10.6142,10.6283,10.4722,10.4764
9/2/2009,10.4572,10.5447,10.4258,10.4674
10/2/2009,10.4674,10.6657,10.4536,10.6515
11/2/2009,10.6515,10.8591,10.6219,10.76
12/2/2009,10.76,10.8483,10.7537,10.7767
13/2/2009,10.7767,10.8307,10.7395,10.799
16/2/2009,10.7906,10.967,10.7703,10.9376
17/2/2009,10.9371,11.1431,10.9211,11.1404
18/2/2009,11.1404,11.1686,10.9588,10.9935
19/2/2009,10.9935,11.09,10.8608,11.0532
20/2/2009,11.0532,11.2169,11.011,11.2112
23/2/2009,11.228,11.2744,11.1051,11.2595
24/2/2009,11.2595,11.4424,11.2222,11.3186
25/2/2009,11.3204,11.3994,11.2356,11.3958
26/2/2009,11.3959,11.4654,11.2777,11.4543
27/2/2009,11.4543,11.4953,11.3785,11.4223
2/3/2009,11.3951,11.6194,11.3937,11.6161
3/3/2009,11.616,11.6616,11.4659,11.6154
4/3/2009,11.6201,11.6301,11.4024,11.4098
5/3/2009,11.4098,11.6919,11.3856,11.6838
6/3/2009,11.6838,11.7896,11.6091,11.6353
9/3/2009,11.6376,11.6527,11.4857,11.6082
10/3/2009,11.6082,11.631,11.2525,11.2668
11/3/2009,11.2668,11.3091,11.1987,11.22
12/3/2009,11.2222,11.3222,11.1045,11.1175
13/3/2009,11.1175,11.165,11.0299,11.1427
16/3/2009,11.1164,11.1893,10.9644,11.0714
17/3/2009,11.0714,11.0833,10.9648,10.985
18/3/2009,10.985,11.0027,10.8588,10.878
19/3/2009,10.878,10.9598,10.8428,10.8963
20/3/2009,10.8865,11.1497,10.8739,11.0732
23/3/2009,11.0843,11.0843,10.8572,10.87
24/3/2009,10.87,10.9845,10.8282,10.9462
25/3/2009,10.9463,11.0188,10.8846,10.9838
26/3/2009,10.9838,11.0055,10.847,10.8533
27/3/2009,10.8533,10.9249,10.7631,10.8904
30/3/2009,10.904,11.0155,10.8388,10.9726
31/3/2009,10.9726,11.008,10.9038,10.9287
1/4/2009,10.9287,10.9745,10.8297,10.8316
2/4/2009,10.8337,10.8834,10.7795,10.8027
3/4/2009,10.8025,10.861,10.7149,10.7275
6/4/2009,10.717,10.801,10.659,10.7668
7/4/2009,10.7668,10.9152,10.7558,10.8622
8/4/2009,10.8622,10.9842,10.8533,10.9509
9/4/2009,10.9516,10.9853,10.8389,10.8851
10/4/2009,10.8851,10.9107,10.8657,10.8736
13/4/2009,10.8727,10.9285,10.8474,10.9123
14/4/2009,10.9123,10.9367,10.8082,10.844
15/4/2009,10.844,10.9668,10.8239,10.9158
16/4/2009,10.9158,10.9904,10.8657,10.9522
17/4/2009,10.9522,11.0752,10.9245,11.0235
20/4/2009,11.0264,11.2424,10.9242,11.2362
21/4/2009,11.2361,11.2909,11.0538,11.0601
22/4/2009,11.0601,11.0829,10.919,10.9745
23/4/2009,10.9649,11.0276,10.8647,10.8703
24/4/2009,10.87,10.8897,10.7294,10.7488
27/4/2009,10.7441,10.8192,10.6508,10.6557
28/4/2009,10.6557,10.7604,10.6288,10.72
29/4/2009,10.72,10.7783,10.6593,10.6933
30/4/2009,10.6933,10.7376,10.5685,10.6468
1/5/2009,10.6469,10.7091,10.6137,10.6679
4/5/2009,10.6631,10.6982,10.555,10.5866
5/5/2009,10.5866,10.6404,10.5581,10.5972
6/5/2009,10.5972,10.6663,10.5234,10.5364
7/5/2009,10.5364,10.5729,10.4314,10.562
8/5/2009,10.562,10.569,10.493,10.5155
11/5/2009,10.427000,10.614000,10.417000,10.600000
12/5/2009,10.634000,10.675000,10.583000,10.653000
13/5/2009,10.634000,10.746000,10.568000,10.731000
14/5/2009,10.783000,10.821000,10.674000,10.684000
15/5/2009,10.715000,10.741000,10.600000,10.677000
18/5/2009,10.703000,10.711000,10.474000,10.477000
19/5/2009,10.568000,10.614000,10.565000,10.590000
20/5/2009,10.453000,10.515000,10.385000,10.458000
21/5/2009,10.458000,10.533000,10.419000,10.439000
22/5/2009,10.458000,10.551000,10.400000,10.446000
25/5/2009,10.453000,10.506000,10.432000,10.493000
26/5/2009,10.486000,10.621000,10.483000,10.569000
27/5/2009,10.557000,10.714000,10.526000,10.663000
28/5/2009,10.693000,10.849000,10.679000,10.730000
29/5/2009,10.705000,10.808000,10.646000,10.728000
1/6/2009,10.701000,10.716000,10.463000,10.486000
2/6/2009,10.517000,10.745000,10.492000,10.702000
3/6/2009,10.718000,10.930000,10.666000,10.918000
4/6/2009,10.899000,10.989000,10.773000,10.821000
8/6/2009,10.891000,10.983000,10.833000,10.921000
9/6/2009,10.907000,10.936000,10.783000,10.807000
10/6/2009,10.746000,10.820000,10.695000,10.790000
11/6/2009,10.792000,10.826000,10.726000,10.753000
12/6/2009,10.720000,10.779000,10.688000,10.733000
15/6/2009,10.788000,10.898000,10.764000,10.859000
16/6/2009,10.843000,10.894000,10.808000,10.845000
17/6/2009,10.846000,11.016000,10.808000,10.940000
18/6/2009,10.936000,11.042000,10.936000,10.995000
19/6/2009,11.009000,11.038000,10.926000,11.022000
22/6/2009,11.036000,11.109000,11.020000,11.066000
23/6/2009,11.102000,11.159000,11.085000,11.106000
24/6/2009,11.111000,11.118000,10.953000,11.053000
25/6/2009,11.035000,11.121000,10.970000,11.068000
26/6/2009,11.052000,11.073000,10.910000,10.945000
29/6/2009,10.962000,10.984000,10.821000,10.831000
30/6/2009,10.824000,10.833000,10.814000,10.816000
1/7/2009,10.824000,10.833000,10.687000,10.723000
3/7/2009,10.899000,10.964000,10.861000,10.874000
7/7/2009,10.923000,11.048000,10.901000,11.035000
8/7/2009,11.070000,11.118000,11.026000,11.089000
9/7/2009,10.988000,10.988000,10.988000,10.988000
10/7/2009,10.988000,11.109000,10.936000,11.075000
13/7/2009,11.052000,11.118000,11.026000,11.028000
14/7/2009,11.018000,11.064000,10.957000,11.041000
15/7/2009,11.009000,11.039000,10.934000,10.948000
16/7/2009,10.951000,11.039000,10.945000,11.021000
20/7/2009,11.038000,11.072000,10.992000,11.033000
21/7/2009,10.967000,11.035000,10.839000,10.877000
22/7/2009,10.842000,10.911000,10.764000,10.781000
23/7/2009,10.792000,10.797000,10.591000,10.604000
27/7/2009,10.619000,10.627000,10.503000,10.526000
28/7/2009,10.533000,10.627000,10.469000,10.585000
29/7/2009,10.595000,10.655000,10.506000,10.542000
30/7/2009,10.528000,10.550000,10.400000,10.443000
31/7/2009,10.441000,10.446000,10.288000,10.290000
4/8/2009,10.190000,10.325000,10.186000,10.276000
5/8/2009,10.269000,10.322000,10.233000,10.316000
8/9/2009,10.211000,10.215000,10.172000,10.206000
11/9/2009,10.200000,10.232000,10.163000,10.208000
14/9/2009,10.208000,10.288000,10.207000,10.215000
1/10/2009,10.193000,10.236000,10.144000,10.224000
7/10/2009,10.205000,10.367000,10.188000,10.305000
9/10/2009,10.294000,10.327000,10.257000,10.319000
13/10/2009,10.311000,10.393000,10.272000,10.366000
16/10/2009,10.360000,10.459000,10.342000,10.363000
2/11/2009,10.422000,10.453000,10.363000,10.424000
5/11/2009,10.456000,10.505000,10.389000,10.398000
10/11/2009,10.274000,10.290000,10.233000,10.239000
11/11/2009,10.231000,10.253000,10.200000,10.226000
24/11/2009,10.314000,10.392000,10.297000,10.346000
25/11/2009,10.344000,10.392000,10.308000,10.365000
26/11/2009,10.359000,10.519000,10.354000,10.469000
2/12/2009,10.411000,10.436000,10.304000,10.344000
3/12/2009,10.344000,10.356000,10.264000,10.328000
4/12/2009,10.355000,10.392000,10.292000,10.376000
8/12/2009,10.444000,10.520000,10.441000,10.500000
9/12/2009,10.510000,10.522000,10.465000,10.465000
11/12/2009,10.455000,10.464000,10.410000,10.420000
18/12/2009,10.447000,10.479000,10.397000,10.408000
22/12/2009,10.410000,10.465000,10.392000,10.427000
1/1/2010,10.270000,10.281000,10.239000,10.251000
11/1/2010,10.214000,10.230000,10.178000,10.203000
19/1/2010,10.099000,10.160000,10.085000,10.088000
20/1/2010,10.088000,10.153000,10.083000,10.151000
2/2/2010,0.000000,0.000000,0.000000,0.000000
4/2/2010,10.097000,10.172000,10.089000,10.168000
15/2/2010,9.872200,9.909400,9.862000,9.875200
16/2/2010,9.852000,9.896300,9.847500,9.890300
22/2/2010,9.824500,9.856700,9.786800,9.792800
24/2/2010,9.817700,9.819300,9.767800,9.782500
25/2/2010,9.758000,9.808600,9.731500,9.754200
1/3/2010,9.685500,9.782000,9.684000,9.733000
5/3/2010,9.725200,9.726200,9.683100,9.690800
11/3/2010,9.723000,9.747000,9.703300,9.728000
18/3/2010,9.735300,9.738300,9.692700,9.694600
25/3/2010,9.699000,9.703000,9.635300,9.656500
21/4/2010,9.606500,9.631300,9.584900,9.625500
7/5/2010,9.835000,9.888200,9.722500,9.770000
10/5/2010,9.762300,9.762300,9.628800,9.628800
12/5/2010,9.638200,9.654500,9.536500,9.542500
