8/5/2007,7.4514,7.4531,7.4511,7.4523
9/5/2007,7.4519,7.453,7.4501,7.4515
10/5/2007,7.4512,7.4543,7.4508,7.4536
11/5/2007,7.454,7.4548,7.4506,7.4519
14/5/2007,7.4487,7.4532,7.4487,7.4515
15/5/2007,7.4518,7.4536,7.4508,7.4528
16/5/2007,7.4525,7.454,7.4515,7.4531
17/5/2007,7.4527,7.4541,7.4517,7.4534
18/5/2007,7.453,7.4541,7.4523,7.4533
21/5/2007,7.453,7.4564,7.4505,7.4535
22/5/2007,7.4528,7.4548,7.452,7.4525
23/5/2007,7.4522,7.4534,7.4514,7.4519
24/5/2007,7.4512,7.4533,7.4504,7.4512
25/5/2007,7.4509,7.4522,7.45,7.4512
28/5/2007,7.4482,7.4533,7.4468,7.4513
29/5/2007,7.4509,7.4522,7.4494,7.45
30/5/2007,7.4496,7.4505,7.4488,7.4491
31/5/2007,7.4488,7.4497,7.4467,7.4488
1/6/2007,7.4485,7.45,7.4476,7.4493
4/6/2007,7.4486,7.4515,7.4456,7.4477
5/6/2007,7.4473,7.4486,7.447,7.4478
6/6/2007,7.4482,7.4487,7.4456,7.4466
7/6/2007,7.4457,7.4477,7.4448,7.4458
8/6/2007,7.4455,7.4467,7.4443,7.4465
11/6/2007,7.4468,7.4468,7.4449,7.4465
12/6/2007,7.4463,7.4486,7.4455,7.4475
13/6/2007,7.4472,7.4485,7.4452,7.4462
14/6/2007,7.4455,7.4471,7.4449,7.4458
15/6/2007,7.4453,7.4464,7.4432,7.4441
18/6/2007,7.4456,7.4459,7.4409,7.4434
19/6/2007,7.4431,7.4461,7.4429,7.4451
20/6/2007,7.4446,7.4459,7.4428,7.4436
21/6/2007,7.443,7.4444,7.4427,7.4436
22/6/2007,7.4426,7.4444,7.4416,7.4425
25/6/2007,7.4425,7.4425,7.4406,7.4406
26/6/2007,7.4402,7.4428,7.44,7.4423
27/6/2007,7.4418,7.4434,7.4409,7.4426
28/6/2007,7.4423,7.4446,7.4411,7.4416
29/6/2007,7.441,7.4435,7.441,7.4417
2/7/2007,7.443,7.4435,7.4412,7.4412
3/7/2007,7.441,7.4426,7.4407,7.4415
4/7/2007,7.4408,7.4424,7.4403,7.4412
5/7/2007,7.442,7.4423,7.4406,7.4417
6/7/2007,7.4414,7.4425,7.44,7.4408
9/7/2007,7.4408,7.4432,7.4397,7.4397
10/7/2007,7.4395,7.4404,7.4384,7.4391
11/7/2007,7.4388,7.4405,7.4377,7.4394
12/7/2007,7.439,7.444,7.4386,7.4411
13/7/2007,7.4407,7.4427,7.44,7.4413
16/7/2007,7.4413,7.4412,7.4413,7.4411
17/7/2007,7.4408,7.4423,7.4402,7.4414
18/7/2007,7.4409,7.4424,7.4403,7.4411
19/7/2007,7.4408,7.4418,7.4403,7.4412
20/7/2007,7.441,7.4421,7.4401,7.4406
23/7/2007,7.4406,7.4444,7.4406,7.4406
24/7/2007,7.4405,7.4415,7.4401,7.4407
25/7/2007,7.44,7.4417,7.4395,7.4409
26/7/2007,7.4408,7.4422,7.4401,7.4412
27/7/2007,7.4411,7.4429,7.4396,7.4407
30/7/2007,7.4407,7.4435,7.4407,7.4408
31/7/2007,7.4406,7.4417,7.4399,7.4408
1/8/2007,7.4407,7.4418,7.4407,7.4412
2/8/2007,7.4403,7.4427,7.44,7.4418
3/8/2007,7.4415,7.4428,7.4412,7.4415
6/8/2007,7.4415,7.4429,7.4415,7.4429
7/8/2007,7.4425,7.4442,7.442,7.4433
8/8/2007,7.4431,7.445,7.4421,7.4427
9/8/2007,7.4426,7.4442,7.4417,7.4434
10/8/2007,7.4433,7.4447,7.4439,7.4438
13/8/2007,7.4439,7.4439,7.4425,7.4425
14/8/2007,7.442,7.4434,7.4404,7.4411
15/8/2007,7.4403,7.443,7.4398,7.4414
16/8/2007,7.4412,7.4425,7.44,7.4406
17/8/2007,7.44,7.4429,7.4396,7.4408
20/8/2007,7.4408,7.4421,7.4408,7.4421
21/8/2007,7.4416,7.4427,7.4406,7.4422
22/8/2007,7.4418,7.4428,7.4407,7.441
23/8/2007,7.44,7.4425,7.44,7.4421
24/8/2007,7.4418,7.4431,7.4413,7.4425
27/8/2007,7.4425,7.4429,7.4399,7.4428
28/8/2007,7.4427,7.4455,7.4412,7.4445
29/8/2007,7.4441,7.4484,7.4438,7.4479
30/8/2007,7.4475,7.449,7.4447,7.4467
31/8/2007,7.4456,7.4501,7.4456,7.4489
3/9/2007,7.4484,7.4484,7.4484,7.4484
4/9/2007,7.4478,7.4502,7.4475,7.4484
5/9/2007,7.4477,7.4498,7.4468,7.4495
6/9/2007,7.4489,7.45,7.4465,7.4471
7/9/2007,7.4469,7.448,7.4455,7.4467
10/9/2007,7.4468,7.4509,7.4449,7.4472
11/9/2007,7.447,7.4481,7.4456,7.4473
12/9/2007,7.4469,7.4489,7.4456,7.4482
13/9/2007,7.4479,7.4496,7.4471,7.4483
14/9/2007,7.4481,7.4501,7.4468,7.4481
17/9/2007,7.4481,7.4507,7.4481,7.4494
18/9/2007,7.4492,7.453,7.4488,7.4509
19/9/2007,7.4507,7.4526,7.45,7.4515
20/9/2007,7.4513,7.454,7.4507,7.4534
21/9/2007,7.4531,7.4547,7.4524,7.4544
24/9/2007,7.4544,7.4556,7.4544,7.4552
25/9/2007,7.4545,7.4567,7.4544,7.4563
26/9/2007,7.456,7.4567,7.455,7.4556
27/9/2007,7.4553,7.4569,7.4546,7.4562
28/9/2007,7.456,7.4569,7.4531,7.4549
1/10/2007,7.4549,7.4555,7.453,7.4555
2/10/2007,7.4551,7.4562,7.4536,7.4544
3/10/2007,7.4542,7.455,7.4532,7.4544
4/10/2007,7.4541,7.4551,7.452,7.453
5/10/2007,7.4528,7.4532,7.449,7.4521
8/10/2007,7.4534,7.4558,7.4516,7.4516
9/10/2007,7.4509,7.4526,7.4505,7.4521
10/10/2007,7.4518,7.4546,7.451,7.452
11/10/2007,7.4519,7.4533,7.4499,7.4504
12/10/2007,7.4502,7.4527,7.4493,7.4508
15/10/2007,7.4508,7.4515,7.4508,7.4515
16/10/2007,7.4505,7.4536,7.4505,7.453
17/10/2007,7.4525,7.4552,7.452,7.4544
18/10/2007,7.454,7.455,7.453,7.4544
19/10/2007,7.4543,7.4562,7.4529,7.4553
22/10/2007,7.4551,7.4551,7.4527,7.455
23/10/2007,7.4548,7.4563,7.4536,7.4558
24/10/2007,7.4548,7.4564,7.4537,7.4547
25/10/2007,7.454,7.4554,7.4535,7.4546
26/10/2007,7.4538,7.4556,7.4538,7.4549
29/10/2007,7.4538,7.457,7.4512,7.4543
30/10/2007,7.454,7.4554,7.4534,7.4543
31/10/2007,7.454,7.4557,7.4522,7.4532
1/11/2007,7.4525,7.4545,7.4525,7.4532
2/11/2007,7.4525,7.4557,7.4522,7.4538
5/11/2007,7.4535,7.4577,7.4515,7.455
6/11/2007,7.4546,7.4555,7.4529,7.4538
7/11/2007,7.4535,7.4586,7.4493,7.4538
8/11/2007,7.4535,7.4557,7.4527,7.4541
9/11/2007,7.4539,7.4552,7.4522,7.4539
12/11/2007,7.4536,7.4536,7.4512,7.4527
13/11/2007,7.4507,7.4547,7.4507,7.4516
14/11/2007,7.4514,7.4531,7.4507,7.4517
15/11/2007,7.4509,7.4536,7.45,7.4529
16/11/2007,7.4521,7.4543,7.4517,7.4533
19/11/2007,7.4532,7.4546,7.4516,7.4528
20/11/2007,7.4521,7.4545,7.451,7.4537
21/11/2007,7.4529,7.4559,7.4524,7.4551
22/11/2007,7.4542,7.4559,7.4522,7.454
23/11/2007,7.4532,7.4562,7.4523,7.4549
26/11/2007,7.4549,7.4576,7.4549,7.4557
27/11/2007,7.4551,7.4573,7.4539,7.4562
28/11/2007,7.4557,7.4578,7.4553,7.4568
29/11/2007,7.4566,7.4581,7.4547,7.4567
30/11/2007,7.4575,7.4589,7.4561,7.4576
3/12/2007,7.4588,7.4625,7.4559,7.4574
4/12/2007,7.4574,7.4585,7.4559,7.457
5/12/2007,7.457,7.4585,7.456,7.458
6/12/2007,7.4577,7.4602,7.4558,7.4593
7/12/2007,7.4596,7.4611,7.4563,7.4608
10/12/2007,7.4586,7.4621,7.458,7.4612
11/12/2007,7.4612,7.4623,7.4595,7.4608
12/12/2007,7.4608,7.4622,7.4591,7.4612
13/12/2007,7.4612,7.4634,7.4601,7.4627
14/12/2007,7.4627,7.4641,7.4609,7.4619
17/12/2007,7.4624,7.464,7.4616,7.4616
18/12/2007,7.4618,7.4632,7.4608,7.4619
19/12/2007,7.4619,7.4634,7.4585,7.462
20/12/2007,7.462,7.4629,7.4605,7.4622
21/12/2007,7.4624,7.4637,7.4607,7.4619
24/12/2007,7.4616,7.4651,7.4599,7.4616
25/12/2007,7.4616,7.4616,7.4607,7.4607
26/12/2007,7.4607,7.4607,7.4605,7.4605
27/12/2007,7.4605,7.462,7.4537,7.456
28/12/2007,7.456,7.459,7.4535,7.4576
31/12/2007,7.4572,7.46,7.4572,7.4576
1/1/2008,7.4576,7.4577,7.4496,7.4562
2/1/2008,7.4563,7.4586,7.4531,7.4546
3/1/2008,7.4546,7.4552,7.4507,7.4516
4/1/2008,7.4516,7.453,7.4477,7.4487
7/1/2008,7.4517,7.4547,7.4476,7.4494
8/1/2008,7.4494,7.4502,7.4473,7.4486
9/1/2008,7.4486,7.4496,7.4476,7.4476
10/1/2008,7.4476,7.4484,7.4455,7.4462
11/1/2008,7.4462,7.4478,7.4445,7.446
14/1/2008,7.4456,7.4492,7.4416,7.4449
15/1/2008,7.4449,7.4466,7.4439,7.4446
16/1/2008,7.4446,7.4471,7.4432,7.4446
17/1/2008,7.4446,7.4532,7.4438,7.4523
18/1/2008,7.4523,7.4549,7.4501,7.452
21/1/2008,7.443,7.4535,7.4419,7.4504
22/1/2008,7.4505,7.4517,7.4492,7.4503
23/1/2008,7.4506,7.4529,7.4484,7.4521
24/1/2008,7.4521,7.4537,7.4501,7.4524
25/1/2008,7.4524,7.4555,7.4504,7.4527
28/1/2008,7.4524,7.4539,7.4491,7.4511
29/1/2008,7.4511,7.4536,7.4484,7.4522
30/1/2008,7.4522,7.4538,7.4503,7.4517
31/1/2008,7.4519,7.4548,7.4501,7.4534
1/2/2008,7.4534,7.4547,7.4519,7.454
4/2/2008,7.4542,7.4557,7.4516,7.4534
5/2/2008,7.4534,7.4543,7.4519,7.4532
6/2/2008,7.4532,7.4543,7.4517,7.4534
7/2/2008,7.4534,7.4545,7.4514,7.4525
8/2/2008,7.4525,7.4555,7.4512,7.453
11/2/2008,7.4525,7.4552,7.4487,7.4532
12/2/2008,7.4532,7.4562,7.4526,7.4543
13/2/2008,7.4543,7.4568,7.4515,7.4546
14/2/2008,7.4546,7.4564,7.4532,7.4548
15/2/2008,7.4548,7.4565,7.4538,7.4556
18/2/2008,7.4582,7.4582,7.4536,7.4558
19/2/2008,7.4554,7.4574,7.4534,7.4544
20/2/2008,7.4544,7.4555,7.4516,7.4523
21/2/2008,7.4523,7.4563,7.4517,7.4554
22/2/2008,7.4554,7.4569,7.4542,7.4556
25/2/2008,7.4556,7.4587,7.4521,7.4556
26/2/2008,7.4556,7.4575,7.4541,7.4558
27/2/2008,7.4555,7.4584,7.4521,7.4542
28/2/2008,7.4542,7.4553,7.4518,7.4525
29/2/2008,7.4529,7.454,7.4492,7.4497
3/3/2008,7.4497,7.4531,7.4462,7.4502
4/3/2008,7.4502,7.4518,7.4491,7.4501
5/3/2008,7.4501,7.4517,7.4474,7.4491
6/3/2008,7.4491,7.4507,7.4478,7.4496
7/3/2008,7.4496,7.4551,7.4488,7.4534
10/3/2008,7.4535,7.4581,7.4511,7.4576
11/3/2008,7.4576,7.4584,7.4542,7.4555
12/3/2008,7.4555,7.4577,7.4539,7.4569
13/3/2008,7.457,7.4588,7.4519,7.4575
14/3/2008,7.4576,7.4596,7.456,7.458
17/3/2008,7.4576,7.4623,7.4522,7.459
18/3/2008,7.4592,7.4612,7.456,7.4586
19/3/2008,7.4586,7.4634,7.4567,7.4593
20/3/2008,7.4597,7.4616,7.458,7.4598
21/3/2008,7.4598,7.4626,7.4567,7.4594
24/3/2008,7.4609,7.4619,7.4537,7.4592
25/3/2008,7.4592,7.4609,7.4566,7.4599
26/3/2008,7.4599,7.4612,7.4582,7.46
27/3/2008,7.46,7.4606,7.4532,7.4586
28/3/2008,7.4586,7.46,7.4559,7.4569
31/3/2008,7.4577,7.4582,7.4551,7.4567
1/4/2008,7.4567,7.4584,7.4554,7.4576
2/4/2008,7.4576,7.4592,7.4566,7.4585
3/4/2008,7.4585,7.4596,7.4573,7.4584
4/4/2008,7.4585,7.4601,7.457,7.4586
7/4/2008,7.4585,7.461,7.457,7.4594
8/4/2008,7.4597,7.4618,7.4584,7.4596
9/4/2008,7.4596,7.461,7.4577,7.461
10/4/2008,7.4609,7.4618,7.4593,7.4601
11/4/2008,7.4602,7.4613,7.4584,7.4595
14/4/2008,7.4595,7.4624,7.4594,7.4594
15/4/2008,7.4594,7.4605,7.4579,7.4598
16/4/2008,7.4596,7.4614,7.4589,7.4608
17/4/2008,7.4608,7.4622,7.4597,7.4613
18/4/2008,7.4614,7.4631,7.4601,7.4622
21/4/2008,7.4618,7.4632,7.4598,7.4617
22/4/2008,7.4618,7.4629,7.4606,7.4623
23/4/2008,7.4623,7.4634,7.4604,7.4628
24/4/2008,7.4628,7.4648,7.4619,7.4627
25/4/2008,7.4627,7.464,7.4612,7.4625
28/4/2008,7.462,7.4649,7.4577,7.4624
29/4/2008,7.4624,7.4631,7.4603,7.4628
30/4/2008,7.4629,7.4634,7.4566,7.4621
1/5/2008,7.4625,7.4639,7.4611,7.4623
2/5/2008,7.4624,7.4635,7.461,7.4621
5/5/2008,7.4608,7.4645,7.4577,7.4636
6/5/2008,7.4636,7.4639,7.4613,7.4625
7/5/2008,7.4627,7.4639,7.4615,7.4623
8/5/2008,7.462,7.4637,7.4611,7.4621
9/5/2008,7.4621,7.4635,7.4599,7.4599
12/5/2008,7.4621,7.4669,7.4574,7.4619
13/5/2008,7.4619,7.4635,7.4607,7.4628
14/5/2008,7.4628,7.4637,7.4614,7.4628
15/5/2008,7.4628,7.4644,7.4613,7.4627
16/5/2008,7.4628,7.4646,7.4599,7.4619
19/5/2008,7.4654,7.4654,7.4609,7.4609
20/5/2008,7.4609,7.4622,7.4574,7.4583
21/5/2008,7.458,7.4598,7.4572,7.4592
22/5/2008,7.4591,7.4611,7.4577,7.4604
23/5/2008,7.4604,7.4616,7.4593,7.46
26/5/2008,7.4589,7.4618,7.455,7.4604
27/5/2008,7.4604,7.4616,7.4587,7.4591
28/5/2008,7.4592,7.4606,7.4586,7.4592
29/5/2008,7.4593,7.4608,7.4584,7.4591
30/5/2008,7.459,7.4603,7.4579,7.459
2/6/2008,7.455,7.4636,7.455,7.459
3/6/2008,7.4591,7.4604,7.4576,7.458
4/6/2008,7.458,7.4602,7.4569,7.4586
5/6/2008,7.4585,7.4602,7.4575,7.4588
6/6/2008,7.4587,7.4605,7.4571,7.4592
9/6/2008,7.46,7.4642,7.4578,7.4601
10/6/2008,7.4601,7.4615,7.4583,7.4593
11/6/2008,7.4593,7.4611,7.4578,7.4596
12/6/2008,7.4632,7.4636,7.4565,7.4576
13/6/2008,7.4576,7.4588,7.4552,7.4577
16/6/2008,7.4539,7.4581,7.4539,7.4581
17/6/2008,7.4581,7.4599,7.4564,7.4591
18/6/2008,7.4591,7.4603,7.4578,7.4585
19/6/2008,7.4586,7.4597,7.4576,7.4581
20/6/2008,7.4582,7.4594,7.457,7.4577
23/6/2008,7.458,7.4616,7.458,7.4588
24/6/2008,7.4591,7.4604,7.4579,7.4589
25/6/2008,7.459,7.4601,7.4569,7.4584
26/6/2008,7.4586,7.4598,7.4573,7.4594
27/6/2008,7.4591,7.4603,7.457,7.4578
30/6/2008,7.4564,7.4609,7.4531,7.4573
1/7/2008,7.4575,7.4589,7.456,7.4568
2/7/2008,7.457,7.4589,7.4556,7.4584
3/7/2008,7.4584,7.4591,7.4562,7.4579
4/7/2008,7.4579,7.4593,7.4554,7.4576
7/7/2008,7.4571,7.459,7.4553,7.4581
8/7/2008,7.4581,7.4595,7.4569,7.4588
9/7/2008,7.4588,7.4607,7.4573,7.4595
10/7/2008,7.4598,7.4609,7.4584,7.4601
11/7/2008,7.4601,7.4618,7.4588,7.4606
14/7/2008,7.4595,7.4635,7.458,7.4612
15/7/2008,7.4611,7.4624,7.4583,7.4587
16/7/2008,7.4589,7.4598,7.4576,7.4595
17/7/2008,7.4593,7.4608,7.4578,7.4599
18/7/2008,7.4599,7.4617,7.4573,7.4599
21/7/2008,7.4605,7.462,7.4589,7.4618
22/7/2008,7.4616,7.4627,7.4604,7.4617
23/7/2008,7.4618,7.4627,7.4605,7.4619
24/7/2008,7.4619,7.4634,7.4606,7.4618
25/7/2008,7.4618,7.463,7.4603,7.462
28/7/2008,7.4615,7.4629,7.4595,7.462
29/7/2008,7.4619,7.4631,7.4609,7.462
30/7/2008,7.462,7.4629,7.4605,7.4612
31/7/2008,7.4612,7.463,7.4595,7.4612
1/8/2008,7.4609,7.4622,7.4586,7.4597
4/8/2008,7.4587,7.4628,7.4527,7.4614
5/8/2008,7.4614,7.4625,7.4596,7.4612
6/8/2008,7.4611,7.4622,7.4597,7.4614
7/8/2008,7.4613,7.4624,7.4597,7.4605
8/8/2008,7.4606,7.4622,7.4577,7.4612
11/8/2008,7.4627,7.4745,7.4506,7.4597
12/8/2008,7.4604,7.4609,7.4585,7.4594
13/8/2008,7.4593,7.4608,7.4579,7.4591
14/8/2008,7.4591,7.4605,7.458,7.4593
15/8/2008,7.4592,7.4606,7.4572,7.4586
18/8/2008,7.4549,7.4601,7.4484,7.4587
19/8/2008,7.4587,7.4599,7.4566,7.4585
20/8/2008,7.4585,7.4599,7.4571,7.4588
21/8/2008,7.4587,7.4605,7.4575,7.4595
22/8/2008,7.4595,7.4608,7.4576,7.4585
25/8/2008,7.4594,7.4618,7.4568,7.4589
26/8/2008,7.4593,7.4605,7.4578,7.4585
27/8/2008,7.4585,7.4599,7.457,7.4582
28/8/2008,7.4583,7.4595,7.4568,7.4582
29/8/2008,7.458,7.46,7.4558,7.458
1/9/2008,7.4586,7.4785,7.4525,7.4563
2/9/2008,7.4566,7.4581,7.4529,7.4554
3/9/2008,7.4554,7.4575,7.4541,7.4551
4/9/2008,7.4552,7.4569,7.4538,7.4552
5/9/2008,7.4553,7.4578,7.4112,7.4555
8/9/2008,7.4535,7.4996,7.4382,7.4567
9/9/2008,7.4568,7.4583,7.4538,7.4568
10/9/2008,7.4568,7.4599,7.4531,7.4567
11/9/2008,7.4568,7.4585,7.4535,7.4561
12/9/2008,7.4561,7.4583,7.4543,7.4561
15/9/2008,7.447,7.5206,7.4413,7.4561
16/9/2008,7.4565,7.4633,7.4511,7.4587
17/9/2008,7.4585,7.4651,7.4509,7.4593
18/9/2008,7.4592,7.4669,7.4501,7.4598
19/9/2008,7.4597,7.4648,7.4542,7.4582
22/9/2008,7.4605,7.4678,7.4546,7.4601
23/9/2008,7.4598,7.4634,7.4585,7.4605
24/9/2008,7.4605,7.4626,7.4586,7.4597
25/9/2008,7.4596,7.4614,7.4585,7.4601
26/9/2008,7.4602,7.4624,7.458,7.4612
29/9/2008,7.453,7.4645,7.4409,7.459
30/9/2008,7.4588,7.4622,7.4567,7.4612
1/10/2008,7.4616,7.4625,7.4588,7.4612
2/10/2008,7.4611,7.4632,7.4583,7.46
3/10/2008,7.4602,7.4618,7.4529,7.4605
6/10/2008,7.4328,7.4627,7.4318,7.4606
7/10/2008,7.4606,7.465,7.4573,7.4642
8/10/2008,7.4641,7.4669,7.4509,7.4528
9/10/2008,7.4521,7.4568,7.4434,7.4469
10/10/2008,7.447,7.4557,7.441,7.453
13/10/2008,7.5034,7.5062,7.4463,7.4545
14/10/2008,7.455,7.457,7.4508,7.4537
15/10/2008,7.4536,7.4567,7.4507,7.4516
16/10/2008,7.4524,7.4555,7.4482,7.4517
17/10/2008,7.4516,7.4543,7.4445,7.4535
20/10/2008,7.4525,7.4666,7.45,7.4537
21/10/2008,7.4538,7.4573,7.4513,7.4543
22/10/2008,7.4547,7.4571,7.4483,7.4543
23/10/2008,7.4545,7.4616,7.4513,7.4582
24/10/2008,7.4585,7.4638,7.4502,7.4522
27/10/2008,7.453,7.4572,7.4279,7.4538
28/10/2008,7.4537,7.458,7.4508,7.4534
29/10/2008,7.4547,7.4595,7.443,7.4481
30/10/2008,7.4481,7.4522,7.4436,7.4481
31/10/2008,7.4483,7.4506,7.4371,7.4462
3/11/2008,7.4487,7.4522,7.4428,7.4442
4/11/2008,7.4442,7.4479,7.4401,7.4422
5/11/2008,7.4422,7.4463,7.4323,7.4434
6/11/2008,7.4434,7.4473,7.4406,7.4442
7/11/2008,7.4442,7.4481,7.4401,7.4456
10/11/2008,7.4451,7.4491,7.4431,7.4464
11/11/2008,7.4464,7.4483,7.4391,7.4436
12/11/2008,7.4436,7.4503,7.4405,7.4477
13/11/2008,7.4477,7.4526,7.4423,7.4486
14/11/2008,7.4486,7.4508,7.4412,7.4479
17/11/2008,7.4385,7.4546,7.4154,7.4492
18/11/2008,7.4492,7.4531,7.4452,7.4491
19/11/2008,7.4494,7.4553,7.447,7.4529
20/11/2008,7.4529,7.4559,7.4486,7.4512
21/11/2008,7.4518,7.459,7.4463,7.4556
24/11/2008,7.4564,7.4612,7.42,7.4547
25/11/2008,7.4545,7.4581,7.4483,7.4532
26/11/2008,7.4533,7.4583,7.4499,7.4515
27/11/2008,7.452,7.4587,7.4471,7.4515
28/11/2008,7.4515,7.4541,7.4475,7.4487
1/12/2008,7.4593,7.4596,7.443,7.4476
2/12/2008,7.4477,7.4557,7.4435,7.4479
3/12/2008,7.4479,7.4531,7.4459,7.4491
4/12/2008,7.4491,7.4527,7.4449,7.4473
5/12/2008,7.4473,7.4557,7.4446,7.4495
8/12/2008,7.4535,7.4557,7.4467,7.4502
9/12/2008,7.4502,7.4525,7.4457,7.45
10/12/2008,7.45,7.4577,7.446,7.4496
11/12/2008,7.4496,7.453,7.4463,7.4494
12/12/2008,7.4493,7.4617,7.4436,7.4504
15/12/2008,7.4409,7.4556,7.4385,7.4504
16/12/2008,7.4504,7.4609,7.4478,7.449
17/12/2008,7.449,7.4531,7.4462,7.4495
18/12/2008,7.4495,7.4564,7.4434,7.4491
19/12/2008,7.4491,7.4572,7.4381,7.4501
22/12/2008,7.4567,7.4594,7.446,7.4534
23/12/2008,7.4534,7.4572,7.4485,7.4511
24/12/2008,7.4512,7.4554,7.4477,7.4513
25/12/2008,7.4516,7.5215,7.3125,7.449
26/12/2008,7.4483,7.4605,7.4463,7.451
29/12/2008,7.4658,7.4659,7.4448,7.4504
30/12/2008,7.4504,7.4542,7.4462,7.4522
31/12/2008,7.4528,7.461,7.4392,7.4428
1/1/2009,7.4428,7.4705,7.4305,7.4484
2/1/2009,7.4504,7.4553,7.4385,7.4478
5/1/2009,7.4407,7.4536,7.4392,7.4493
6/1/2009,7.4495,7.4573,7.4414,7.453
7/1/2009,7.453,7.4576,7.4479,7.4504
8/1/2009,7.4504,7.455,7.4467,7.4537
9/1/2009,7.4535,7.4573,7.4503,7.4536
12/1/2009,7.4563,7.4647,7.4485,7.4525
13/1/2009,7.4525,7.4554,7.4482,7.4513
14/1/2009,7.4513,7.4542,7.4491,7.4512
15/1/2009,7.4512,7.455,7.4479,7.4517
16/1/2009,7.4517,7.4554,7.448,7.4508
19/1/2009,7.4569,7.4569,7.4126,7.4501
20/1/2009,7.45,7.4555,7.448,7.4503
21/1/2009,7.4503,7.4563,7.4472,7.4521
22/1/2009,7.4521,7.4549,7.4489,7.4524
23/1/2009,7.4524,7.4551,7.4496,7.4533
26/1/2009,7.4595,7.4627,7.4498,7.4536
27/1/2009,7.4536,7.4615,7.4435,7.4534
28/1/2009,7.4534,7.4579,7.4454,7.4513
29/1/2009,7.4513,7.4541,7.4467,7.4513
30/1/2009,7.4513,7.4559,7.4494,7.4543
2/2/2009,7.4466,7.4581,7.416,7.4537
3/2/2009,7.4538,7.4557,7.4504,7.4511
4/2/2009,7.4511,7.4535,7.4489,7.4506
5/2/2009,7.4506,7.453,7.448,7.4506
6/2/2009,7.4506,7.4527,7.4485,7.4509
9/2/2009,7.438,7.4554,7.4278,7.4522
10/2/2009,7.4522,7.4565,7.4486,7.4524
11/2/2009,7.4524,7.4562,7.4484,7.4516
12/2/2009,7.4517,7.4541,7.4502,7.4524
13/2/2009,7.452,7.4562,7.4489,7.4515
16/2/2009,7.446,7.4886,7.4446,7.4516
17/2/2009,7.4516,7.455,7.4489,7.4517
18/2/2009,7.4517,7.4557,7.4497,7.4502
19/2/2009,7.4503,7.4543,7.4478,7.45
20/2/2009,7.45,7.4555,7.4451,7.4493
23/2/2009,7.4607,7.4972,7.4463,7.4503
24/2/2009,7.4503,7.4533,7.4494,7.4506
25/2/2009,7.4506,7.4522,7.449,7.4497
26/2/2009,7.4497,7.4517,7.4485,7.4502
27/2/2009,7.4503,7.452,7.4442,7.4485
2/3/2009,7.433,7.4636,7.4314,7.4516
3/3/2009,7.4518,7.4594,7.4488,7.4506
4/3/2009,7.4504,7.4536,7.4476,7.451
5/3/2009,7.451,7.4529,7.4489,7.4514
6/3/2009,7.4514,7.4524,7.4483,7.452
9/3/2009,7.4498,7.4534,7.4467,7.4502
10/3/2009,7.4502,7.4525,7.4483,7.4498
11/3/2009,7.4498,7.4514,7.4481,7.4498
12/3/2009,7.4498,7.4551,7.4487,7.4541
13/3/2009,7.4542,7.4565,7.4522,7.4555
16/3/2009,7.4326,7.4576,7.4259,7.4555
17/3/2009,7.4555,7.4603,7.4525,7.4535
18/3/2009,7.4535,7.4548,7.4497,7.4502
19/3/2009,7.4501,7.4591,7.4476,7.451
20/3/2009,7.451,7.453,7.4479,7.4511
23/3/2009,7.4497,7.4548,7.4396,7.4505
24/3/2009,7.4505,7.4526,7.4476,7.4492
25/3/2009,7.4492,7.4509,7.447,7.4481
26/3/2009,7.4481,7.4497,7.4471,7.4489
27/3/2009,7.4489,7.4508,7.4444,7.4488
30/3/2009,7.4491,7.4544,7.4072,7.4482
31/3/2009,7.4482,7.4501,7.4462,7.4481
1/4/2009,7.4481,7.4501,7.4433,7.4478
2/4/2009,7.4478,7.4513,7.4469,7.4488
3/4/2009,7.4488,7.45,7.446,7.4487
6/4/2009,7.5011,7.5016,7.4458,7.4471
7/4/2009,7.4471,7.451,7.4457,7.4507
8/4/2009,7.4507,7.4522,7.4482,7.4499
9/4/2009,7.4501,7.4513,7.4485,7.4503
10/4/2009,7.4503,7.4523,7.4402,7.4496
13/4/2009,7.449,7.4551,7.4334,7.4502
14/4/2009,7.4502,7.4516,7.447,7.4486
15/4/2009,7.4486,7.4518,7.4476,7.4493
16/4/2009,7.4493,7.451,7.447,7.4491
17/4/2009,7.4491,7.4509,7.4461,7.4491
20/4/2009,7.4509,7.4647,7.4455,7.4492
21/4/2009,7.4492,7.4503,7.4471,7.4491
22/4/2009,7.4491,7.4501,7.446,7.4483
23/4/2009,7.4483,7.4503,7.4465,7.4497
24/4/2009,7.4497,7.453,7.4481,7.4491
27/4/2009,7.4455,7.4559,7.4441,7.4495
28/4/2009,7.4489,7.4507,7.4459,7.4478
29/4/2009,7.4478,7.4506,7.4458,7.4483
30/4/2009,7.4486,7.4505,7.4452,7.4488
1/5/2009,7.4491,7.4513,7.4467,7.4487
4/5/2009,7.4481,7.4503,7.4467,7.4482
5/5/2009,7.4482,7.4503,7.4466,7.4479
6/5/2009,7.4479,7.4502,7.445,7.4485
7/5/2009,7.4487,7.4509,7.4468,7.4487
8/5/2009,7.4492,7.4506,7.4474,7.4482
11/5/2009,7.449300,7.458600,7.448200,7.448300
12/5/2009,7.448600,7.449100,7.447900,7.448600
13/5/2009,7.448600,7.449800,7.446400,7.447400
14/5/2009,7.448300,7.449200,7.447000,7.447900
15/5/2009,7.447200,7.448100,7.444700,7.445700
18/5/2009,7.445400,7.448700,7.442100,7.445300
19/5/2009,7.445400,7.454600,7.435800,7.446200
20/5/2009,7.446400,7.477300,7.440000,7.446800
21/5/2009,7.445400,7.461600,7.436800,7.446200
22/5/2009,7.445700,7.453200,7.438400,7.445500
25/5/2009,7.445700,7.452500,7.442700,7.446800
26/5/2009,7.446900,7.456200,7.437200,7.445600
27/5/2009,7.445000,7.485800,7.435800,7.444700
28/5/2009,7.444100,7.460900,7.438000,7.445400
29/5/2009,7.446000,7.450100,7.443600,7.447000
1/6/2009,7.445400,7.450100,7.442900,7.445300
2/6/2009,7.439400,7.454200,7.442100,7.445700
3/6/2009,7.445400,7.452000,7.440700,7.446700
4/6/2009,7.446800,7.457500,7.439700,7.447600
5/6/2009,7.448100,7.453900,7.443300,7.447500
8/6/2009,7.446900,7.450600,7.441800,7.445600
9/6/2009,7.446400,7.451000,7.442400,7.446100
10/6/2009,7.445300,7.450900,7.441800,7.445700
11/6/2009,7.445700,7.451300,7.441600,7.446800
12/6/2009,7.446500,7.449200,7.440500,7.446500
15/6/2009,7.445800,7.451400,7.440600,7.445400
16/6/2009,7.444800,7.453400,7.436900,7.444300
17/6/2009,7.449200,7.451300,7.447900,7.448200
18/6/2009,7.444400,7.452000,7.439100,7.443600
19/6/2009,7.443200,7.449600,7.439400,7.444100
22/6/2009,7.444300,7.448600,7.439000,7.443700
23/6/2009,7.442900,7.451800,7.438500,7.444000
24/6/2009,7.444000,7.454900,7.434100,7.445100
25/6/2009,7.444700,7.450700,7.441500,7.447200
26/6/2009,7.446400,7.451000,7.441300,7.446400
29/6/2009,7.445800,7.448900,7.442600,7.446800
30/6/2009,7.446800,7.449700,7.445800,7.447200
1/7/2009,7.446800,7.449700,7.439500,7.446000
3/7/2009,7.446000,7.453200,7.438400,7.445800
7/7/2009,7.446800,7.451300,7.439100,7.447800
8/7/2009,7.447200,7.451700,7.443600,7.446700
9/7/2009,7.447400,7.448300,7.446500,7.447200
10/7/2009,7.447400,7.451000,7.440900,7.445000
13/7/2009,7.444700,7.449600,7.441800,7.445800
14/7/2009,7.445000,7.455200,7.440100,7.445500
15/7/2009,7.445800,7.451100,7.440100,7.445700
16/7/2009,7.446000,7.456700,7.439400,7.445000
20/7/2009,7.445700,7.451400,7.442900,7.447500
21/7/2009,7.446800,7.451600,7.440500,7.447100
22/7/2009,7.446400,7.450000,7.438100,7.445400
23/7/2009,7.446100,7.449700,7.441200,7.445000
27/7/2009,7.445000,7.449900,7.439800,7.445700
28/7/2009,7.446100,7.451700,7.439800,7.445400
29/7/2009,7.445400,7.448600,7.439800,7.444700
30/7/2009,7.445400,7.447900,7.440500,7.445400
31/7/2009,7.445800,7.448800,7.441100,7.446900
4/8/2009,7.444700,7.449900,7.442300,7.445000
5/8/2009,7.445400,7.449600,7.439100,7.444600
8/9/2009,7.443400,7.447600,7.438000,7.443300
11/9/2009,7.443000,7.446500,7.437600,7.443300
14/9/2009,7.444000,7.446200,7.440500,7.443300
1/10/2009,7.444300,7.447500,7.438100,7.444000
7/10/2009,7.444600,7.446700,7.439400,7.442900
9/10/2009,7.445000,7.446500,7.440800,7.443400
13/10/2009,7.444000,7.446100,7.438700,7.443600
16/10/2009,7.443600,7.446200,7.441100,7.445000
2/11/2009,7.442600,7.444700,7.439400,7.442600
5/11/2009,7.441900,7.445000,7.439000,7.441600
10/11/2009,7.440200,7.442700,7.436600,7.441000
11/11/2009,7.441400,7.443600,7.437600,7.440800
24/11/2009,7.441200,7.443200,7.438800,7.442100
25/11/2009,7.441200,7.442900,7.439400,7.440900
26/11/2009,7.441600,7.443200,7.433800,7.441600
2/12/2009,7.441600,7.444000,7.440200,7.441600
3/12/2009,7.441300,7.448500,7.440200,7.441600
4/12/2009,7.441700,7.443000,7.439800,7.441300
8/12/2009,7.441500,7.447600,7.439300,7.441500
9/12/2009,7.441600,7.443000,7.440200,7.441200
11/12/2009,7.441800,7.443900,7.439200,7.442200
18/12/2009,7.442800,7.447700,7.440100,7.441300
22/12/2009,7.441200,7.444300,7.439900,7.442500
1/1/2010,7.441800,7.445400,7.432500,7.441700
11/1/2010,7.440900,7.444000,7.438400,7.440300
19/1/2010,7.441800,7.443900,7.439400,7.441800
20/1/2010,7.441900,7.446200,7.438900,7.442000
2/2/2010,0.000000,0.000000,0.000000,0.000000
4/2/2010,7.444800,7.445900,7.441400,7.444700
15/2/2010,7.443900,7.446100,7.442700,7.443700
16/2/2010,7.443600,7.445800,7.440100,7.443600
22/2/2010,7.441800,7.444000,7.440500,7.443200
24/2/2010,7.442600,7.444500,7.437900,7.443000
25/2/2010,7.443600,7.450400,7.441000,7.442700
1/3/2010,7.442900,7.446800,7.439700,7.442200
5/3/2010,7.442600,7.444400,7.440100,7.441700
11/3/2010,7.441500,7.443500,7.439700,7.440900
18/3/2010,7.441300,7.443000,7.438700,7.441200
25/3/2010,7.441000,7.443600,7.438100,7.441200
21/4/2010,7.442300,7.444800,7.439200,7.441800
7/5/2010,7.444400,7.449300,7.436500,7.442700
10/5/2010,7.443000,7.461200,7.432100,7.441700
12/5/2010,7.442000,7.445700,7.438600,7.440100
