30/4/2007,0.6831,0.68365,0.6818,0.68255
1/5/2007,0.68245,0.68278,0.68005,0.68072
2/5/2007,0.6806,0.68362,0.67992,0.6831
3/5/2007,0.6832,0.6836,0.6816,0.682
4/5/2007,0.6819,0.6833,0.68145,0.68198
7/5/2007,0.68205,0.6829,0.68123,0.68245
8/5/2007,0.68235,0.68288,0.67923,0.6808
9/5/2007,0.6807,0.68101,0.67822,0.67855
10/5/2007,0.6784,0.68185,0.67824,0.68112
11/5/2007,0.6813,0.68288,0.68033,0.68257
14/5/2007,0.68306,0.68458,0.68212,0.68432
15/5/2007,0.68425,0.68558,0.68345,0.68435
16/5/2007,0.68425,0.68578,0.6831,0.6836
17/5/2007,0.6835,0.68508,0.68282,0.6834
18/5/2007,0.6833,0.685,0.68252,0.68397
21/5/2007,0.68404,0.68525,0.68233,0.6832
22/5/2007,0.6831,0.68345,0.6809,0.6811
23/5/2007,0.681,0.68173,0.6774,0.6775
24/5/2007,0.6774,0.6778,0.6761,0.6766
25/5/2007,0.6765,0.67829,0.67575,0.67766
28/5/2007,0.67739,0.67873,0.67719,0.67845
29/5/2007,0.6781,0.68078,0.67683,0.6788
30/5/2007,0.6787,0.68025,0.67833,0.6797
31/5/2007,0.6796,0.68112,0.6792,0.67949
1/6/2007,0.67943,0.67995,0.67735,0.67836
4/6/2007,0.67837,0.67875,0.6769,0.6774
5/6/2007,0.6773,0.6789,0.6771,0.67848
6/6/2007,0.67838,0.67929,0.67718,0.6777
7/6/2007,0.6776,0.67989,0.6769,0.67918
8/6/2007,0.67905,0.68078,0.6781,0.67878
11/6/2007,0.6785,0.6795,0.67785,0.67843
12/6/2007,0.67838,0.6786,0.67358,0.6738
13/6/2007,0.6737,0.67513,0.67298,0.67461
14/6/2007,0.67455,0.67647,0.67439,0.67582
15/6/2007,0.676,0.67778,0.6752,0.67765
18/6/2007,0.67763,0.67776,0.67498,0.67635
19/6/2007,0.6763,0.67661,0.67423,0.67498
20/6/2007,0.67485,0.67597,0.67228,0.67246
21/6/2007,0.67237,0.67275,0.67125,0.67191
22/6/2007,0.67183,0.6739,0.67177,0.67365
25/6/2007,0.67355,0.67593,0.6723,0.67391
26/6/2007,0.67383,0.6741,0.67268,0.67325
27/6/2007,0.6731,0.67385,0.67243,0.67282
28/6/2007,0.67275,0.6737,0.67103,0.67153
29/6/2007,0.6714,0.67502,0.67085,0.67405
2/7/2007,0.67425,0.67705,0.6733,0.67532
3/7/2007,0.67515,0.6757,0.67435,0.67489
4/7/2007,0.6747,0.67604,0.67437,0.6751
5/7/2007,0.675,0.678,0.67488,0.67595
6/7/2007,0.67585,0.678,0.6756,0.67779
9/7/2007,0.67689,0.67804,0.67537,0.67612
10/7/2007,0.676,0.67845,0.6751,0.67796
11/7/2007,0.67785,0.67972,0.67615,0.67639
12/7/2007,0.6763,0.6793,0.6762,0.67918
13/7/2007,0.6791,0.6795,0.67738,0.6775
16/7/2007,0.67714,0.6781,0.67595,0.67638
17/7/2007,0.6763,0.6775,0.67301,0.67335
18/7/2007,0.67323,0.67445,0.67173,0.67233
19/7/2007,0.6722,0.6752,0.67195,0.67368
20/7/2007,0.6736,0.67376,0.6714,0.6725
23/7/2007,0.6725,0.67423,0.6704,0.67044
24/7/2007,0.67035,0.671,0.66885,0.6703
25/7/2007,0.6702,0.6714,0.66805,0.66809
26/7/2007,0.66795,0.67125,0.66794,0.67088
27/7/2007,0.67098,0.67373,0.67052,0.67373
30/7/2007,0.6733,0.67695,0.67296,0.67647
31/7/2007,0.67635,0.67668,0.6725,0.67368
1/8/2007,0.6736,0.67542,0.67247,0.6725
2/8/2007,0.6724,0.6737,0.67211,0.67261
3/8/2007,0.67272,0.6757,0.67217,0.67504
6/8/2007,0.675,0.68095,0.675,0.679
7/8/2007,0.6789,0.68173,0.67869,0.67959
8/8/2007,0.6797,0.681,0.67703,0.67735
9/8/2007,0.6772,0.6781,0.67443,0.67605
10/8/2007,0.6759,0.67839,0.67502,0.6767
13/8/2007,0.6764,0.67948,0.67568,0.67642
14/8/2007,0.67635,0.67958,0.67572,0.67775
15/8/2007,0.6776,0.67918,0.6752,0.6759
16/8/2007,0.6757,0.67801,0.6747,0.677
17/8/2007,0.6772,0.68158,0.67605,0.6801
20/8/2007,0.67872,0.68265,0.67775,0.67787
21/8/2007,0.67775,0.68183,0.67743,0.67945
22/8/2007,0.6793,0.6802,0.67774,0.6796
23/8/2007,0.6795,0.6801,0.67561,0.67593
24/8/2007,0.67582,0.67963,0.67582,0.67875
27/8/2007,0.68155,0.68155,0.67694,0.67795
28/8/2007,0.6776,0.68072,0.6776,0.67945
29/8/2007,0.6793,0.68021,0.67624,0.6779
30/8/2007,0.6778,0.67894,0.67655,0.67725
31/8/2007,0.6771,0.6788,0.67532,0.676
3/9/2007,0.675,0.67673,0.6742,0.67504
4/9/2007,0.67488,0.67683,0.67378,0.6758
5/9/2007,0.6757,0.67725,0.67526,0.67562
6/9/2007,0.67555,0.67753,0.67414,0.67649
7/9/2007,0.6764,0.67983,0.67609,0.67874
10/9/2007,0.67866,0.68093,0.67811,0.68068
11/9/2007,0.6806,0.68185,0.67972,0.68064
12/9/2007,0.68055,0.6852,0.6804,0.68512
13/9/2007,0.685,0.68748,0.68311,0.68566
14/9/2007,0.68558,0.69193,0.6855,0.6913
17/9/2007,0.69015,0.69617,0.68923,0.6953
18/9/2007,0.69515,0.6974,0.6933,0.69461
19/9/2007,0.6945,0.69975,0.69323,0.69765
20/9/2007,0.69753,0.7011,0.69753,0.70053
21/9/2007,0.70045,0.70197,0.69645,0.69753
24/9/2007,0.69678,0.69812,0.69525,0.6966
25/9/2007,0.69645,0.70144,0.69626,0.70033
26/9/2007,0.7002,0.70284,0.69945,0.70081
27/9/2007,0.7007,0.70161,0.69799,0.69804
28/9/2007,0.69798,0.70152,0.69624,0.6969
1/10/2007,0.6968,0.69802,0.69493,0.69639
2/10/2007,0.6963,0.6972,0.6927,0.6931
3/10/2007,0.69288,0.69635,0.69288,0.69345
4/10/2007,0.6933,0.69525,0.69111,0.69348
5/10/2007,0.69335,0.6943,0.6912,0.69212
8/10/2007,0.6916,0.69318,0.68977,0.69
9/10/2007,0.6899,0.69352,0.6894,0.69222
10/10/2007,0.6921,0.6939,0.69068,0.6926
11/10/2007,0.6925,0.69956,0.69235,0.69874
12/10/2007,0.69865,0.70078,0.69617,0.69641
15/10/2007,0.69401,0.69885,0.69401,0.69535
16/10/2007,0.6952,0.69766,0.6951,0.69725
17/10/2007,0.697,0.69868,0.69598,0.69641
18/10/2007,0.6963,0.6994,0.69625,0.6993
19/10/2007,0.6992,0.70018,0.69592,0.69735
22/10/2007,0.697,0.69955,0.6967,0.69767
23/10/2007,0.6979,0.69821,0.69448,0.69546
24/10/2007,0.69527,0.69614,0.69368,0.69604
25/10/2007,0.6959,0.69885,0.6956,0.69821
26/10/2007,0.6981,0.7017,0.69795,0.70135
29/10/2007,0.70144,0.702,0.69868,0.69945
30/10/2007,0.69938,0.6997,0.69653,0.698
31/10/2007,0.6979,0.69839,0.69503,0.6966
1/11/2007,0.6965,0.69668,0.69199,0.69344
2/11/2007,0.6933,0.69638,0.69296,0.69434
5/11/2007,0.694,0.69645,0.6936,0.6954
6/11/2007,0.6953,0.698,0.69505,0.69732
7/11/2007,0.6972,0.70026,0.6961,0.69641
8/11/2007,0.6966,0.69815,0.6951,0.69634
9/11/2007,0.6962,0.7026,0.6959,0.70219
12/11/2007,0.6945,0.70788,0.6945,0.70777
13/11/2007,0.7076,0.7079,0.7039,0.7051
14/11/2007,0.705,0.71456,0.70432,0.7138
15/11/2007,0.7139,0.7167,0.71225,0.71463
16/11/2007,0.7145,0.71707,0.71365,0.71365
19/11/2007,0.7137,0.71646,0.71265,0.715
20/11/2007,0.71467,0.71829,0.71403,0.71817
21/11/2007,0.718,0.72137,0.71665,0.7194
22/11/2007,0.71923,0.72105,0.71777,0.72012
23/11/2007,0.71995,0.72165,0.7181,0.71935
26/11/2007,0.7189,0.71973,0.71625,0.71804
27/11/2007,0.7179,0.71966,0.71615,0.71685
28/11/2007,0.7167,0.71805,0.71225,0.71275
29/11/2007,0.7126,0.71655,0.71255,0.7151
30/11/2007,0.7153,0.71638,0.71104,0.71135
3/12/2007,0.7117,0.7137,0.7089,0.70998
4/12/2007,0.70998,0.7179,0.70917,0.71683
5/12/2007,0.71683,0.72395,0.71649,0.72106
6/12/2007,0.72107,0.72255,0.71777,0.72174
7/12/2007,0.72174,0.72322,0.71948,0.72205
10/12/2007,0.72235,0.7224,0.71798,0.71874
11/12/2007,0.71872,0.7216,0.71535,0.72041
12/12/2007,0.72041,0.72079,0.7163,0.71847
13/12/2007,0.71847,0.72092,0.7148,0.7168
14/12/2007,0.7168,0.71771,0.71403,0.7153
17/12/2007,0.71515,0.71565,0.7114,0.71234
18/12/2007,0.71234,0.71598,0.71193,0.7155
19/12/2007,0.71551,0.7207,0.7131,0.71995
20/12/2007,0.71995,0.72398,0.71946,0.72226
21/12/2007,0.72226,0.7256,0.72155,0.7249
24/12/2007,0.72465,0.72908,0.72424,0.72789
25/12/2007,0.72789,0.73133,0.72526,0.7278
26/12/2007,0.7278,0.73142,0.7273,0.7304
27/12/2007,0.7304,0.73406,0.7279,0.73275
28/12/2007,0.73275,0.73888,0.73098,0.73775
31/12/2007,0.738,0.73841,0.73205,0.73495
1/1/2008,0.73494,0.73769,0.72891,0.73455
2/1/2008,0.73476,0.74475,0.7341,0.74295
3/1/2008,0.74296,0.74835,0.74165,0.74825
4/1/2008,0.74825,0.74923,0.74252,0.74686
7/1/2008,0.74735,0.74815,0.74409,0.74605
8/1/2008,0.74598,0.74665,0.74217,0.74535
9/1/2008,0.74535,0.75032,0.74474,0.74843
10/1/2008,0.74843,0.75657,0.7465,0.75475
11/1/2008,0.75475,0.75865,0.75365,0.75523
14/1/2008,0.7558,0.76075,0.75447,0.7601
15/1/2008,0.7601,0.76138,0.75275,0.75425
16/1/2008,0.75425,0.7575,0.74411,0.74625
17/1/2008,0.74625,0.74819,0.74163,0.74271
18/1/2008,0.7427,0.74958,0.74182,0.7477
21/1/2008,0.74895,0.74895,0.7422,0.74373
22/1/2008,0.74373,0.7475,0.7397,0.74605
23/1/2008,0.74605,0.74832,0.74416,0.74818
24/1/2008,0.74818,0.74907,0.74602,0.74642
25/1/2008,0.74642,0.74783,0.73997,0.74032
28/1/2008,0.7407,0.74593,0.73917,0.74503
29/1/2008,0.74503,0.74572,0.74168,0.74274
30/1/2008,0.74274,0.7481,0.74135,0.74794
31/1/2008,0.74794,0.7493,0.74463,0.74773
1/2/2008,0.74773,0.75442,0.74594,0.7531
4/2/2008,0.7532,0.7544,0.74885,0.75147
5/2/2008,0.75147,0.75169,0.74458,0.74567
6/2/2008,0.74567,0.74818,0.74413,0.7459
7/2/2008,0.7459,0.7503,0.74455,0.74568
8/2/2008,0.74569,0.74665,0.74258,0.7454
11/2/2008,0.74585,0.7509,0.74388,0.74413
12/2/2008,0.74413,0.74622,0.74316,0.7441
13/2/2008,0.74408,0.74503,0.74143,0.74235
14/2/2008,0.74235,0.74375,0.74046,0.7437
15/2/2008,0.7437,0.74925,0.74305,0.74845
18/2/2008,0.7487,0.75223,0.7479,0.75059
19/2/2008,0.75061,0.757,0.75034,0.75582
20/2/2008,0.75582,0.75779,0.75325,0.75775
21/2/2008,0.75775,0.7581,0.75188,0.75468
22/2/2008,0.75468,0.7553,0.75235,0.75345
25/2/2008,0.7537,0.7555,0.75244,0.75374
26/2/2008,0.75375,0.75532,0.75155,0.7535
27/2/2008,0.7535,0.76386,0.753,0.76323
28/2/2008,0.76323,0.7643,0.76103,0.76409
29/2/2008,0.76409,0.76783,0.76259,0.76332
3/3/2008,0.7635,0.76775,0.76294,0.7663
4/3/2008,0.7663,0.76743,0.76377,0.76595
5/3/2008,0.76595,0.76893,0.7646,0.7663
6/3/2008,0.7663,0.76922,0.76374,0.76552
7/3/2008,0.76552,0.76583,0.76017,0.7618
10/3/2008,0.7613,0.77167,0.75961,0.7637
11/3/2008,0.7637,0.76789,0.76347,0.76436
12/3/2008,0.76436,0.76805,0.7627,0.767
13/3/2008,0.767,0.76947,0.7644,0.76894
14/3/2008,0.76894,0.77575,0.7666,0.77575
17/3/2008,0.77645,0.79119,0.77568,0.78685
18/3/2008,0.78685,0.78848,0.77775,0.77882
19/3/2008,0.77882,0.78945,0.77702,0.7876
20/3/2008,0.7876,0.78908,0.77657,0.77735
21/3/2008,0.77735,0.78087,0.77599,0.77858
24/3/2008,0.77767,0.77918,0.77457,0.77679
25/3/2008,0.77678,0.7829,0.7751,0.78008
26/3/2008,0.78009,0.78929,0.7781,0.78899
27/3/2008,0.78896,0.79008,0.781,0.78635
28/3/2008,0.78635,0.79293,0.78585,0.79205
31/3/2008,0.79235,0.79817,0.78987,0.79606
1/4/2008,0.79606,0.7967,0.78715,0.79017
2/4/2008,0.79017,0.79045,0.78525,0.78916
3/4/2008,0.78916,0.79093,0.78235,0.78548
4/4/2008,0.78548,0.78957,0.78373,0.78946
7/4/2008,0.78905,0.79153,0.78675,0.79015
8/4/2008,0.79015,0.79897,0.78957,0.7977
9/4/2008,0.7977,0.8024,0.7967,0.80104
10/4/2008,0.80104,0.80288,0.79675,0.79874
11/4/2008,0.79874,0.80378,0.7978,0.80306
14/4/2008,0.79527,0.80093,0.7928,0.80013
15/4/2008,0.80013,0.80641,0.80007,0.80448
16/4/2008,0.80443,0.80985,0.8025,0.8086
17/4/2008,0.8086,0.80973,0.79719,0.79875
18/4/2008,0.79875,0.7995,0.78758,0.79167
21/4/2008,0.79141,0.80415,0.78983,0.80353
22/4/2008,0.80353,0.80509,0.7981,0.80155
23/4/2008,0.80155,0.80421,0.79945,0.80222
24/4/2008,0.80222,0.8033,0.79381,0.79445
25/4/2008,0.79445,0.79545,0.78517,0.78672
28/4/2008,0.7876,0.79062,0.78349,0.78623
29/4/2008,0.7862,0.79206,0.783,0.79074
30/4/2008,0.79074,0.79473,0.78401,0.78655
1/5/2008,0.78653,0.78772,0.78015,0.78371
2/5/2008,0.78361,0.7838,0.77665,0.7823
5/5/2008,0.78265,0.7874,0.78053,0.78577
6/5/2008,0.78576,0.78908,0.78462,0.78698
7/5/2008,0.78693,0.792,0.7861,0.78793
8/5/2008,0.78796,0.78895,0.78227,0.78775
9/5/2008,0.78775,0.79415,0.78728,0.79235
12/5/2008,0.79252,0.79537,0.78719,0.79455
13/5/2008,0.79441,0.79745,0.79156,0.79545
14/5/2008,0.79548,0.7967,0.7926,0.795
15/5/2008,0.79504,0.79873,0.79316,0.79325
16/5/2008,0.79326,0.79768,0.79245,0.79556
19/5/2008,0.79631,0.79803,0.79463,0.79595
20/5/2008,0.79596,0.79812,0.79439,0.7949
21/5/2008,0.79492,0.80342,0.79485,0.80033
22/5/2008,0.80035,0.8013,0.79265,0.79427
23/5/2008,0.7943,0.79717,0.79355,0.79634
26/5/2008,0.79603,0.79733,0.79475,0.79575
27/5/2008,0.79579,0.7984,0.7936,0.79385
28/5/2008,0.79384,0.79558,0.78814,0.78943
29/5/2008,0.78944,0.79154,0.78444,0.7851
30/5/2008,0.78513,0.7876,0.78338,0.7846
2/6/2008,0.78427,0.79293,0.78427,0.78987
3/6/2008,0.78986,0.79409,0.78558,0.78662
4/6/2008,0.78664,0.79175,0.7865,0.78941
5/6/2008,0.78952,0.79653,0.78865,0.79625
6/6/2008,0.79626,0.80088,0.79542,0.80051
9/6/2008,0.80066,0.8034,0.79163,0.79212
10/6/2008,0.79212,0.79554,0.789,0.79145
11/6/2008,0.79148,0.79393,0.79013,0.79224
12/6/2008,0.7922,0.79331,0.78842,0.79324
13/6/2008,0.79321,0.79473,0.78702,0.78974
16/6/2008,0.78959,0.79326,0.78616,0.78828
17/6/2008,0.7883,0.79555,0.78723,0.79247
18/6/2008,0.79252,0.79525,0.7914,0.79258
19/6/2008,0.79259,0.79475,0.7849,0.7861
20/6/2008,0.7861,0.79243,0.78552,0.78983
23/6/2008,0.78979,0.79192,0.78932,0.7895
24/6/2008,0.78949,0.7929,0.78935,0.78982
25/6/2008,0.78985,0.79475,0.78918,0.79321
26/6/2008,0.79321,0.7951,0.79105,0.79215
27/6/2008,0.79212,0.79475,0.78947,0.79163
30/6/2008,0.7914,0.79379,0.78965,0.79075
1/7/2008,0.79074,0.793,0.78707,0.79155
2/7/2008,0.79167,0.79715,0.7913,0.79695
3/7/2008,0.79696,0.80018,0.79128,0.79159
4/7/2008,0.79161,0.79307,0.7904,0.79233
7/7/2008,0.79228,0.7967,0.79025,0.79585
8/7/2008,0.79586,0.7966,0.79405,0.79566
9/7/2008,0.79565,0.79756,0.79352,0.79385
10/7/2008,0.79381,0.79877,0.7933,0.7982
11/7/2008,0.79821,0.80175,0.7974,0.80135
14/7/2008,0.80131,0.80231,0.79712,0.79733
15/7/2008,0.79736,0.79848,0.79274,0.79331
16/7/2008,0.79331,0.79555,0.79083,0.7916
17/7/2008,0.79165,0.79396,0.79104,0.7916
18/7/2008,0.79158,0.79598,0.79142,0.79297
21/7/2008,0.7931,0.79747,0.79229,0.7946
22/7/2008,0.79461,0.796,0.7916,0.79243
23/7/2008,0.79245,0.79315,0.78412,0.78503
24/7/2008,0.785,0.79068,0.78451,0.7891
25/7/2008,0.78916,0.79197,0.78708,0.78867
28/7/2008,0.78874,0.79322,0.78795,0.78945
29/7/2008,0.78945,0.79125,0.78648,0.78776
30/7/2008,0.78777,0.78789,0.78516,0.78589
31/7/2008,0.78586,0.78932,0.78578,0.78642
1/8/2008,0.78641,0.78912,0.78462,0.78785
4/8/2008,0.78795,0.7946,0.78726,0.7941
5/8/2008,0.79403,0.79428,0.79019,0.79062
6/8/2008,0.79067,0.79279,0.79028,0.79105
7/8/2008,0.79104,0.79385,0.78793,0.78826
8/8/2008,0.78824,0.78985,0.7812,0.78123
11/8/2008,0.78065,0.78383,0.77981,0.7803
12/8/2008,0.7803,0.78745,0.7795,0.78686
13/8/2008,0.78696,0.7986,0.78515,0.7976
14/8/2008,0.7976,0.79919,0.79145,0.7927
15/8/2008,0.79277,0.79447,0.78695,0.78695
18/8/2008,0.78685,0.79078,0.78606,0.78807
19/8/2008,0.78822,0.79223,0.7874,0.7914
20/8/2008,0.79139,0.79355,0.79002,0.79209
21/8/2008,0.79202,0.79447,0.79074,0.7932
22/8/2008,0.79321,0.79885,0.7925,0.79851
25/8/2008,0.79827,0.80042,0.7961,0.79615
26/8/2008,0.79616,0.79798,0.7939,0.79647
27/8/2008,0.79645,0.80309,0.7962,0.80225
28/8/2008,0.80221,0.80605,0.8018,0.80373
29/8/2008,0.80374,0.80757,0.80332,0.8058
1/9/2008,0.8056,0.81388,0.8056,0.81133
2/9/2008,0.81137,0.81638,0.81053,0.81389
3/9/2008,0.81391,0.81727,0.8123,0.81598
4/9/2008,0.81595,0.81875,0.8094,0.81005
5/9/2008,0.81006,0.81415,0.80552,0.80721
8/9/2008,0.80786,0.80787,0.80211,0.8037
9/9/2008,0.80369,0.80519,0.80042,0.80273
10/9/2008,0.80293,0.80415,0.79847,0.79875
11/9/2008,0.79883,0.79971,0.79215,0.79624
12/9/2008,0.79621,0.79785,0.79134,0.7932
15/9/2008,0.79174,0.8008,0.79105,0.79163
16/9/2008,0.79166,0.79827,0.79084,0.7926
17/9/2008,0.79259,0.79845,0.78665,0.78828
18/9/2008,0.78833,0.79623,0.78655,0.78915
19/9/2008,0.78915,0.7932,0.7849,0.78973
22/9/2008,0.7902,0.7979,0.7888,0.79682
23/9/2008,0.79685,0.79798,0.79067,0.7909
24/9/2008,0.79089,0.79389,0.78853,0.79205
25/9/2008,0.79212,0.7974,0.79013,0.79499
26/9/2008,0.79497,0.79682,0.79212,0.79226
29/9/2008,0.79146,0.80214,0.79089,0.79814
30/9/2008,0.79813,0.7996,0.78441,0.79134
1/10/2008,0.79134,0.79529,0.78927,0.79153
2/10/2008,0.79157,0.79239,0.78259,0.78341
3/10/2008,0.78342,0.7848,0.7754,0.77775
6/10/2008,0.77969,0.77978,0.77017,0.77417
7/10/2008,0.77417,0.78132,0.77138,0.77865
8/10/2008,0.77863,0.7939,0.77185,0.78896
9/10/2008,0.78908,0.79705,0.78602,0.79572
10/10/2008,0.79575,0.80696,0.7854,0.78619
13/10/2008,0.79182,0.79672,0.7782,0.7831
14/10/2008,0.78315,0.78443,0.77626,0.78298
15/10/2008,0.78297,0.78334,0.77365,0.7817
16/10/2008,0.78172,0.78599,0.77425,0.77766
17/10/2008,0.77768,0.7809,0.77414,0.7761
20/10/2008,0.7767,0.77842,0.76937,0.77786
21/10/2008,0.77787,0.78373,0.77375,0.78165
22/10/2008,0.78182,0.79561,0.78124,0.7906
23/10/2008,0.79048,0.79892,0.78379,0.79695
24/10/2008,0.79688,0.8196,0.79061,0.79303
27/10/2008,0.7923,0.8124,0.7923,0.80326
28/10/2008,0.80325,0.8051,0.79583,0.79773
29/10/2008,0.79771,0.80045,0.7837,0.79171
30/10/2008,0.79171,0.8008,0.78429,0.78515
31/10/2008,0.7852,0.79305,0.78093,0.79215
3/11/2008,0.79275,0.80565,0.78421,0.79905
4/11/2008,0.79905,0.81465,0.7974,0.81343
5/11/2008,0.81343,0.81652,0.80467,0.81458
6/11/2008,0.81458,0.81558,0.80059,0.81386
7/11/2008,0.81383,0.81928,0.80677,0.81314
10/11/2008,0.81142,0.82092,0.8104,0.8167
11/11/2008,0.8167,0.82149,0.81124,0.81405
12/11/2008,0.81405,0.8412,0.81288,0.83564
13/11/2008,0.83564,0.86631,0.83428,0.86063
14/11/2008,0.86063,0.86353,0.85247,0.85408
17/11/2008,0.85612,0.85725,0.84078,0.84374
18/11/2008,0.84374,0.84584,0.8359,0.84345
19/11/2008,0.84345,0.84627,0.83428,0.83553
20/11/2008,0.83553,0.85021,0.83353,0.84557
21/11/2008,0.84557,0.85067,0.83712,0.84371
24/11/2008,0.84421,0.85401,0.8412,0.8532
25/11/2008,0.85321,0.85675,0.83995,0.8443
26/11/2008,0.84386,0.8484,0.83625,0.84046
27/11/2008,0.84046,0.8415,0.83475,0.83765
28/11/2008,0.83765,0.84019,0.82359,0.82515
1/12/2008,0.82587,0.85285,0.82432,0.84668
2/12/2008,0.84668,0.85495,0.84381,0.8523
3/12/2008,0.8523,0.86075,0.85102,0.86014
4/12/2008,0.86011,0.8726,0.85886,0.87064
5/12/2008,0.87063,0.87215,0.86133,0.86611
8/12/2008,0.86651,0.8738,0.8579,0.86885
9/12/2008,0.86885,0.87675,0.86661,0.876
10/12/2008,0.87594,0.88227,0.87252,0.88075
11/12/2008,0.88071,0.8909,0.87617,0.88819
12/12/2008,0.88816,0.89973,0.88561,0.89484
15/12/2008,0.89398,0.9021,0.88863,0.89428
16/12/2008,0.89428,0.90495,0.89222,0.8994
17/12/2008,0.8994,0.93265,0.89855,0.92816
18/12/2008,0.92816,0.9557,0.9251,0.94875
19/12/2008,0.94875,0.95134,0.92817,0.93
22/12/2008,0.93331,0.95235,0.9298,0.93975
23/12/2008,0.93975,0.9498,0.93873,0.94568
24/12/2008,0.94568,0.95369,0.94356,0.95107
25/12/2008,0.95107,0.9732,0.94782,0.95679
26/12/2008,0.95679,0.96174,0.94783,0.96099
29/12/2008,0.96434,0.97995,0.95893,0.9671
30/12/2008,0.96707,0.98029,0.9655,0.97565
31/12/2008,0.97565,0.9786,0.94767,0.95483
1/1/2009,0.95483,0.95973,0.95215,0.95617
2/1/2009,0.95617,0.96493,0.94334,0.95689
5/1/2009,0.95706,0.96336,0.92298,0.92737
6/1/2009,0.92741,0.92996,0.90235,0.90695
7/1/2009,0.90695,0.91738,0.89606,0.90348
8/1/2009,0.9034,0.9063,0.8894,0.90055
9/1/2009,0.90062,0.90468,0.8839,0.88776
12/1/2009,0.8883,0.90296,0.88625,0.90196
13/1/2009,0.90196,0.91237,0.89852,0.90922
14/1/2009,0.90922,0.91277,0.89789,0.90301
15/1/2009,0.90301,0.9059,0.89507,0.89605
16/1/2009,0.89605,0.9045,0.88442,0.90025
19/1/2009,0.90134,0.90914,0.89664,0.90593
20/1/2009,0.9059,0.9325,0.90585,0.92623
21/1/2009,0.92623,0.94297,0.92612,0.9327
22/1/2009,0.9327,0.9467,0.93185,0.93698
23/1/2009,0.93698,0.94728,0.93385,0.94015
26/1/2009,0.94658,0.95196,0.93395,0.94249
27/1/2009,0.94249,0.9451,0.92797,0.93133
28/1/2009,0.93133,0.93502,0.9207,0.92431
29/1/2009,0.92431,0.92921,0.90479,0.90552
30/1/2009,0.90552,0.90841,0.88037,0.88122
2/2/2009,0.88045,0.90807,0.8786,0.90025
3/2/2009,0.90025,0.9084,0.8991,0.90164
4/2/2009,0.90164,0.90759,0.8844,0.8881
5/2/2009,0.8881,0.89297,0.87325,0.87547
6/2/2009,0.87547,0.87946,0.86637,0.87519
9/2/2009,0.87227,0.87786,0.8681,0.87278
10/2/2009,0.87278,0.88981,0.86382,0.8878
11/2/2009,0.8878,0.9031,0.88603,0.89648
12/2/2009,0.89648,0.90725,0.89463,0.90166
13/2/2009,0.90166,0.90291,0.88324,0.89631
16/2/2009,0.89905,0.90245,0.89253,0.89555
17/2/2009,0.89555,0.89635,0.88119,0.8837
18/2/2009,0.8837,0.89208,0.87995,0.8818
19/2/2009,0.8818,0.88875,0.87722,0.88659
20/2/2009,0.88659,0.89215,0.87991,0.88909
23/2/2009,0.88972,0.89169,0.87381,0.87569
24/2/2009,0.87569,0.88835,0.87283,0.88714
25/2/2009,0.88714,0.89806,0.8816,0.89562
26/2/2009,0.89562,0.89767,0.8864,0.89038
27/2/2009,0.89066,0.89455,0.88495,0.88509
2/3/2009,0.88415,0.90113,0.88112,0.8949
3/3/2009,0.8949,0.89968,0.89315,0.89407
4/3/2009,0.89407,0.89508,0.88685,0.89208
5/3/2009,0.89208,0.89403,0.88535,0.8882
6/3/2009,0.8882,0.8999,0.8859,0.89783
9/3/2009,0.8984,0.91883,0.89517,0.91533
10/3/2009,0.91533,0.92479,0.91371,0.92237
11/3/2009,0.92237,0.93018,0.91924,0.92537
12/3/2009,0.92539,0.93192,0.92115,0.92621
13/3/2009,0.92621,0.92965,0.91671,0.924
16/3/2009,0.92266,0.92519,0.9146,0.92199
17/3/2009,0.92197,0.92786,0.92053,0.92691
18/3/2009,0.92691,0.9487,0.9259,0.9444
19/3/2009,0.9444,0.94788,0.93867,0.94191
20/3/2009,0.94191,0.94519,0.93611,0.93885
23/3/2009,0.93954,0.94327,0.92861,0.93558
24/3/2009,0.93558,0.93636,0.91588,0.91715
25/3/2009,0.91719,0.93745,0.91623,0.93355
26/3/2009,0.93355,0.93813,0.92771,0.93585
27/3/2009,0.93577,0.94175,0.92518,0.92805
30/3/2009,0.92881,0.93407,0.92426,0.92502
31/3/2009,0.92505,0.93174,0.92396,0.9256
1/4/2009,0.92562,0.9257,0.91545,0.9159
2/4/2009,0.9159,0.91737,0.90851,0.91438
3/4/2009,0.91432,0.91595,0.90405,0.90842
6/4/2009,0.9088,0.91246,0.90376,0.90865
7/4/2009,0.90846,0.91153,0.89898,0.9008
8/4/2009,0.9008,0.9049,0.8961,0.90242
9/4/2009,0.90242,0.90875,0.89644,0.89725
10/4/2009,0.89745,0.89928,0.89548,0.89838
13/4/2009,0.8983,0.90209,0.89624,0.89985
14/4/2009,0.89985,0.90069,0.88906,0.8901
15/4/2009,0.89011,0.8916,0.87867,0.88178
16/4/2009,0.88178,0.88701,0.87934,0.88314
17/4/2009,0.88318,0.8862,0.87944,0.88216
20/4/2009,0.8817,0.89155,0.87966,0.88871
21/4/2009,0.88867,0.89156,0.88147,0.88247
22/4/2009,0.88247,0.89879,0.88134,0.89748
23/4/2009,0.89748,0.89985,0.89115,0.89293
24/4/2009,0.89293,0.9082,0.89223,0.9027
27/4/2009,0.90227,0.90554,0.8883,0.88941
28/4/2009,0.88941,0.8994,0.88823,0.89855
29/4/2009,0.897500,0.902600,0.894900,0.897700
30/4/2009,0.898500,0.900100,0.892200,0.894600
1/5/2009,0.894900,0.898700,0.888800,0.890200
4/5/2009,0.889200,0.894700,0.888900,0.893200
5/5/2009,0.893100,0.893600,0.882500,0.884300
6/5/2009,0.883500,0.887800,0.880200,0.881300
7/5/2009,0.878800,0.893800,0.876300,0.891800
8/5/2009,0.891000,0.897700,0.889300,0.895300
11/5/2009,0.895900,0.903900,0.894500,0.898500
12/5/2009,0.898200,0.901900,0.891400,0.893700
13/5/2009,0.893500,0.902100,0.892600,0.897400
14/5/2009,0.896800,0.900800,0.894700,0.895900
15/5/2009,0.895300,0.896100,0.887800,0.889500
18/5/2009,0.888700,0.889600,0.880600,0.883600
19/5/2009,0.883900,0.885500,0.876300,0.880700
20/5/2009,0.880700,0.885400,0.873400,0.874500
21/5/2009,0.874800,0.887200,0.872100,0.876700
22/5/2009,0.877000,0.884300,0.876300,0.879200
25/5/2009,0.880500,0.882500,0.878700,0.880600
26/5/2009,0.880500,0.881200,0.875400,0.877900
27/5/2009,0.877200,0.877400,0.865000,0.867900
28/5/2009,0.866800,0.877000,0.866000,0.874400
29/5/2009,0.874500,0.880300,0.870600,0.874000
1/6/2009,0.872500,0.873400,0.860000,0.861000
2/6/2009,0.861100,0.867500,0.860300,0.862900
3/6/2009,0.863200,0.869700,0.857400,0.867600
4/6/2009,0.867700,0.880600,0.862100,0.876800
5/6/2009,0.879500,0.887000,0.873100,0.874200
8/6/2009,0.874300,0.879500,0.864900,0.866400
9/6/2009,0.866600,0.867000,0.859500,0.862000
10/6/2009,0.862400,0.863600,0.854300,0.854600
11/6/2009,0.854600,0.856400,0.850100,0.850700
12/6/2009,0.850900,0.854200,0.848200,0.852100
15/6/2009,0.851700,0.853100,0.844900,0.845500
16/6/2009,0.846300,0.850100,0.842300,0.843600
17/6/2009,0.843400,0.853600,0.843300,0.850300
18/6/2009,0.850600,0.860400,0.849100,0.851300
19/6/2009,0.849700,0.853000,0.844300,0.845000
22/6/2009,0.845800,0.848800,0.840000,0.848100
23/6/2009,0.848800,0.859900,0.848200,0.855700
24/6/2009,0.856400,0.856900,0.847200,0.849200
25/6/2009,0.848500,0.857800,0.847800,0.854600
26/6/2009,0.854400,0.857200,0.850400,0.851600
29/6/2009,0.851500,0.852300,0.847700,0.850200
30/6/2009,0.852700,0.854900,0.851800,0.853400
1/7/2009,0.852700,0.859600,0.851800,0.858300
3/7/2009,0.854300,0.858400,0.852600,0.855800
7/7/2009,0.859100,0.865600,0.858200,0.862200
8/7/2009,0.862700,0.867100,0.861700,0.864400
9/7/2009,0.858300,0.859800,0.857900,0.859100
10/7/2009,0.858300,0.862700,0.853700,0.859500
13/7/2009,0.862200,0.869900,0.861200,0.861400
14/7/2009,0.860300,0.860800,0.855400,0.856100
15/7/2009,0.855900,0.860400,0.855100,0.859100
16/7/2009,0.858100,0.861000,0.857700,0.860700
20/7/2009,0.863700,0.865100,0.859600,0.860200
21/7/2009,0.860200,0.867300,0.860000,0.864300
22/7/2009,0.864400,0.869100,0.862800,0.863100
23/7/2009,0.863000,0.865000,0.857400,0.858800
27/7/2009,0.865000,0.868500,0.861300,0.863700
28/7/2009,0.864100,0.864600,0.860600,0.862300
29/7/2009,0.863300,0.865400,0.855100,0.857600
30/7/2009,0.857400,0.858400,0.850300,0.853000
31/7/2009,0.853100,0.857100,0.851000,0.853200
4/8/2009,0.851100,0.852700,0.848100,0.850600
5/8/2009,0.850600,0.851300,0.846100,0.848200
8/9/2009,0.878000,0.879300,0.873100,0.878300
11/9/2009,0.875500,0.875900,0.872400,0.874400
14/9/2009,0.875100,0.883000,0.874400,0.882300
1/10/2009,0.915400,0.917800,0.908100,0.911800
7/10/2009,0.924700,0.927700,0.919100,0.920700
9/10/2009,0.920300,0.929500,0.918000,0.929400
13/10/2009,0.934800,0.941200,0.931700,0.933300
16/10/2009,0.917200,0.917300,0.909300,0.911300
2/11/2009,0.895700,0.905100,0.895300,0.900500
5/11/2009,0.898300,0.900300,0.893100,0.896600
10/11/2009,0.893700,0.901700,0.893600,0.895200
11/11/2009,0.895900,0.905100,0.894300,0.904000
24/11/2009,0.900900,0.905700,0.900500,0.902200
25/11/2009,0.901800,0.906600,0.897800,0.906000
26/11/2009,0.905600,0.913000,0.903900,0.909300
2/12/2009,0.908300,0.910600,0.902700,0.904300
3/12/2009,0.905000,0.911700,0.903600,0.910100
4/12/2009,0.910000,0.911300,0.899100,0.902100
8/12/2009,0.901500,0.909500,0.901400,0.902700
9/12/2009,0.904000,0.909800,0.900300,0.905600
11/12/2009,0.904600,0.907000,0.898100,0.899300
18/12/2009,0.887500,0.889900,0.885800,0.887600
22/12/2009,0.889800,0.894600,0.888600,0.892600
1/1/2010,0.892100,0.895900,0.885400,0.886400
11/1/2010,0.899000,0.902700,0.897700,0.900900
19/1/2010,0.880500,0.880500,0.871300,0.873300
20/1/2010,0.872900,0.873400,0.865100,0.865700
2/2/2010,0.000000,0.000000,0.000000,0.000000
4/2/2010,0.873500,0.875900,0.871600,0.872800
15/2/2010,0.869600,0.870400,0.867000,0.867900
16/2/2010,0.868100,0.873400,0.868000,0.873100
22/2/2010,0.881200,0.881600,0.876300,0.878200
24/2/2010,0.875400,0.881000,0.875200,0.878300
25/2/2010,0.878400,0.889200,0.877300,0.887600
1/3/2010,0.898300,0.915000,0.896600,0.904700
5/3/2010,0.903500,0.904900,0.898100,0.899900
11/3/2010,0.911800,0.912200,0.906400,0.908100
18/3/2010,0.896700,0.897300,0.891600,0.892400
25/3/2010,0.894300,0.899500,0.887900,0.896400
21/4/2010,0.874300,0.874900,0.868500,0.869700
7/5/2010,0.850800,0.880900,0.844200,0.860100
10/5/2010,0.870400,0.875100,0.854600,0.860100
12/5/2010,0.846800,0.854400,0.844500,0.851400
