30/4/2007,163.11,163.32,162.41,163.05
1/5/2007,163.04,163.3,162.79,163.09
2/5/2007,163.08,163.39,162.54,163.34
3/5/2007,163.35,163.6,163.13,163.2
4/5/2007,163.18,163.4,162.86,163.35
7/5/2007,163.54,163.54,162.96,163.33
8/5/2007,163.31,163.4,161.9,162.57
9/5/2007,162.58,162.58,162.07,162.46
10/5/2007,162.45,163.04,161.6,161.68
11/5/2007,161.7,162.64,161.09,162.56
14/5/2007,162.58,163.2,162.3,163.04
15/5/2007,163.02,163.66,162.66,163.45
16/5/2007,163.48,163.9,163.12,163.29
17/5/2007,163.31,163.82,163.21,163.7
18/5/2007,163.68,163.89,162.62,163.62
21/5/2007,163.6,163.93,163.24,163.6
22/5/2007,163.59,163.64,163.25,163.48
23/5/2007,163.46,164.02,163.38,163.74
24/5/2007,163.73,163.76,162.86,163.02
25/5/2007,163,163.79,162.2,163.71
28/5/2007,163.65,163.8,163.58,163.73
29/5/2007,163.7,164.29,162.97,163.6
30/5/2007,163.59,163.7,162.96,163.38
31/5/2007,163.37,163.97,163.03,163.77
1/6/2007,163.75,164.16,163.57,164.14
4/6/2007,164.22,164.36,163.89,164.27
5/6/2007,164.26,164.61,163.91,164.16
6/6/2007,164.18,164.4,163.26,163.52
7/6/2007,163.54,163.99,162.32,162.52
8/6/2007,162.49,162.9,161.77,162.79
11/6/2007,162.78,163.02,162.1,162.6
12/6/2007,162.58,162.71,161.84,161.88
13/6/2007,161.86,163.38,161.51,163.36
14/6/2007,163.34,163.8,163.09,163.63
15/6/2007,163.61,165.27,163.56,165.26
18/6/2007,165.25,165.99,165.15,165.91
19/6/2007,165.89,166.12,165.31,165.63
20/6/2007,165.61,166.02,165.21,165.63
21/6/2007,165.6,165.74,165.35,165.67
22/6/2007,165.64,166.94,165.61,166.86
25/6/2007,166.86,166.89,165.93,166.49
26/6/2007,166.48,166.56,165.1,165.83
27/6/2007,165.81,165.84,164.24,165.24
28/6/2007,165.23,165.96,165.16,165.67
29/6/2007,165.65,166.94,165.48,166.8
2/7/2007,166.82,166.87,166.15,166.77
3/7/2007,166.75,167.18,166.24,166.65
4/7/2007,166.6,167.09,166.36,167.04
5/7/2007,167.03,167.28,166.79,167.18
6/7/2007,167.16,168.16,167.04,168.05
9/7/2007,167.89,168.51,167.88,168.16
10/7/2007,168.14,168.36,167.36,167.38
11/7/2007,167.36,168.41,166.51,168.37
12/7/2007,168.35,168.88,167.82,168.8
13/7/2007,168.78,168.95,168.02,168.05
16/7/2007,168.26,168.35,167.72,167.87
17/7/2007,167.88,168.71,167.72,168.59
18/7/2007,168.57,168.61,167.99,168.32
19/7/2007,168.29,168.82,168.1,168.44
20/7/2007,168.42,168.88,167.19,167.61
23/7/2007,167.42,168.99,167.02,167.21
24/7/2007,167.19,167.37,165.86,166.24
25/7/2007,166.22,166.32,164.71,165.34
26/7/2007,165.32,165.5,162.9,163.17
27/7/2007,163.13,163.95,161.52,161.67
30/7/2007,161.66,163.26,160.67,163.1
31/7/2007,163.07,163.81,162.04,162.3
1/8/2007,162.35,162.94,160.47,162.58
2/8/2007,162.55,163.51,161.57,163.36
3/8/2007,163.38,163.75,162.51,162.58
6/8/2007,162.56,164.25,161.29,163.99
7/8/2007,164.01,164.13,162.23,163.25
8/8/2007,163.21,165.4,163.1,165.21
9/8/2007,165.19,165.28,161.53,161.63
10/8/2007,161.6,162.6,159.98,162.13
13/8/2007,162.06,162.36,160.6,160.97
14/8/2007,160.95,161.01,159.1,159.12
15/8/2007,159.13,159.23,156.68,156.76
16/8/2007,156.74,156.76,150.03,152.88
17/8/2007,152.86,155.29,149.27,154.1
20/8/2007,153.29,155.95,153.29,154.94
21/8/2007,155.13,155.37,153.52,154.08
22/8/2007,154.1,156.24,153.38,156.2
23/8/2007,156.18,159.1,156.17,157.61
24/8/2007,157.57,159.29,156.62,159.26
27/8/2007,159.26,159.68,158.1,158.12
28/8/2007,158.14,158.16,155.37,155.4
29/8/2007,155.35,158.97,154.54,158.93
30/8/2007,158.9,158.98,156.79,157.87
31/8/2007,157.84,159.62,157.41,157.79
3/9/2007,157.69,158.44,157.51,158
4/9/2007,158.05,158.41,156.54,158.26
5/9/2007,158.28,158.67,156.71,157.32
6/9/2007,157.36,158.24,156.76,157.95
7/9/2007,157.92,158.29,155.73,156.1
10/9/2007,156.03,157.35,155.17,156.96
11/9/2007,156.95,158.2,156.32,158.15
12/9/2007,158.16,158.91,157.77,158.84
13/9/2007,158.86,160.48,158.57,159.79
14/9/2007,159.75,160.24,158.79,160.08
17/9/2007,160.1,160.24,159.01,159.64
18/9/2007,159.62,162.56,158.82,162.29
19/9/2007,162.28,162.44,161.39,162.04
20/9/2007,162.08,162.39,160.71,161.39
21/9/2007,161.38,162.85,161.14,162.64
24/9/2007,162.65,162.73,161.51,161.79
25/9/2007,161.81,162.41,161.01,162.29
26/9/2007,162.25,163.44,162.1,163.26
27/9/2007,163.23,163.98,163.03,163.63
28/9/2007,163.56,163.85,162.7,163.79
1/10/2007,163.73,165.07,163.7,164.72
2/10/2007,164.68,164.9,163.65,163.82
3/10/2007,163.84,165.3,163.6,164.5
4/10/2007,164.53,164.9,163.93,164.69
5/10/2007,164.65,165.39,164.29,165.38
8/10/2007,165.28,165.8,164.67,164.96
9/10/2007,164.91,165.42,164.15,165.23
10/10/2007,165.21,166.25,165.11,165.84
11/10/2007,165.82,167.64,165.53,166.51
12/10/2007,166.52,167.11,166.13,166.75
15/10/2007,166.18,167.74,166.18,166.75
16/10/2007,166.77,166.97,164.86,165.71
17/10/2007,165.75,166.47,164.59,165.76
18/10/2007,165.74,166.1,164.84,165.3
19/10/2007,165.35,165.35,163.7,163.79
22/10/2007,162.75,163.78,160.48,162.46
23/10/2007,162.49,163.97,162.03,163.7
24/10/2007,163.71,163.9,161.7,163.02
25/10/2007,162.97,164,162.45,163.54
26/10/2007,163.52,164.57,163.19,164.34
29/10/2007,164.55,165.49,164.19,165.38
30/10/2007,165.34,165.88,164.45,165.46
31/10/2007,165.48,167.27,165.38,167.21
1/11/2007,167.25,167.25,164.95,165.38
2/11/2007,165.42,167.14,165.05,166.63
5/11/2007,166.4,166.72,164.95,165.73
6/11/2007,165.74,167.06,165.46,166.99
7/11/2007,166.96,167.65,164.8,164.86
8/11/2007,164.88,166.15,164.1,165.29
9/11/2007,165.2,166.02,162.16,162.48
12/11/2007,162.52,163.2,158.84,158.99
13/11/2007,159.02,162.12,158.71,161.96
14/11/2007,161.98,164.3,161.76,163.07
15/11/2007,163.12,163.77,161.04,161.19
16/11/2007,161.16,163.26,160.46,162.86
19/11/2007,162.38,163.08,160.89,160.95
20/11/2007,160.9,163.4,160.44,163.21
21/11/2007,163.25,163.25,160.08,161.13
22/11/2007,161.2,162.24,160.83,161.07
23/11/2007,160.95,161.67,159.47,160.54
26/11/2007,160.24,161.49,159.55,159.72
27/11/2007,159.78,161.84,159.37,161.62
28/11/2007,161.64,163.59,160.23,163.32
29/11/2007,163.26,163.61,161.57,162.05
30/11/2007,162.12,163.85,161.84,162.82
3/12/2007,162.21,162.8,161.43,162.01
4/12/2007,162.01,162.35,160.91,162.14
5/12/2007,162.14,163.07,161.49,162.04
6/12/2007,162.04,163.13,161.21,162.93
7/12/2007,162.93,163.9,162.37,163.73
10/12/2007,163.65,164.59,163.2,164.33
11/12/2007,164.33,164.99,161.9,162.14
12/12/2007,162.14,165.3,162.14,165.04
13/12/2007,165.04,165.13,163.6,164.21
14/12/2007,164.21,164.65,163.26,163.45
17/12/2007,163.45,163.71,162.35,162.64
18/12/2007,162.64,163.63,162.4,163.46
19/12/2007,163.46,163.48,162.31,163.13
20/12/2007,163.13,163.14,161.76,162.11
21/12/2007,162.11,164.07,161.98,163.98
24/12/2007,163.91,164.9,163.74,164.49
25/12/2007,164.49,164.66,162.36,164.4
26/12/2007,164.4,165.72,164.08,165.68
27/12/2007,165.68,166.67,165.38,166.34
28/12/2007,166.34,166.48,165.01,165.42
31/12/2007,165.51,165.79,162.43,163.04
1/1/2008,163.03,163.35,162.43,162.88
2/1/2008,162.88,164.06,161,161.4
3/1/2008,161.4,161.68,159.76,161.21
4/1/2008,161.15,161.54,159.79,160.09
7/1/2008,160.38,160.97,159.91,160.42
8/1/2008,160.45,161.51,160.12,160.15
9/1/2008,160.15,161.65,160.03,161.31
10/1/2008,161.3,162.19,160.59,161.88
11/1/2008,161.88,162.29,160.66,160.79
14/1/2008,160.9,161.57,159.93,160.84
15/1/2008,160.83,161.07,158.01,158.08
16/1/2008,158.08,158.49,156.29,157.72
17/1/2008,157.72,157.85,155.99,155.99
18/1/2008,155.99,157.79,155.7,156.2
21/1/2008,155.71,156.1,152.84,153.17
22/1/2008,153.17,156.44,152.12,155.73
23/1/2008,155.73,157.15,152.79,156.11
24/1/2008,156.11,158.23,154.86,158.12
25/1/2008,158.12,159.13,156.55,156.68
28/1/2008,156.75,158.23,155.56,158.02
29/1/2008,158.02,158.53,157.13,158.27
30/1/2008,158.27,159.49,157.41,157.93
31/1/2008,157.93,158.71,156.7,158.18
1/2/2008,158.18,158.87,157.18,157.67
4/2/2008,157.63,158.71,157.94,158.26
5/2/2008,158.26,158.51,156.2,156.46
6/2/2008,156.46,156.53,155.16,155.88
7/2/2008,155.88,156.2,154.06,155.68
8/2/2008,155.68,156.18,155.06,155.71
11/2/2008,155.78,156.39,154.32,155.3
12/2/2008,155.3,157.02,154.88,156.5
13/2/2008,156.5,157.9,155.82,157.87
14/2/2008,157.87,158.49,157.35,157.95
15/2/2008,157.95,158.88,157.52,158.25
18/2/2008,158.3,158.82,158.02,158.63
19/2/2008,158.64,159.07,157.96,158.71
20/2/2008,158.71,159.27,157.71,159.09
21/2/2008,159.09,159.58,158.77,159.1
22/2/2008,159.1,159.29,158.16,158.99
25/2/2008,158.95,160.43,158.8,160.27
26/2/2008,160.27,160.75,159.63,160.67
27/2/2008,160.67,161.39,159.84,161.01
28/2/2008,161.01,161.05,159.93,160.1
29/2/2008,160.1,160.22,157.46,157.46
3/3/2008,157.71,157.74,155.95,157.35
4/3/2008,157.35,157.41,156.12,157.3
5/3/2008,157.3,159.21,157.01,158.76
6/3/2008,158.76,158.9,157.71,157.92
7/3/2008,157.92,158.41,156.71,157.78
10/3/2008,157.63,157.75,155.96,156.12
11/3/2008,156.12,158.94,155.59,158.61
12/3/2008,158.61,159.13,157.95,158.3
13/3/2008,158.3,158.3,155.55,157.35
14/3/2008,157.35,157.6,154.86,155.32
17/3/2008,154.91,155.58,151.83,153.07
18/3/2008,153.07,156.14,152.56,155.95
19/3/2008,155.95,157.02,154.08,154.8
20/3/2008,154.8,155.16,151.72,153.54
21/3/2008,153.54,154.17,153.01,153.55
24/3/2008,153.71,155.61,153.09,155.39
25/3/2008,155.39,156.76,155.15,156.49
26/3/2008,156.49,157.47,155.68,157.17
27/3/2008,157.17,158.04,155.89,157.21
28/3/2008,157.21,158.35,156.57,156.79
31/3/2008,156.73,158.14,156.06,157.4
1/4/2008,157.4,159.21,156.34,158.99
2/4/2008,158.99,160.74,158.55,160.56
3/4/2008,160.56,161.07,159.3,160.37
4/4/2008,160.37,161.08,159.63,159.69
7/4/2008,159.85,161.46,159.51,160.88
8/4/2008,160.88,161.73,160.49,161.28
9/4/2008,161.28,161.48,160.62,161.13
10/4/2008,161.13,161.23,158.8,160.51
11/4/2008,160.51,161.37,159.37,159.55
14/4/2008,159.6,160.08,158.25,160.04
15/4/2008,160.04,160.79,159.7,160.78
16/4/2008,160.78,162.49,160.44,162.41
17/4/2008,162.41,163.24,162.16,163.03
18/4/2008,163.03,164.68,162.68,163.96
21/4/2008,164.15,164.86,163.88,164.32
22/4/2008,164.32,164.94,163.29,164.76
23/4/2008,164.76,164.98,163.82,164.28
24/4/2008,164.28,164.51,162.91,163.45
25/4/2008,163.46,163.83,162.68,163.15
28/4/2008,163.16,163.89,162.85,163.11
29/4/2008,163.1,163.22,161.12,161.97
30/4/2008,161.97,162.98,161.61,162.36
1/5/2008,162.26,162.46,160.62,161.57
2/5/2008,161.58,162.62,161.43,162.53
5/5/2008,162.5,163.1,162.2,162.46
6/5/2008,162.47,162.79,162.01,162.71
7/5/2008,162.7,163.07,161.03,161.23
8/5/2008,161.23,161.29,159.05,159.72
9/5/2008,159.7,160.07,158.61,159.21
12/5/2008,159.26,161.53,158.65,161.38
13/5/2008,161.36,162.34,160.14,162.1
14/5/2008,162.11,162.9,161.74,162.52
15/5/2008,162.5,162.96,161.67,161.79
16/5/2008,161.76,162.48,161.27,162.27
19/5/2008,162.08,162.55,161.57,161.81
20/5/2008,161.81,163.04,161.46,162.22
21/5/2008,162.22,163.16,161.6,162.76
22/5/2008,162.75,163.87,162.26,163.73
23/5/2008,163.73,163.86,162.63,162.95
26/5/2008,162.92,163.29,162.74,163.1
27/5/2008,163.08,163.89,163.02,163.58
28/5/2008,163.58,164.48,163.12,163.75
29/5/2008,163.74,164.24,163.32,163.71
30/5/2008,163.72,164.23,163.09,164.15
2/6/2008,164.09,164.22,162.08,162.26
3/6/2008,162.27,163.22,161.82,162.32
4/6/2008,162.33,162.6,161.74,162.47
5/6/2008,162.47,165.26,162.26,165.2
6/6/2008,165.19,166.16,165.04,165.54
9/6/2008,165.52,167.14,164.98,166.33
10/6/2008,166.33,166.67,165.54,166.17
11/6/2008,166.17,166.98,165.66,166.33
12/6/2008,166.32,166.68,165.66,166.68
13/6/2008,166.68,166.92,165.66,166.35
16/6/2008,166.28,167.68,165.25,167.49
17/6/2008,167.49,167.84,167.07,167.41
18/6/2008,167.41,168.04,167.04,167.58
19/6/2008,167.58,167.79,166.79,167.43
20/6/2008,167.43,168.13,167.23,167.54
23/6/2008,167.52,167.79,166.87,167.35
24/6/2008,167.34,168.38,167.31,167.85
25/6/2008,167.84,169.16,167.64,168.9
26/6/2008,168.88,169.46,168.02,168.3
27/6/2008,168.31,168.6,167.04,167.58
30/6/2008,167.54,168.12,166.08,167.32
1/7/2008,167.33,167.65,166.16,167.59
2/7/2008,167.6,168.64,167.34,168.2
3/7/2008,168.21,169.13,167.38,167.6
4/7/2008,167.6,168.07,167.15,167.73
7/7/2008,167.66,168.63,167.13,168.55
8/7/2008,168.55,168.56,167.22,168.45
9/7/2008,168.46,168.9,168.01,168.06
10/7/2008,168.05,169.05,167.84,169.05
11/7/2008,169.05,169.63,168.13,169.46
14/7/2008,169.42,169.75,168.77,168.89
15/7/2008,168.86,168.97,166.42,166.65
16/7/2008,166.65,166.85,165.33,166.39
17/7/2008,166.38,169.12,166.01,168.58
18/7/2008,168.59,169.49,168.24,169.49
21/7/2008,169.57,169.91,168.74,169.48
22/7/2008,169.47,169.72,169.05,169.43
23/7/2008,169.43,169.96,169.13,169.36
24/7/2008,169.34,169.43,167.93,168.28
25/7/2008,168.25,169.46,167.51,169.4
28/7/2008,169.32,169.73,169.03,169.17
29/7/2008,169.17,169.49,168.31,168.53
30/7/2008,168.53,168.64,167.96,168.41
31/7/2008,168.41,169.18,168.09,168.39
1/8/2008,168.36,168.36,166.99,167.55
4/8/2008,167.63,168.79,167.32,168.64
5/8/2008,168.63,168.66,166.86,167.42
6/8/2008,167.45,169.32,167.29,169.16
7/8/2008,169.16,169.47,167.59,167.7
8/8/2008,167.65,167.82,165.32,165.38
11/8/2008,165.33,165.6,163.65,164.1
12/8/2008,164.1,164.41,163.04,163.11
13/8/2008,163.09,163.87,161.4,163.43
14/8/2008,163.42,163.71,162.23,162.68
15/8/2008,162.68,163.1,161.88,162.3
18/8/2008,162.23,162.65,161.69,161.82
19/8/2008,161.82,162.4,160.87,162.13
20/8/2008,162.13,162.59,161.47,162.03
21/8/2008,162.02,162.2,160.2,161.57
22/8/2008,161.58,163.1,161.45,162.83
25/8/2008,162.72,162.8,161.15,161.26
26/8/2008,161.26,161.49,159.99,160.64
27/8/2008,160.63,161.52,160.07,161.27
28/8/2008,161.26,162.01,160.72,161.04
29/8/2008,160.96,161.1,159.21,159.65
1/9/2008,159.52,159.74,157.56,157.95
2/9/2008,157.99,158.46,157.01,157.68
3/9/2008,157.7,158.05,156.26,157.01
4/9/2008,157,157.76,153.27,153.4
5/9/2008,153.4,153.68,150.6,153.67
8/9/2008,154.06,157,151.67,152.96
9/9/2008,152.96,153.54,150.69,150.94
10/9/2008,150.95,152.51,150.16,150.75
11/9/2008,150.76,150.78,147.54,149.98
12/9/2008,149.99,153.57,149.59,153.42
15/9/2008,152.56,152.92,148.56,149.11
16/9/2008,149.13,150.49,147.04,149.33
17/9/2008,149.31,151.57,147.51,149.88
18/9/2008,149.88,151.98,149.01,151.28
19/9/2008,151.34,155.53,150.88,155.46
22/9/2008,155.49,156.84,153.82,155.91
23/9/2008,155.91,156.31,154.54,154.63
24/9/2008,154.63,156.2,154.48,155.15
25/9/2008,155.16,156.34,155.11,155.68
26/9/2008,155.68,155.8,153.49,154.94
29/9/2008,154.95,155.3,150.14,150.38
30/9/2008,150.38,151.35,148.55,149.56
1/10/2008,149.57,150.59,147.53,148.11
2/10/2008,148.13,148.69,144.89,145.55
3/10/2008,145.55,146.85,143.99,145.11
6/10/2008,144.38,144.61,135.05,137.5
7/10/2008,137.49,141.07,136.62,137.89
8/10/2008,137.89,138.79,134.17,135.39
9/10/2008,135.38,139.7,134.96,135.83
10/10/2008,135.84,136.38,132.24,134.96
13/10/2008,135.65,138.85,134.22,138.57
14/10/2008,138.56,141.74,138.49,139.04
15/10/2008,139.02,139.35,134.78,134.93
16/10/2008,134.94,137.2,133.38,136.73
17/10/2008,136.73,137.41,134.83,136.21
20/10/2008,136.24,138.57,134.82,135.92
21/10/2008,135.92,136.39,130.67,130.8
22/10/2008,130.8,131.48,124.63,125.6
23/10/2008,125.59,126.28,123.14,125.89
24/10/2008,125.95,127.32,113.81,118.96
27/10/2008,119.03,119.4,113.64,115.92
28/10/2008,115.91,124.55,114.41,124.32
29/10/2008,124.34,127.31,121.4,126.26
30/10/2008,126.25,131.04,124.79,127.31
31/10/2008,127.31,127.57,122.23,125.3
3/11/2008,126.17,128.45,124.73,125.33
4/11/2008,125.33,130.98,123.42,129.47
5/11/2008,129.47,130.2,126.06,126.89
6/11/2008,126.89,127.07,123.92,124.29
7/11/2008,124.29,126.37,122.48,124.9
10/11/2008,126.35,128.43,124.22,124.95
11/11/2008,124.95,125.48,121.85,122.27
12/11/2008,122.27,123.86,118.11,118.77
13/11/2008,118.77,126.03,117.65,124.78
14/11/2008,124.78,125.73,121.37,122.39
17/11/2008,121.54,123.9,120.19,121.99
18/11/2008,121.97,123.59,121.02,122.43
19/11/2008,122.43,124.29,119.5,119.55
20/11/2008,119.55,121.17,116.44,116.68
21/11/2008,116.64,120.84,116.48,120.71
24/11/2008,120.76,126.09,119.54,126.08
25/11/2008,126.08,126.21,122.64,124.43
26/11/2008,124.43,124.61,122.07,123.24
27/11/2008,123.24,123.67,122.48,122.89
28/11/2008,122.87,123.44,120.49,121.22
1/12/2008,121.44,121.48,117.34,117.52
2/12/2008,117.51,119.44,116.57,118.44
3/12/2008,118.44,119.26,116.83,118.64
4/12/2008,118.64,119.28,116.37,117.85
5/12/2008,117.85,118.75,115.9,118.18
8/12/2008,118.13,120.96,117.89,120.26
9/12/2008,120.28,120.28,118.41,119.07
10/12/2008,119.07,121.45,119.01,120.78
11/12/2008,120.78,122.72,120.28,122.09
12/12/2008,122.1,122.52,118.09,121.83
15/12/2008,122.12,124.58,121.67,124.09
16/12/2008,124.09,125.46,122.57,124.71
17/12/2008,124.71,126.78,124.24,125.8
18/12/2008,125.8,130.92,125.67,127.44
19/12/2008,127.44,128.22,123.72,124.22
22/12/2008,124.37,126.62,123.98,125.79
23/12/2008,125.79,127,125.64,126.72
24/12/2008,126.72,126.84,126.01,126.75
25/12/2008,126.74,127.82,125.58,126.67
26/12/2008,126.67,127.74,126.46,127.4
29/12/2008,127.53,129.69,126.23,126.26
30/12/2008,126.26,128.13,126.2,126.97
31/12/2008,126.97,127.76,125.39,126.7
1/1/2009,126.7,127.85,126.33,127.41
2/1/2009,127.41,128.03,126.04,127.76
5/1/2009,127.77,128.55,126.4,127.31
6/1/2009,127.35,127.39,125.19,126.75
7/1/2009,126.75,127.64,125.66,126.42
8/1/2009,126.43,126.51,124.11,124.96
9/1/2009,124.96,125.28,121.17,121.81
12/1/2009,121.5,121.65,118.66,119.19
13/1/2009,119.19,119.58,117.13,117.81
14/1/2009,117.81,119.74,116.58,117.46
15/1/2009,117.46,118.65,116.23,117.87
16/1/2009,117.87,120.72,117.77,120.37
19/1/2009,120.58,122.17,118.47,118.47
20/1/2009,118.47,118.82,115.53,115.85
21/1/2009,115.85,117.2,112.12,116.54
22/1/2009,116.54,116.8,113.99,115.59
23/1/2009,115.59,116.04,112.53,115.12
26/1/2009,115.33,117.94,113.75,117.51
27/1/2009,117.51,119.45,116.14,117.08
28/1/2009,117.08,119.56,117.03,118.88
29/1/2009,118.88,119.3,115.98,116.6
30/1/2009,116.61,116.68,114.62,115.23
2/2/2009,115.09,115.99,113.15,114.89
3/2/2009,114.89,116.7,114.41,116.63
4/2/2009,116.63,117.03,114.23,114.9
5/2/2009,114.9,118.89,114.37,116.63
6/2/2009,116.63,119.71,115.73,118.85
9/2/2009,118.85,120.01,117.09,118.94
10/2/2009,118.94,119.64,115.75,116.83
11/2/2009,116.83,117.28,115.93,116.66
12/2/2009,116.66,117.15,114.91,116.95
13/2/2009,116.95,118.8,116.56,118.37
16/2/2009,117.44,117.76,116.54,117.46
17/2/2009,117.46,117.46,115.65,116.27
18/2/2009,116.27,118.04,115.96,117.5
19/2/2009,117.5,120.34,117.31,119.37
20/2/2009,119.37,119.99,117.91,119.68
23/2/2009,119.89,121.93,119.08,120.1
24/2/2009,120.1,124.76,119.39,124.14
25/2/2009,124.14,125.15,123.1,123.92
26/2/2009,123.92,126.08,123.82,125.52
27/2/2009,125.53,125.55,122.11,123.61
2/3/2009,123.27,123.53,121.96,122.58
3/3/2009,122.58,124.22,121.75,123.31
4/3/2009,123.31,125.65,122.39,125.52
5/3/2009,125.53,125.76,122.72,123
6/3/2009,123,124.96,122.38,124.34
9/3/2009,124.39,125.46,123.98,124.65
10/3/2009,124.65,126.05,124.32,125.13
11/3/2009,125.13,125.71,124.1,124.86
12/3/2009,124.87,126.39,122.13,126.16
13/3/2009,126.16,127.64,125.45,126.65
16/3/2009,126.63,128.73,125.54,127.32
17/3/2009,127.32,128.53,127.17,128.35
18/3/2009,128.35,129.83,128,129.69
19/3/2009,129.68,130.32,128.18,129.17
20/3/2009,129.16,130.49,129.03,130.29
23/3/2009,130.33,132.57,130.02,132.17
24/3/2009,132.17,134.51,131.44,131.81
25/3/2009,131.81,132.88,130.78,132.48
26/3/2009,132.48,133.91,132.35,133.52
27/3/2009,133.52,133.86,129.39,130.04
30/3/2009,130.06,130.55,126.42,128.36
31/3/2009,128.36,131.88,128.24,131.13
1/4/2009,131.13,131.89,129.87,130.52
2/4/2009,130.52,134.23,130.32,133.98
3/4/2009,133.98,135.28,133.18,135.26
6/4/2009,134.61,137.41,133.72,135.49
7/4/2009,135.49,135.57,132.23,133.29
8/4/2009,133.29,133.78,130.98,132.48
9/4/2009,132.48,133.53,131.9,132.24
10/4/2009,132.24,132.3,131.55,132.18
13/4/2009,132.23,134.01,131.64,133.81
14/4/2009,133.81,134.33,131.06,131.25
15/4/2009,131.25,131.79,129.93,131.44
16/4/2009,131.44,132.02,129.37,130.9
17/4/2009,130.9,131.45,128.84,129.33
20/4/2009,129.38,129.69,126.18,126.48
21/4/2009,126.48,128.09,126.09,127.81
22/4/2009,127.81,128.11,126.23,127.48
23/4/2009,127.48,128.95,126.8,128.77
24/4/2009,128.77,129.26,127.26,128.66
27/4/2009,128.67,128.91,125.67,126.14
28/4/2009,126.14,126.88,124.39,126.79
29/4/2009,126.810000,130.040000,126.710000,129.710000
30/4/2009,129.430000,131.260000,128.940000,130.740000
1/5/2009,131.070000,132.340000,130.850000,131.820000
4/5/2009,132.020000,132.880000,131.350000,132.320000
5/5/2009,132.600000,132.820000,131.750000,132.370000
6/5/2009,131.370000,132.430000,129.870000,131.180000
7/5/2009,131.370000,133.600000,130.730000,132.350000
8/5/2009,132.740000,134.100000,132.160000,134.090000
11/5/2009,134.630000,134.710000,132.090000,132.520000
12/5/2009,132.630000,133.590000,130.780000,131.210000
13/5/2009,131.620000,132.410000,130.030000,130.050000
14/5/2009,128.990000,130.960000,128.970000,130.760000
15/5/2009,130.770000,131.010000,127.970000,128.010000
18/5/2009,127.600000,130.570000,127.550000,130.540000
19/5/2009,130.600000,131.850000,130.170000,131.260000
20/5/2009,131.070000,131.740000,129.790000,131.010000
21/5/2009,130.290000,131.470000,129.850000,130.960000
22/5/2009,130.290000,133.000000,130.810000,132.840000
25/5/2009,132.570000,133.440000,132.070000,132.710000
26/5/2009,132.910000,133.310000,131.470000,132.870000
27/5/2009,133.180000,133.540000,132.110000,132.760000
28/5/2009,132.210000,135.310000,132.070000,135.240000
29/5/2009,134.790000,135.730000,134.250000,134.430000
1/6/2009,134.540000,137.270000,133.880000,136.760000
2/6/2009,136.380000,137.470000,135.750000,137.010000
3/6/2009,132.600000,132.820000,131.750000,132.370000
4/6/2009,135.880000,137.450000,135.820000,137.180000
5/6/2009,136.930000,139.260000,136.270000,137.400000
8/6/2009,137.900000,137.960000,135.990000,136.800000
9/6/2009,137.180000,137.180000,135.710000,137.050000
10/6/2009,132.600000,132.820000,131.750000,132.370000
11/6/2009,132.600000,132.820000,131.750000,132.370000
12/6/2009,137.820000,138.300000,136.880000,137.760000
15/6/2009,137.540000,137.550000,134.450000,134.590000
16/6/2009,134.430000,135.380000,132.740000,133.550000
17/6/2009,133.050000,134.630000,132.370000,133.590000
18/6/2009,133.770000,134.990000,133.040000,134.180000
19/6/2009,134.400000,135.180000,134.070000,134.180000
22/6/2009,133.820000,133.950000,132.510000,132.950000
23/6/2009,132.320000,134.400000,131.430000,134.130000
24/6/2009,134.180000,134.990000,133.040000,133.050000
25/6/2009,133.540000,134.820000,133.520000,134.100000
26/6/2009,134.230000,134.950000,133.730000,133.930000
29/6/2009,133.960000,135.490000,133.370000,135.300000
30/6/2009,135.180000,135.820000,135.070000,135.760000
1/7/2009,135.180000,136.900000,135.070000,136.710000
3/7/2009,133.760000,134.820000,133.600000,134.130000
7/7/2009,133.270000,133.930000,132.050000,132.180000
8/7/2009,131.680000,131.760000,127.850000,127.860000
9/7/2009,130.380000,130.460000,130.180000,130.340000
10/7/2009,130.380000,130.520000,127.820000,128.870000
13/7/2009,129.490000,129.900000,128.010000,129.850000
14/7/2009,130.260000,130.760000,129.370000,129.880000
15/7/2009,130.740000,133.370000,130.600000,133.370000
16/7/2009,132.880000,133.230000,131.620000,132.570000
20/7/2009,133.340000,134.760000,133.290000,134.070000
21/7/2009,133.820000,134.510000,132.400000,132.740000
22/7/2009,132.650000,133.620000,132.120000,133.150000
23/7/2009,133.010000,135.650000,133.010000,135.160000
27/7/2009,134.400000,136.100000,134.260000,135.570000
28/7/2009,135.510000,135.990000,132.900000,134.020000
29/7/2009,133.700000,134.400000,132.800000,133.010000
30/7/2009,133.650000,134.900000,133.210000,134.650000
31/7/2009,134.460000,135.570000,134.290000,135.100000
4/8/2009,137.570000,137.680000,135.990000,137.070000
5/8/2009,137.090000,137.600000,136.210000,137.040000
8/9/2009,133.200000,133.870000,132.820000,133.820000
11/9/2009,133.790000,133.790000,131.560000,132.130000
14/9/2009,131.870000,133.020000,131.300000,132.850000
1/10/2009,131.290000,131.740000,130.130000,130.400000
7/10/2009,130.800000,131.100000,129.580000,129.990000
9/10/2009,131.110000,132.200000,130.850000,132.070000
13/10/2009,132.660000,133.510000,132.570000,133.240000
16/10/2009,135.790000,136.070000,134.980000,135.400000
2/11/2009,132.610000,134.520000,132.610000,133.320000
5/11/2009,134.410000,135.070000,133.370000,134.790000
10/11/2009,134.850000,135.400000,134.130000,134.400000
11/11/2009,134.390000,135.360000,133.820000,134.490000
24/11/2009,132.860000,133.020000,132.020000,132.540000
25/11/2009,132.290000,132.700000,131.510000,132.270000
26/11/2009,132.260000,132.260000,129.510000,129.990000
2/12/2009,130.900000,131.990000,130.820000,131.510000
3/12/2009,132.240000,133.550000,132.180000,133.200000
4/12/2009,132.630000,134.560000,132.570000,134.540000
8/12/2009,132.520000,132.520000,129.800000,129.860000
9/12/2009,129.870000,130.380000,128.790000,129.260000
11/12/2009,129.900000,131.600000,129.900000,130.380000
18/12/2009,128.240000,130.020000,128.130000,129.470000
22/12/2009,130.260000,131.080000,130.230000,130.900000
1/1/2010,132.740000,133.600000,132.630000,133.320000
11/1/2010,133.770000,134.380000,133.510000,133.640000
19/1/2010,130.570000,130.710000,129.640000,130.200000
20/1/2010,130.100000,130.120000,128.400000,128.710000
2/2/2010,0.000000,0.000000,0.000000,0.000000
4/2/2010,126.290000,126.390000,124.940000,124.940000
15/2/2010,122.670000,122.880000,122.290000,122.360000
16/2/2010,122.520000,123.150000,122.430000,123.000000
22/2/2010,124.960000,125.160000,123.640000,124.040000
24/2/2010,122.000000,122.610000,121.640000,122.020000
25/2/2010,121.830000,121.830000,119.650000,120.730000
1/3/2010,121.240000,121.900000,120.060000,120.920000
5/3/2010,121.200000,123.330000,121.110000,123.100000
11/3/2010,123.290000,123.890000,123.020000,123.860000
18/3/2010,123.930000,123.970000,122.660000,122.920000
25/3/2010,122.460000,123.890000,122.270000,123.150000
21/4/2010,125.040000,125.540000,124.280000,124.640000
7/5/2010,111.490000,118.840000,111.490000,116.605000
10/5/2010,116.565000,122.290000,116.565000,119.090000
12/5/2010,117.460000,118.430000,116.565000,117.690000
