30/4/2007,1.364,1.3679,1.359,1.3648
1/5/2007,1.3647,1.3673,1.3591,1.3604
2/5/2007,1.3604,1.3612,1.3561,1.3592
3/5/2007,1.3592,1.3622,1.3547,1.3549
4/5/2007,1.3549,1.3611,1.3536,1.3591
7/5/2007,1.3606,1.3628,1.3591,1.3601
8/5/2007,1.36,1.3622,1.3516,1.3543
9/5/2007,1.3542,1.3566,1.352,1.3528
10/5/2007,1.3527,1.3564,1.3465,1.3485
11/5/2007,1.3484,1.3532,1.3462,1.3524
14/5/2007,1.352,1.3558,1.352,1.3546
15/5/2007,1.3545,1.3609,1.3527,1.3591
16/5/2007,1.359,1.3609,1.3504,1.3515
17/5/2007,1.3514,1.3544,1.3477,1.3494
18/5/2007,1.3494,1.3522,1.3465,1.3509
21/5/2007,1.3508,1.3531,1.3437,1.3469
22/5/2007,1.3468,1.3476,1.3439,1.3448
23/5/2007,1.3448,1.3502,1.3416,1.3459
24/5/2007,1.3459,1.3462,1.3415,1.3429
25/5/2007,1.3428,1.3473,1.3412,1.3442
28/5/2007,1.3437,1.3459,1.3434,1.3452
29/5/2007,1.3451,1.352,1.342,1.3448
30/5/2007,1.3448,1.3458,1.3407,1.3429
31/5/2007,1.3428,1.3477,1.3423,1.3453
1/6/2007,1.3452,1.3464,1.3392,1.3449
4/6/2007,1.3448,1.3499,1.3432,1.3489
5/6/2007,1.3489,1.3554,1.3488,1.3524
6/6/2007,1.3523,1.3538,1.3485,1.3503
7/6/2007,1.3503,1.3513,1.3422,1.3433
8/6/2007,1.3433,1.3436,1.3321,1.3373
11/6/2007,1.333,1.3385,1.333,1.3357
12/6/2007,1.3357,1.3369,1.3302,1.3302
13/6/2007,1.3301,1.3315,1.3264,1.3311
14/6/2007,1.3311,1.3324,1.3279,1.3312
15/6/2007,1.3311,1.3389,1.3306,1.3388
18/6/2007,1.3391,1.3418,1.3376,1.3414
19/6/2007,1.3414,1.3437,1.3384,1.3427
20/6/2007,1.3426,1.3438,1.3396,1.3404
21/6/2007,1.3405,1.3409,1.3372,1.3389
22/6/2007,1.3389,1.347,1.3382,1.347
25/6/2007,1.3468,1.3473,1.3439,1.3463
26/6/2007,1.3462,1.3478,1.3432,1.3454
27/6/2007,1.3454,1.3459,1.3415,1.3453
28/6/2007,1.3453,1.3481,1.3423,1.3449
29/6/2007,1.3449,1.3542,1.3431,1.3541
2/7/2007,1.3544,1.3638,1.3529,1.3623
3/7/2007,1.3622,1.3635,1.3584,1.3608
4/7/2007,1.3608,1.3631,1.3606,1.3613
5/7/2007,1.3612,1.3659,1.3579,1.3599
6/7/2007,1.3598,1.3641,1.3569,1.3627
9/7/2007,1.3611,1.3638,1.3611,1.3626
10/7/2007,1.3626,1.3748,1.3594,1.3747
11/7/2007,1.3747,1.3784,1.3731,1.3745
12/7/2007,1.3745,1.3798,1.3741,1.3789
13/7/2007,1.3789,1.3814,1.3763,1.3782
16/7/2007,1.3796,1.3803,1.3759,1.3772
17/7/2007,1.3772,1.3799,1.3757,1.3781
18/7/2007,1.3781,1.3833,1.3752,1.3803
19/7/2007,1.3802,1.3831,1.3786,1.3804
20/7/2007,1.3803,1.3843,1.378,1.3827
23/7/2007,1.3825,1.3845,1.3795,1.3807
24/7/2007,1.3806,1.3852,1.3799,1.3823
25/7/2007,1.3822,1.3833,1.3696,1.3721
26/7/2007,1.3721,1.3771,1.3692,1.3747
27/7/2007,1.3745,1.3753,1.3627,1.3636
30/7/2007,1.3615,1.3705,1.361,1.3697
31/7/2007,1.3696,1.3727,1.3679,1.3684
1/8/2007,1.3683,1.371,1.3637,1.3667
2/8/2007,1.3667,1.3705,1.3651,1.3703
3/8/2007,1.3702,1.3819,1.3684,1.3773
6/8/2007,1.3766,1.3839,1.3766,1.3793
7/8/2007,1.3793,1.3816,1.3736,1.3736
8/8/2007,1.3735,1.3826,1.3721,1.3798
9/8/2007,1.3797,1.3817,1.3655,1.3678
10/8/2007,1.3677,1.3706,1.3642,1.3693
13/8/2007,1.3691,1.3709,1.3604,1.3613
14/8/2007,1.3613,1.3626,1.3531,1.3533
15/8/2007,1.3532,1.354,1.344,1.3442
16/8/2007,1.3441,1.3447,1.3361,1.3426
17/8/2007,1.3425,1.3546,1.337,1.3475
20/8/2007,1.346,1.3508,1.346,1.3474
21/8/2007,1.3476,1.3521,1.3457,1.3466
22/8/2007,1.3465,1.3551,1.3451,1.3543
23/8/2007,1.3542,1.3587,1.3534,1.3565
24/8/2007,1.3564,1.3682,1.3554,1.3675
27/8/2007,1.3669,1.3685,1.3636,1.3647
28/8/2007,1.3645,1.368,1.3602,1.3603
29/8/2007,1.3605,1.3679,1.3563,1.3677
30/8/2007,1.3677,1.3681,1.3592,1.3625
31/8/2007,1.3624,1.3719,1.3621,1.3629
3/9/2007,1.3625,1.3654,1.3607,1.3624
4/9/2007,1.3623,1.3626,1.3551,1.3605
5/9/2007,1.3604,1.3671,1.3569,1.3646
6/9/2007,1.3646,1.3709,1.3635,1.3691
7/9/2007,1.369,1.3798,1.3663,1.3768
10/9/2007,1.3768,1.3816,1.3766,1.3802
11/9/2007,1.3802,1.3848,1.3778,1.3839
12/9/2007,1.3839,1.3914,1.3825,1.3904
13/9/2007,1.3902,1.3927,1.3863,1.3885
14/9/2007,1.3883,1.3895,1.3844,1.3875
17/9/2007,1.3854,1.3888,1.3844,1.3867
18/9/2007,1.3867,1.3988,1.3828,1.3984
19/9/2007,1.3983,1.3987,1.3936,1.3957
20/9/2007,1.3957,1.4098,1.3955,1.4064
21/9/2007,1.4063,1.412,1.4042,1.4091
24/9/2007,1.4077,1.413,1.4067,1.4087
25/9/2007,1.4086,1.4154,1.4062,1.4138
26/9/2007,1.4139,1.4162,1.4112,1.4128
27/9/2007,1.4127,1.4189,1.4124,1.4153
28/9/2007,1.4152,1.4278,1.4145,1.4267
1/10/2007,1.4277,1.4283,1.4211,1.4231
2/10/2007,1.4231,1.4238,1.4139,1.4154
3/10/2007,1.4153,1.42,1.4083,1.409
4/10/2007,1.4091,1.415,1.4067,1.4138
5/10/2007,1.4138,1.4157,1.4041,1.4136
8/10/2007,1.4138,1.4154,1.4036,1.4048
9/10/2007,1.4047,1.4113,1.4015,1.4106
10/10/2007,1.4105,1.4171,1.4094,1.4145
11/10/2007,1.4145,1.4241,1.4136,1.4196
12/10/2007,1.4196,1.4213,1.4154,1.4178
15/10/2007,1.413,1.4243,1.413,1.4205
16/10/2007,1.4204,1.4226,1.4144,1.4173
17/10/2007,1.4172,1.423,1.4158,1.4208
18/10/2007,1.4207,1.431,1.4197,1.4295
19/10/2007,1.4294,1.4319,1.4245,1.4301
22/10/2007,1.428,1.4348,1.4126,1.4181
23/10/2007,1.4181,1.4279,1.4172,1.4263
24/10/2007,1.4262,1.4268,1.4189,1.4266
25/10/2007,1.4266,1.4344,1.4248,1.4324
26/10/2007,1.4323,1.4395,1.4317,1.4393
29/10/2007,1.4395,1.4438,1.4377,1.4425
30/10/2007,1.4425,1.4441,1.4374,1.4432
31/10/2007,1.4432,1.4504,1.4419,1.4487
1/11/2007,1.4487,1.4487,1.4404,1.4425
2/11/2007,1.4424,1.4528,1.4416,1.4504
5/11/2007,1.45,1.4524,1.4444,1.4469
6/11/2007,1.4469,1.457,1.4466,1.4557
7/11/2007,1.4555,1.4731,1.4555,1.4637
8/11/2007,1.4639,1.4703,1.4615,1.4676
9/11/2007,1.4674,1.4752,1.4633,1.4678
12/11/2007,1.4669,1.4679,1.4526,1.4531
13/11/2007,1.4533,1.4633,1.4521,1.4602
14/11/2007,1.4602,1.4725,1.4598,1.4651
15/11/2007,1.465,1.4704,1.4605,1.4612
16/11/2007,1.4611,1.4672,1.4581,1.4662
19/11/2007,1.4667,1.4688,1.4621,1.4665
20/11/2007,1.4664,1.4852,1.4636,1.4841
21/11/2007,1.4839,1.487,1.4776,1.4858
22/11/2007,1.4857,1.4873,1.4822,1.4849
23/11/2007,1.4848,1.4967,1.4785,1.4837
26/11/2007,1.4824,1.4886,1.4806,1.4872
27/11/2007,1.4871,1.4908,1.4809,1.4829
28/11/2007,1.4828,1.4858,1.4712,1.4841
29/11/2007,1.484,1.4843,1.4723,1.4744
30/11/2007,1.4743,1.4785,1.4629,1.4633
3/12/2007,1.4643,1.4709,1.4621,1.4667
4/12/2007,1.4667,1.4768,1.4635,1.4758
5/12/2007,1.4758,1.477,1.4593,1.461
6/12/2007,1.461,1.4651,1.4526,1.4638
7/12/2007,1.4637,1.4673,1.4599,1.4658
10/12/2007,1.4654,1.4736,1.4641,1.4712
11/12/2007,1.4712,1.475,1.464,1.4655
12/12/2007,1.4655,1.4749,1.4651,1.4706
13/12/2007,1.4706,1.4737,1.4577,1.4633
14/12/2007,1.4633,1.4656,1.4412,1.4429
17/12/2007,1.4425,1.4453,1.4331,1.44
18/12/2007,1.44,1.4436,1.4367,1.4414
19/12/2007,1.4414,1.4423,1.4326,1.4383
20/12/2007,1.4383,1.4391,1.4311,1.4329
21/12/2007,1.4329,1.441,1.4316,1.4382
24/12/2007,1.4373,1.4413,1.4368,1.4395
25/12/2007,1.4395,1.4445,1.4388,1.4402
26/12/2007,1.4402,1.4505,1.4386,1.4489
27/12/2007,1.4489,1.4639,1.4469,1.4626
28/12/2007,1.4626,1.4728,1.4592,1.4723
31/12/2007,1.4718,1.4748,1.4569,1.4589
1/1/2008,1.459,1.4619,1.4573,1.4592
2/1/2008,1.4592,1.475,1.4587,1.4715
3/1/2008,1.4715,1.4781,1.4688,1.475
4/1/2008,1.475,1.4825,1.4695,1.4743
7/1/2008,1.4745,1.4757,1.4658,1.4696
8/1/2008,1.4696,1.4742,1.4681,1.4707
9/1/2008,1.4707,1.4743,1.4639,1.4659
10/1/2008,1.4659,1.4814,1.4642,1.4804
11/1/2008,1.4804,1.4819,1.4761,1.4776
14/1/2008,1.4777,1.4915,1.4774,1.4869
15/1/2008,1.4869,1.4922,1.48,1.4804
16/1/2008,1.4804,1.4859,1.4594,1.4652
17/1/2008,1.4652,1.4714,1.4589,1.4642
18/1/2008,1.4642,1.4696,1.4602,1.4621
21/1/2008,1.4612,1.4614,1.4422,1.4454
22/1/2008,1.4454,1.4644,1.4365,1.4629
23/1/2008,1.4629,1.4684,1.4511,1.4629
24/1/2008,1.4629,1.4779,1.4592,1.4755
25/1/2008,1.4755,1.4777,1.4661,1.4681
28/1/2008,1.4679,1.4798,1.4662,1.4781
29/1/2008,1.4781,1.4797,1.4737,1.4776
30/1/2008,1.4776,1.4907,1.4755,1.4862
31/1/2008,1.4862,1.4914,1.4803,1.4861
1/2/2008,1.4861,1.4949,1.4787,1.4802
4/2/2008,1.4808,1.4849,1.4794,1.483
5/2/2008,1.483,1.4835,1.4622,1.4647
6/2/2008,1.4647,1.4671,1.4591,1.4632
7/2/2008,1.4632,1.4652,1.444,1.4485
8/2/2008,1.4485,1.4546,1.4451,1.4504
11/2/2008,1.4512,1.4577,1.4482,1.4519
12/2/2008,1.4519,1.4615,1.4496,1.4584
13/2/2008,1.4584,1.4599,1.4532,1.4573
14/2/2008,1.4573,1.4649,1.4549,1.4643
15/2/2008,1.4643,1.4709,1.4631,1.4682
18/2/2008,1.4675,1.469,1.4611,1.4658
19/2/2008,1.4658,1.4757,1.4642,1.4725
20/2/2008,1.4725,1.4732,1.4614,1.4715
21/2/2008,1.4715,1.4838,1.4703,1.4814
22/2/2008,1.4814,1.4863,1.4789,1.4827
25/2/2008,1.4827,1.4844,1.4795,1.483
26/2/2008,1.483,1.4985,1.4778,1.4974
27/2/2008,1.4974,1.5144,1.4972,1.512
28/2/2008,1.512,1.5229,1.5073,1.5193
29/2/2008,1.5193,1.5239,1.5144,1.5179
3/3/2008,1.5187,1.5275,1.5158,1.5204
4/3/2008,1.5204,1.5249,1.5174,1.5217
5/3/2008,1.5217,1.5303,1.5145,1.5265
6/3/2008,1.5265,1.5394,1.5261,1.538
7/3/2008,1.538,1.5459,1.5315,1.5355
10/3/2008,1.5345,1.5404,1.5313,1.5343
11/3/2008,1.5343,1.5495,1.5283,1.5338
12/3/2008,1.5338,1.5571,1.5332,1.5551
13/3/2008,1.5551,1.5645,1.5523,1.5635
14/3/2008,1.5635,1.5688,1.5533,1.5674
17/3/2008,1.5664,1.5903,1.5663,1.5729
18/3/2008,1.5729,1.5832,1.5619,1.5625
19/3/2008,1.5625,1.5785,1.5583,1.5626
20/3/2008,1.5626,1.5651,1.5397,1.5428
21/3/2008,1.5428,1.5472,1.5405,1.5431
24/3/2008,1.5441,1.5456,1.5341,1.5423
25/3/2008,1.5423,1.5658,1.5407,1.565
26/3/2008,1.565,1.5858,1.5584,1.5845
27/3/2008,1.5845,1.5848,1.5727,1.5779
28/3/2008,1.5779,1.5839,1.5741,1.5796
31/3/2008,1.5797,1.5896,1.576,1.5788
1/4/2008,1.5788,1.5789,1.5564,1.5614
2/4/2008,1.5614,1.5702,1.5533,1.5686
3/4/2008,1.5686,1.5698,1.5511,1.5684
4/4/2008,1.5684,1.5774,1.5638,1.5737
7/4/2008,1.5733,1.5738,1.5628,1.5711
8/4/2008,1.5711,1.5798,1.5675,1.5712
9/4/2008,1.5712,1.5865,1.5683,1.5831
10/4/2008,1.5831,1.5913,1.5725,1.5742
11/4/2008,1.5742,1.5855,1.5739,1.5808
14/4/2008,1.5745,1.5886,1.56,1.5832
15/4/2008,1.5832,1.5875,1.5751,1.579
16/4/2008,1.579,1.5979,1.5759,1.5947
17/4/2008,1.5947,1.5983,1.5847,1.5908
18/4/2008,1.5908,1.5956,1.5712,1.5817
21/4/2008,1.5814,1.5947,1.5792,1.5912
22/4/2008,1.5912,1.6019,1.5834,1.5991
23/4/2008,1.5991,1.6003,1.5861,1.5889
24/4/2008,1.5889,1.5897,1.5638,1.5682
25/4/2008,1.5682,1.5707,1.5555,1.563
28/4/2008,1.5629,1.5693,1.5593,1.5657
29/4/2008,1.5657,1.5664,1.5541,1.5572
30/4/2008,1.5572,1.5644,1.5518,1.5622
1/5/2008,1.5621,1.5643,1.5431,1.5474
2/5/2008,1.5475,1.5498,1.5361,1.5424
5/5/2008,1.5421,1.5519,1.5412,1.5496
6/5/2008,1.5497,1.5594,1.5453,1.5532
7/5/2008,1.5532,1.5539,1.5366,1.5392
8/5/2008,1.5393,1.5441,1.5285,1.5393
9/5/2008,1.5394,1.5489,1.5392,1.5482
12/5/2008,1.5485,1.557,1.5366,1.5553
13/5/2008,1.5553,1.5566,1.5431,1.5474
14/5/2008,1.5474,1.5486,1.5396,1.5474
15/5/2008,1.5473,1.5546,1.542,1.5448
16/5/2008,1.5448,1.5601,1.5436,1.5577
19/5/2008,1.5585,1.5633,1.5486,1.551
20/5/2008,1.551,1.568,1.5504,1.5646
21/5/2008,1.5646,1.5797,1.5633,1.5795
22/5/2008,1.5795,1.5814,1.5693,1.5733
23/5/2008,1.5733,1.5794,1.5697,1.5762
26/5/2008,1.576,1.5792,1.5741,1.577
27/5/2008,1.577,1.5818,1.5682,1.5691
28/5/2008,1.5691,1.576,1.5609,1.5638
29/5/2008,1.5639,1.5664,1.5486,1.5519
30/5/2008,1.5518,1.5569,1.5461,1.5554
2/6/2008,1.5546,1.5589,1.5487,1.5537
3/6/2008,1.5538,1.5628,1.5411,1.5445
4/6/2008,1.5444,1.5483,1.5419,1.544
5/6/2008,1.5441,1.5601,1.5365,1.5593
6/6/2008,1.5593,1.5778,1.5572,1.5778
9/6/2008,1.5779,1.5843,1.5619,1.5646
10/6/2008,1.5646,1.5654,1.5441,1.5467
11/6/2008,1.5467,1.5587,1.5445,1.5552
12/6/2008,1.5551,1.5566,1.538,1.5439
13/6/2008,1.5438,1.5483,1.5303,1.538
16/6/2008,1.5372,1.5518,1.5346,1.5477
17/6/2008,1.5477,1.5552,1.5461,1.5511
18/6/2008,1.551,1.5537,1.5463,1.5535
19/6/2008,1.5535,1.5587,1.5467,1.5504
20/6/2008,1.5504,1.5651,1.5492,1.5606
23/6/2008,1.5607,1.5636,1.5469,1.5518
24/6/2008,1.5517,1.5621,1.5492,1.5568
25/6/2008,1.5568,1.5686,1.5537,1.5666
26/6/2008,1.5666,1.5767,1.563,1.5757
27/6/2008,1.5758,1.5794,1.572,1.5794
30/6/2008,1.5791,1.5836,1.5731,1.5755
1/7/2008,1.5755,1.5827,1.5723,1.5793
2/7/2008,1.5792,1.5888,1.5777,1.5882
3/7/2008,1.5883,1.5909,1.5682,1.5703
4/7/2008,1.5705,1.5727,1.5656,1.5706
7/7/2008,1.5705,1.5753,1.5611,1.5726
8/7/2008,1.5726,1.5739,1.5635,1.567
9/7/2008,1.5671,1.5749,1.565,1.5743
10/7/2008,1.5742,1.5801,1.5691,1.5788
11/7/2008,1.5789,1.5947,1.5765,1.5938
14/7/2008,1.5936,1.5971,1.5841,1.5908
15/7/2008,1.5909,1.6038,1.5866,1.5911
16/7/2008,1.5912,1.5948,1.5801,1.5827
17/7/2008,1.5826,1.5893,1.5783,1.5863
18/7/2008,1.5863,1.5887,1.5807,1.5847
21/7/2008,1.5853,1.5931,1.5828,1.5922
22/7/2008,1.5921,1.5944,1.5758,1.5783
23/7/2008,1.5782,1.5798,1.567,1.5698
24/7/2008,1.5699,1.5713,1.5629,1.5677
25/7/2008,1.5676,1.5753,1.5662,1.5709
28/7/2008,1.5708,1.5768,1.5684,1.5741
29/7/2008,1.574,1.5757,1.5554,1.5588
30/7/2008,1.5588,1.5617,1.5522,1.5576
31/7/2008,1.5576,1.57,1.5569,1.5603
1/8/2008,1.5603,1.5604,1.5515,1.5564
4/8/2008,1.5562,1.5631,1.5542,1.5576
5/8/2008,1.5576,1.5578,1.5447,1.5454
6/8/2008,1.5454,1.5516,1.5398,1.5408
7/8/2008,1.5407,1.5502,1.531,1.5325
8/8/2008,1.5324,1.5335,1.4998,1.5005
11/8/2008,1.5009,1.5083,1.4881,1.4909
12/8/2008,1.491,1.4964,1.4816,1.4926
13/8/2008,1.4926,1.498,1.4843,1.4919
14/8/2008,1.4918,1.4949,1.4778,1.4826
15/8/2008,1.4826,1.4826,1.4659,1.4687
18/8/2008,1.4685,1.4768,1.4647,1.4694
19/8/2008,1.4695,1.4793,1.4631,1.4776
20/8/2008,1.4775,1.4806,1.4673,1.4747
21/8/2008,1.4747,1.4903,1.4732,1.4899
22/8/2008,1.49,1.4908,1.4758,1.4793
25/8/2008,1.4783,1.4808,1.4697,1.4754
26/8/2008,1.4754,1.476,1.4571,1.4653
27/8/2008,1.4654,1.4776,1.4633,1.4727
28/8/2008,1.4727,1.4811,1.4672,1.4706
29/8/2008,1.4707,1.4767,1.464,1.4673
1/9/2008,1.4675,1.4727,1.4582,1.4617
2/9/2008,1.4617,1.4617,1.4467,1.452
3/9/2008,1.452,1.4531,1.4385,1.4498
4/9/2008,1.4496,1.4544,1.4316,1.4325
5/9/2008,1.4325,1.4348,1.4196,1.4267
8/9/2008,1.4281,1.4429,1.4054,1.4128
9/9/2008,1.4129,1.4226,1.4047,1.4133
10/9/2008,1.4133,1.4179,1.3993,1.3998
11/9/2008,1.3999,1.4001,1.3882,1.3998
12/9/2008,1.3999,1.4232,1.3974,1.4224
15/9/2008,1.4205,1.4481,1.4085,1.4243
16/9/2008,1.4243,1.4291,1.4073,1.4129
17/9/2008,1.4129,1.4384,1.4076,1.4326
18/9/2008,1.4326,1.4541,1.4279,1.4348
19/9/2008,1.4347,1.4498,1.4153,1.4466
22/9/2008,1.4469,1.4866,1.4437,1.4774
23/9/2008,1.4776,1.4825,1.4622,1.4648
24/9/2008,1.4647,1.4747,1.4611,1.4621
25/9/2008,1.4622,1.4768,1.4561,1.4609
26/9/2008,1.4608,1.4678,1.4556,1.4614
29/9/2008,1.4599,1.4636,1.4302,1.4434
30/9/2008,1.4434,1.4435,1.4009,1.4092
1/10/2008,1.4092,1.4174,1.3976,1.4009
2/10/2008,1.4009,1.4032,1.3748,1.3819
3/10/2008,1.3819,1.3907,1.3703,1.3772
6/10/2008,1.3719,1.3729,1.3444,1.3499
7/10/2008,1.3499,1.3743,1.3481,1.3588
8/10/2008,1.3589,1.3755,1.3544,1.3654
9/10/2008,1.3653,1.3784,1.358,1.3604
10/10/2008,1.3604,1.3651,1.3259,1.3408
13/10/2008,1.35,1.3682,1.3457,1.3581
14/10/2008,1.3582,1.3769,1.3576,1.3619
15/10/2008,1.3619,1.3687,1.3484,1.3499
16/10/2008,1.35,1.3538,1.3346,1.3456
17/10/2008,1.3456,1.3518,1.3387,1.341
20/10/2008,1.3406,1.353,1.3288,1.3344
21/10/2008,1.3343,1.3358,1.3051,1.3063
22/10/2008,1.3063,1.3077,1.2743,1.2855
23/10/2008,1.2854,1.2935,1.2728,1.2934
24/10/2008,1.2935,1.3006,1.2497,1.2623
27/10/2008,1.2585,1.2686,1.2334,1.2493
28/10/2008,1.2493,1.2742,1.233,1.2683
29/10/2008,1.2683,1.2991,1.2626,1.2963
30/10/2008,1.2964,1.3292,1.2805,1.2915
31/10/2008,1.2913,1.2924,1.2668,1.2726
3/11/2008,1.275,1.2898,1.2595,1.2643
4/11/2008,1.2643,1.3048,1.2527,1.2981
5/11/2008,1.2981,1.3116,1.2794,1.2954
6/11/2008,1.2955,1.2956,1.2679,1.2715
7/11/2008,1.2715,1.285,1.2653,1.2718
10/11/2008,1.2786,1.2927,1.2718,1.2748
11/11/2008,1.2748,1.28,1.2507,1.2522
12/11/2008,1.2522,1.2632,1.2468,1.2505
13/11/2008,1.2505,1.2855,1.2389,1.2769
14/11/2008,1.2769,1.2828,1.2573,1.2605
17/11/2008,1.2587,1.2741,1.2513,1.265
18/11/2008,1.265,1.27,1.2567,1.2618
19/11/2008,1.2618,1.2814,1.2484,1.2489
20/11/2008,1.2489,1.2593,1.2434,1.2453
21/11/2008,1.2453,1.2638,1.2425,1.2587
24/11/2008,1.259,1.2955,1.2568,1.2953
25/11/2008,1.2953,1.308,1.2804,1.3064
26/11/2008,1.3064,1.3071,1.282,1.288
27/11/2008,1.2881,1.2968,1.2861,1.2904
28/11/2008,1.2904,1.2957,1.2645,1.2691
1/12/2008,1.271,1.2717,1.2583,1.2611
2/12/2008,1.261,1.2766,1.2563,1.2714
3/12/2008,1.2713,1.2742,1.2603,1.2717
4/12/2008,1.2716,1.2848,1.255,1.2777
5/12/2008,1.2777,1.2799,1.2628,1.2718
8/12/2008,1.2725,1.2967,1.2715,1.2963
9/12/2008,1.2964,1.3001,1.28,1.2927
10/12/2008,1.2927,1.307,1.2904,1.3023
11/12/2008,1.3023,1.3405,1.3001,1.3352
12/12/2008,1.3352,1.3415,1.3251,1.3369
15/12/2008,1.336,1.3722,1.3355,1.3688
16/12/2008,1.3688,1.4147,1.363,1.4002
17/12/2008,1.4,1.4437,1.3995,1.4419
18/12/2008,1.4419,1.4719,1.4186,1.424
19/12/2008,1.4244,1.431,1.3826,1.3912
22/12/2008,1.3925,1.4125,1.3903,1.3944
23/12/2008,1.3944,1.4021,1.3921,1.3928
24/12/2008,1.3928,1.4019,1.3915,1.4013
25/12/2008,1.4013,1.4055,1.3981,1.4025
26/12/2008,1.402,1.4119,1.3989,1.4028
29/12/2008,1.4069,1.4364,1.3921,1.3927
30/12/2008,1.3927,1.4221,1.3916,1.4057
31/12/2008,1.4057,1.4148,1.3852,1.3971
1/1/2009,1.3971,1.4045,1.3944,1.4045
2/1/2009,1.4045,1.4058,1.3841,1.3921
5/1/2009,1.3909,1.3963,1.3547,1.3635
6/1/2009,1.3635,1.3659,1.3313,1.3536
7/1/2009,1.3536,1.3747,1.3432,1.3644
8/1/2009,1.3645,1.3799,1.3535,1.3702
9/1/2009,1.3702,1.3751,1.3415,1.3476
12/1/2009,1.347,1.3489,1.3289,1.3362
13/1/2009,1.3362,1.3374,1.3141,1.3182
14/1/2009,1.3182,1.3336,1.3093,1.3191
15/1/2009,1.3191,1.3241,1.3026,1.3115
16/1/2009,1.3115,1.3344,1.3111,1.3267
19/1/2009,1.3279,1.3387,1.3067,1.3069
20/1/2009,1.3069,1.3104,1.2856,1.2904
21/1/2009,1.2904,1.3086,1.2825,1.3023
22/1/2009,1.3023,1.3082,1.2908,1.3001
23/1/2009,1.3001,1.3035,1.2765,1.2975
26/1/2009,1.2983,1.3208,1.2862,1.3189
27/1/2009,1.3189,1.333,1.3118,1.316
28/1/2009,1.316,1.3327,1.3103,1.3166
29/1/2009,1.3166,1.3179,1.2933,1.2954
30/1/2009,1.2954,1.2958,1.2764,1.2813
2/2/2009,1.2799,1.2899,1.2706,1.2843
3/2/2009,1.2843,1.3058,1.2801,1.304
4/2/2009,1.304,1.307,1.2813,1.2849
5/2/2009,1.2849,1.2905,1.2761,1.279
6/2/2009,1.279,1.2992,1.2747,1.294
9/2/2009,1.2915,1.3093,1.2874,1.3003
10/2/2009,1.3003,1.3075,1.281,1.2913
11/2/2009,1.2913,1.2997,1.2834,1.2906
12/2/2009,1.2906,1.2944,1.2722,1.2861
13/2/2009,1.2861,1.2943,1.2821,1.2862
16/2/2009,1.2854,1.2864,1.2727,1.2801
17/2/2009,1.2801,1.2804,1.2563,1.2582
18/2/2009,1.2582,1.2641,1.2513,1.253
19/2/2009,1.253,1.276,1.2527,1.2674
20/2/2009,1.2674,1.2884,1.2558,1.2826
23/2/2009,1.2844,1.2992,1.2692,1.2694
24/2/2009,1.2694,1.2877,1.2663,1.2846
25/2/2009,1.2846,1.2899,1.2691,1.2723
26/2/2009,1.2723,1.2811,1.2682,1.2744
27/2/2009,1.2744,1.275,1.2604,1.2669
2/3/2009,1.264,1.2646,1.2546,1.2578
3/3/2009,1.2578,1.2678,1.2522,1.2561
4/3/2009,1.2561,1.2663,1.2457,1.2661
5/3/2009,1.2661,1.2664,1.2481,1.254
6/3/2009,1.254,1.2754,1.2533,1.2653
9/3/2009,1.265,1.2727,1.2556,1.2611
10/3/2009,1.2611,1.2822,1.2579,1.2682
11/3/2009,1.2682,1.2864,1.2617,1.2837
12/3/2009,1.2837,1.2945,1.2732,1.2913
13/3/2009,1.2913,1.2958,1.2863,1.2928
16/3/2009,1.289,1.3072,1.2834,1.2968
17/3/2009,1.2967,1.3033,1.2932,1.3017
18/3/2009,1.3017,1.3499,1.2987,1.3476
19/3/2009,1.3472,1.3739,1.3416,1.3666
20/3/2009,1.3665,1.3727,1.3518,1.3582
23/3/2009,1.3581,1.3736,1.3486,1.3633
24/3/2009,1.3633,1.3678,1.3431,1.3468
25/3/2009,1.3468,1.3651,1.3419,1.3583
26/3/2009,1.3582,1.364,1.3494,1.3526
27/3/2009,1.3526,1.3591,1.3257,1.3287
30/3/2009,1.3293,1.3295,1.3114,1.3199
31/3/2009,1.3199,1.3342,1.3175,1.325
1/4/2009,1.325,1.3286,1.3167,1.3249
2/4/2009,1.3249,1.3517,1.3224,1.3461
3/4/2009,1.3461,1.3495,1.3365,1.3486
6/4/2009,1.3475,1.3582,1.3358,1.3416
7/4/2009,1.3416,1.342,1.3227,1.3272
8/4/2009,1.3272,1.3308,1.3148,1.3282
9/4/2009,1.3282,1.3336,1.3127,1.3169
10/4/2009,1.3169,1.3189,1.309,1.3189
13/4/2009,1.3187,1.3392,1.3127,1.3368
14/4/2009,1.3368,1.3381,1.3226,1.3259
15/4/2009,1.3259,1.3297,1.3147,1.3227
16/4/2009,1.3227,1.3268,1.3127,1.3186
17/4/2009,1.3186,1.3197,1.3018,1.3044
20/4/2009,1.305,1.3074,1.2889,1.2921
21/4/2009,1.2921,1.2994,1.2898,1.2948
22/4/2009,1.2948,1.3037,1.2886,1.3005
23/4/2009,1.3005,1.3161,1.298,1.3144
24/4/2009,1.3144,1.3301,1.3113,1.3242
27/4/2009,1.3229,1.3274,1.3,1.3036
28/4/2009,1.3036,1.3166,1.2965,1.3149
29/4/2009,1.313700,1.334400,1.311900,1.326400
30/4/2009,1.325300,1.338700,1.319000,1.323300
1/5/2009,1.322400,1.333100,1.321700,1.326500
4/5/2009,1.328400,1.342700,1.321100,1.341400
5/5/2009,1.342200,1.343800,1.328100,1.333700
6/5/2009,1.331300,1.337700,1.325100,1.333100
7/5/2009,1.331400,1.347100,1.325100,1.338600
8/5/2009,1.338700,1.364700,1.334100,1.364100
11/5/2009,1.362200,1.367000,1.355600,1.358200
12/5/2009,1.357900,1.371000,1.356300,1.364800
13/5/2009,1.364500,1.372300,1.356500,1.359800
14/5/2009,1.359000,1.366700,1.352500,1.363500
15/5/2009,1.363400,1.365200,1.346000,1.349300
18/5/2009,1.348100,1.356500,1.342200,1.356000
19/5/2009,1.355600,1.367000,1.352900,1.363900
20/5/2009,1.362900,1.383300,1.358200,1.377300
21/5/2009,1.376500,1.392600,1.372600,1.389000
22/5/2009,1.390400,1.405300,1.389800,1.400200
25/5/2009,1.402400,1.403600,1.395700,1.401200
26/5/2009,1.401300,1.402500,1.385900,1.398200
27/5/2009,1.399100,1.400300,1.386300,1.387500
28/5/2009,1.342200,1.343800,1.332500,1.337400
29/5/2009,1.393200,1.417100,1.392400,1.415100
1/6/2009,1.411800,1.424800,1.409700,1.416100
2/6/2009,1.415500,1.433400,1.410100,1.431000
3/6/2009,1.430700,1.434000,1.410700,1.415800
4/6/2009,1.414700,1.424500,1.406900,1.419300
5/6/2009,1.417700,1.426900,1.393100,1.397000
8/6/2009,1.390400,1.391400,1.390000,1.391000
9/6/2009,1.390400,1.410200,1.385200,1.406400
10/6/2009,1.407500,1.414400,1.391500,1.398400
11/6/2009,1.396600,1.417800,1.394400,1.411300
12/6/2009,1.409700,1.412900,1.393600,1.401300
15/6/2009,1.398800,1.400200,1.375600,1.379400
16/6/2009,1.378800,1.393400,1.374900,1.383700
17/6/2009,1.383500,1.398600,1.380700,1.394600
18/6/2009,1.394300,1.400200,1.387200,1.390400
19/6/2009,1.390700,1.401300,1.388300,1.393600
22/6/2009,1.393500,1.393900,1.382700,1.386200
23/6/2009,1.385200,1.410900,1.382900,1.407800
24/6/2009,1.407100,1.413800,1.388900,1.392800
25/6/2009,1.394300,1.401400,1.388900,1.398800
26/6/2009,1.399300,1.411900,1.398800,1.406600
29/6/2009,1.406300,1.410400,1.398200,1.408700
30/6/2009,1.403800,1.405400,1.400100,1.402100
1/7/2009,1.403800,1.420200,1.400100,1.414500
3/7/2009,1.395500,1.402800,1.394500,1.397700
7/7/2009,1.397400,1.405100,1.390300,1.391500
8/7/2009,1.390900,1.393900,1.383200,1.388600
9/7/2009,1.401800,1.402100,1.400000,1.400400
10/7/2009,1.401800,1.402100,1.387800,1.392900
13/7/2009,1.396600,1.400200,1.389800,1.398100
14/7/2009,1.400300,1.401500,1.391100,1.396500
15/7/2009,1.396600,1.413500,1.396400,1.410700
16/7/2009,1.409200,1.416600,1.405600,1.415100
20/7/2009,1.412800,1.425000,1.412600,1.423300
21/7/2009,1.422500,1.427700,1.416400,1.423000
22/7/2009,1.421500,1.425800,1.415500,1.421900
23/7/2009,1.420700,1.429200,1.412000,1.415900
27/7/2009,1.421300,1.429800,1.417200,1.424400
28/7/2009,1.423500,1.430400,1.413100,1.416900
29/7/2009,1.416400,1.419500,1.400700,1.403700
30/7/2009,1.402600,1.409600,1.400900,1.407000
31/7/2009,1.408200,1.428000,1.407800,1.425900
4/8/2009,1.441500,1.443100,1.436700,1.440900
5/8/2009,1.441700,1.444800,1.435500,1.441200
8/9/2009,1.433900,1.453500,1.432900,1.448300
11/9/2009,1.457900,1.463600,1.455400,1.458100
14/9/2009,1.458900,1.465300,1.451600,1.462400
1/10/2009,1.463700,1.466900,1.451800,1.454200
7/10/2009,1.472900,1.473700,1.465000,1.468900
9/10/2009,1.476900,1.478300,1.467400,1.472200
13/10/2009,1.478700,1.487700,1.476200,1.485400
16/10/2009,1.493400,1.496700,1.484900,1.490600
2/11/2009,1.471600,1.484600,1.470900,1.477200
5/11/2009,1.486900,1.491900,1.481200,1.486700
10/11/2009,1.500200,1.502100,1.493800,1.498700
11/11/2009,1.500200,1.504800,1.495400,1.498000
24/11/2009,1.494500,1.498900,1.488900,1.495800
25/11/2009,1.497500,1.514400,1.496200,1.513400
26/11/2009,1.512700,1.513900,1.495900,1.502100
2/12/2009,1.508600,1.510900,1.503300,1.504400
3/12/2009,1.505000,1.514200,1.498700,1.504800
4/12/2009,1.505400,1.509300,1.482200,1.485100
8/12/2009,1.482600,1.486700,1.468900,1.470300
9/12/2009,1.469100,1.478300,1.467400,1.472600
11/12/2009,1.473100,1.477700,1.458600,1.462200
18/12/2009,1.433300,1.454100,1.426100,1.434700
22/12/2009,1.428800,1.433200,1.421700,1.425200
1/1/2010,1.434100,1.444200,1.430600,1.432500
11/1/2010,1.446800,1.455700,1.446800,1.451300
19/1/2010,1.440500,1.441200,1.425300,1.428800
20/1/2010,1.427900,1.428900,1.408000,1.410400
2/2/2010,0.000000,0.000000,0.000000,0.000000
4/2/2010,1.389900,1.390100,1.381100,1.380900
15/2/2010,1.362400,1.363500,1.357800,1.359300
16/2/2010,1.359400,1.368400,1.358900,1.365500
22/2/2010,1.363200,1.365400,1.357300,1.359400
24/2/2010,1.350900,1.362700,1.350200,1.353400
25/2/2010,1.353500,1.357100,1.345100,1.354900
1/3/2010,1.363900,1.365500,1.346000,1.355800
5/3/2010,1.358600,1.363000,1.353400,1.362100
11/3/2010,1.364400,1.368700,1.362100,1.367800
18/3/2010,1.373500,1.373600,1.358600,1.360300
25/3/2010,1.333300,1.338800,1.326800,1.328100
21/4/2010,1.342500,1.344800,1.335900,1.339500
7/5/2010,1.263400,1.279900,1.256500,1.274100
10/5/2010,1.287600,1.309500,1.274300,1.278100
12/5/2010,1.264100,1.273900,1.260600,1.262100
