30/4/2007,1.6455,1.6487,1.6414,1.6477
1/5/2007,1.6476,1.6536,1.6465,1.6524
2/5/2007,1.6523,1.6534,1.6492,1.6498
3/5/2007,1.65,1.6512,1.6468,1.6476
4/5/2007,1.6475,1.6489,1.6445,1.6468
7/5/2007,1.6471,1.6484,1.6442,1.6474
8/5/2007,1.6473,1.6507,1.647,1.6499
9/5/2007,1.6498,1.6501,1.6468,1.6487
10/5/2007,1.6486,1.6502,1.645,1.6452
11/5/2007,1.6454,1.6487,1.6415,1.6485
14/5/2007,1.649,1.6522,1.6475,1.6514
15/5/2007,1.6516,1.6536,1.6485,1.6517
16/5/2007,1.6515,1.6554,1.6507,1.6536
17/5/2007,1.6535,1.6569,1.6516,1.6559
18/5/2007,1.6558,1.6583,1.6528,1.6579
21/5/2007,1.6578,1.6614,1.6546,1.6575
22/5/2007,1.6576,1.6577,1.6531,1.6539
23/5/2007,1.6537,1.6548,1.6505,1.6523
24/5/2007,1.652,1.6529,1.6478,1.6488
25/5/2007,1.6487,1.6524,1.6477,1.6513
28/5/2007,1.6505,1.653,1.65,1.6528
29/5/2007,1.6527,1.6531,1.6466,1.6481
30/5/2007,1.648,1.6485,1.6444,1.6458
31/5/2007,1.6457,1.6497,1.6452,1.6484
1/6/2007,1.6482,1.6541,1.6478,1.6538
4/6/2007,1.6542,1.655,1.6485,1.6507
5/6/2007,1.6505,1.6518,1.646,1.647
6/6/2007,1.6473,1.6483,1.6423,1.6426
7/6/2007,1.6425,1.6494,1.642,1.6444
8/6/2007,1.6442,1.6524,1.6436,1.6519
11/6/2007,1.6552,1.6552,1.6492,1.6539
12/6/2007,1.6537,1.6566,1.6528,1.6529
13/6/2007,1.6528,1.6576,1.6519,1.6567
14/6/2007,1.6566,1.6599,1.6539,1.6592
15/6/2007,1.6588,1.6628,1.6567,1.662
18/6/2007,1.6623,1.6664,1.6608,1.6662
19/6/2007,1.6661,1.6673,1.6615,1.6658
20/6/2007,1.6656,1.6659,1.6585,1.6587
21/6/2007,1.6586,1.6635,1.6586,1.6624
22/6/2007,1.6622,1.6637,1.6543,1.6558
25/6/2007,1.6514,1.6595,1.6514,1.654
26/6/2007,1.6538,1.6556,1.651,1.6523
27/6/2007,1.6522,1.6539,1.649,1.6538
28/6/2007,1.6537,1.6577,1.6526,1.6557
29/6/2007,1.6555,1.6574,1.6527,1.6541
2/7/2007,1.6545,1.6556,1.6463,1.6495
3/7/2007,1.6493,1.6557,1.6483,1.6547
4/7/2007,1.6546,1.6576,1.654,1.6561
5/7/2007,1.6559,1.6575,1.6522,1.6554
6/7/2007,1.6553,1.6604,1.6551,1.6597
9/7/2007,1.659,1.6615,1.6566,1.6578
10/7/2007,1.6576,1.6586,1.6525,1.6527
11/7/2007,1.6526,1.6585,1.652,1.6583
12/7/2007,1.6582,1.6592,1.6561,1.6589
13/7/2007,1.6588,1.6596,1.6551,1.6575
16/7/2007,1.6566,1.659,1.6549,1.6576
17/7/2007,1.6575,1.6588,1.6525,1.6578
18/7/2007,1.6577,1.6579,1.6533,1.6575
19/7/2007,1.6572,1.6625,1.6557,1.6614
20/7/2007,1.6613,1.6633,1.6584,1.6605
23/7/2007,1.6601,1.6666,1.6577,1.6653
24/7/2007,1.6651,1.6683,1.6618,1.6629
25/7/2007,1.6628,1.6687,1.6618,1.6646
26/7/2007,1.6644,1.6659,1.6536,1.6548
27/7/2007,1.655,1.6562,1.6467,1.6473
30/7/2007,1.6387,1.6491,1.6387,1.6478
31/7/2007,1.6476,1.6524,1.6431,1.6436
1/8/2007,1.6439,1.6468,1.6349,1.6463
2/8/2007,1.6465,1.6517,1.6419,1.6506
3/8/2007,1.6507,1.6535,1.6383,1.6401
6/8/2007,1.64,1.6437,1.6353,1.6437
7/8/2007,1.6438,1.6472,1.6392,1.6445
8/8/2007,1.6443,1.6513,1.6433,1.6511
9/8/2007,1.6509,1.6514,1.6364,1.6365
10/8/2007,1.6364,1.6452,1.6308,1.6415
13/8/2007,1.6413,1.6439,1.6355,1.6408
14/8/2007,1.6407,1.6445,1.6377,1.6389
15/8/2007,1.6387,1.6436,1.6344,1.6389
16/8/2007,1.6388,1.6412,1.6257,1.6331
17/8/2007,1.6329,1.6346,1.6177,1.6277
20/8/2007,1.6275,1.6308,1.6232,1.6248
21/8/2007,1.625,1.6272,1.6206,1.6242
22/8/2007,1.624,1.6342,1.6232,1.6338
23/8/2007,1.6337,1.642,1.6337,1.6376
24/8/2007,1.6374,1.643,1.6327,1.6421
27/8/2007,1.651,1.651,1.6401,1.6416
28/8/2007,1.6415,1.6426,1.6334,1.6335
29/8/2007,1.6334,1.6409,1.6317,1.6407
30/8/2007,1.6405,1.6434,1.6381,1.6415
31/8/2007,1.6413,1.6479,1.6413,1.647
3/9/2007,1.645,1.6487,1.6449,1.6464
4/9/2007,1.6467,1.6498,1.6438,1.6498
5/9/2007,1.65,1.65,1.6428,1.6433
6/9/2007,1.6434,1.6461,1.6421,1.6449
7/9/2007,1.6447,1.6454,1.6338,1.6364
10/9/2007,1.6366,1.6395,1.6333,1.6378
11/9/2007,1.6372,1.6457,1.6356,1.6453
12/9/2007,1.6455,1.6479,1.641,1.6475
13/9/2007,1.6477,1.6498,1.6406,1.6468
14/9/2007,1.6465,1.6515,1.6431,1.6509
17/9/2007,1.6479,1.6515,1.644,1.646
18/9/2007,1.6461,1.6527,1.6432,1.6521
19/9/2007,1.6523,1.656,1.6492,1.653
20/9/2007,1.6531,1.6535,1.6445,1.6491
21/9/2007,1.6494,1.6538,1.6484,1.6518
24/9/2007,1.6502,1.655,1.6497,1.6517
25/9/2007,1.6515,1.6526,1.6469,1.6492
26/9/2007,1.649,1.6548,1.6489,1.6538
27/9/2007,1.654,1.6614,1.6526,1.6614
28/9/2007,1.6615,1.6618,1.6577,1.6603
1/10/2007,1.664,1.6664,1.6587,1.6626
2/10/2007,1.6622,1.6659,1.662,1.6631
3/10/2007,1.663,1.6674,1.6615,1.6633
4/10/2007,1.6635,1.6639,1.6593,1.6607
5/10/2007,1.6608,1.6662,1.6599,1.6655
8/10/2007,1.666,1.6684,1.6637,1.6667
9/10/2007,1.6666,1.6701,1.6639,1.6692
10/10/2007,1.6691,1.6739,1.6687,1.6734
11/10/2007,1.6736,1.6829,1.6722,1.6782
12/10/2007,1.6784,1.6824,1.6757,1.6798
15/10/2007,1.6744,1.6847,1.6744,1.6774
16/10/2007,1.6773,1.6787,1.674,1.676
17/10/2007,1.6762,1.6806,1.6714,1.6767
18/10/2007,1.6765,1.677,1.6682,1.6721
19/10/2007,1.6723,1.6737,1.6671,1.6674
22/10/2007,1.6674,1.6721,1.6632,1.6702
23/10/2007,1.6701,1.6741,1.6667,1.6734
24/10/2007,1.6738,1.6738,1.6673,1.672
25/10/2007,1.6718,1.6728,1.6678,1.67
26/10/2007,1.6702,1.6757,1.6692,1.6756
29/10/2007,1.6762,1.6809,1.6746,1.6801
30/10/2007,1.6802,1.6802,1.6723,1.6724
31/10/2007,1.6727,1.6784,1.6711,1.6778
1/11/2007,1.6777,1.6789,1.6699,1.6708
2/11/2007,1.6707,1.6748,1.6671,1.6743
5/11/2007,1.6736,1.6757,1.6672,1.6693
6/11/2007,1.669,1.6706,1.6634,1.6663
7/11/2007,1.6665,1.6668,1.6583,1.6592
8/11/2007,1.659,1.6613,1.6518,1.6553
9/11/2007,1.6556,1.6556,1.6449,1.6475
12/11/2007,1.6467,1.654,1.6377,1.6402
13/11/2007,1.6405,1.6469,1.639,1.6464
14/11/2007,1.6468,1.6491,1.6438,1.6469
15/11/2007,1.6472,1.6476,1.6391,1.6405
16/11/2007,1.6402,1.6418,1.6351,1.639
19/11/2007,1.637,1.6401,1.635,1.6354
20/11/2007,1.6356,1.6429,1.6343,1.641
21/11/2007,1.6412,1.6418,1.6347,1.637
22/11/2007,1.6372,1.6381,1.6328,1.6351
23/11/2007,1.6355,1.6368,1.63,1.6353
26/11/2007,1.6354,1.6581,1.6306,1.6314
27/11/2007,1.6316,1.6412,1.6306,1.6392
28/11/2007,1.6391,1.6514,1.6372,1.6487
29/11/2007,1.6489,1.6511,1.6473,1.6483
30/11/2007,1.6487,1.6587,1.648,1.6565
3/12/2007,1.656,1.6573,1.6516,1.6534
4/12/2007,1.6534,1.6575,1.6467,1.6484
5/12/2007,1.6484,1.6516,1.6453,1.6474
6/12/2007,1.6474,1.6544,1.6462,1.6537
7/12/2007,1.6537,1.6571,1.651,1.6535
10/12/2007,1.654,1.66,1.6522,1.6598
11/12/2007,1.6598,1.6669,1.6562,1.6567
12/12/2007,1.6567,1.6727,1.655,1.6687
13/12/2007,1.6687,1.6719,1.6644,1.6699
14/12/2007,1.6699,1.6716,1.6619,1.6635
17/12/2007,1.6627,1.6657,1.6532,1.6546
18/12/2007,1.6546,1.6612,1.654,1.6601
19/12/2007,1.6601,1.6629,1.6578,1.6616
20/12/2007,1.6616,1.6619,1.6575,1.6596
21/12/2007,1.6596,1.663,1.6588,1.6607
24/12/2007,1.6608,1.6679,1.6604,1.6655
25/12/2007,1.6655,1.6739,1.6337,1.668
26/12/2007,1.668,1.6687,1.6646,1.6682
27/12/2007,1.6682,1.6686,1.6641,1.6662
28/12/2007,1.6662,1.6666,1.6569,1.6583
31/12/2007,1.66,1.6612,1.6534,1.6538
1/1/2008,1.6538,1.6568,1.6517,1.6538
2/1/2008,1.6537,1.6571,1.643,1.6473
3/1/2008,1.6473,1.6479,1.6381,1.6385
4/1/2008,1.6385,1.6412,1.6324,1.634
7/1/2008,1.6337,1.6424,1.6327,1.6405
8/1/2008,1.6406,1.6451,1.6356,1.6362
9/1/2008,1.6362,1.6404,1.633,1.6368
10/1/2008,1.6368,1.6385,1.6288,1.6333
11/1/2008,1.6333,1.6352,1.6248,1.6276
14/1/2008,1.6285,1.6323,1.6229,1.6253
15/1/2008,1.6253,1.6258,1.6174,1.6179
16/1/2008,1.6179,1.6184,1.6084,1.6127
17/1/2008,1.6127,1.6181,1.6095,1.6121
18/1/2008,1.6121,1.6178,1.6054,1.6061
21/1/2008,1.6065,1.6075,1.5946,1.6017
22/1/2008,1.6017,1.6079,1.5949,1.6019
23/1/2008,1.6018,1.6075,1.5827,1.5967
24/1/2008,1.5967,1.6059,1.5891,1.6053
25/1/2008,1.6053,1.6144,1.6049,1.6102
28/1/2008,1.6097,1.6117,1.6032,1.6101
29/1/2008,1.6101,1.6173,1.6078,1.6161
30/1/2008,1.6162,1.6187,1.6094,1.6099
31/1/2008,1.6099,1.6113,1.6017,1.6071
1/2/2008,1.6071,1.6127,1.601,1.6126
4/2/2008,1.6119,1.6183,1.6107,1.6136
5/2/2008,1.6137,1.6217,1.6096,1.6103
6/2/2008,1.6103,1.611,1.6036,1.6065
7/2/2008,1.6065,1.607,1.5962,1.5993
8/2/2008,1.5993,1.6034,1.597,1.6013
11/2/2008,1.5989,1.6025,1.5943,1.6004
12/2/2008,1.6004,1.6091,1.5981,1.607
13/2/2008,1.607,1.6162,1.6045,1.6152
14/2/2008,1.6152,1.6183,1.6047,1.6061
15/2/2008,1.6061,1.6097,1.5994,1.6052
18/2/2008,1.6034,1.6169,1.6026,1.6153
19/2/2008,1.6153,1.616,1.6087,1.6112
20/2/2008,1.6112,1.6183,1.6092,1.6179
21/2/2008,1.6179,1.6231,1.6119,1.6143
22/2/2008,1.6143,1.6167,1.6066,1.609
25/2/2008,1.6097,1.6176,1.6048,1.6156
26/2/2008,1.6156,1.6174,1.609,1.6106
27/2/2008,1.6106,1.6148,1.6056,1.6072
28/2/2008,1.6073,1.6082,1.5964,1.5982
29/2/2008,1.5982,1.5983,1.5801,1.5803
3/3/2008,1.5801,1.5862,1.5701,1.5846
4/3/2008,1.5846,1.585,1.5741,1.579
5/3/2008,1.579,1.5853,1.5748,1.5825
6/3/2008,1.5825,1.5857,1.572,1.5729
7/3/2008,1.5729,1.5772,1.566,1.5743
10/3/2008,1.5732,1.5866,1.5621,1.5641
11/3/2008,1.564,1.5853,1.5619,1.585
12/3/2008,1.585,1.5878,1.5766,1.5778
13/3/2008,1.5778,1.5821,1.5678,1.5786
14/3/2008,1.5786,1.5804,1.5625,1.5664
17/3/2008,1.5635,1.5675,1.5296,1.5486
18/3/2008,1.5486,1.5679,1.545,1.5665
19/3/2008,1.5665,1.5704,1.5572,1.5595
20/3/2008,1.5595,1.5706,1.5554,1.5589
21/3/2008,1.5589,1.5606,1.5534,1.5579
24/3/2008,1.5616,1.5764,1.5566,1.5739
25/3/2008,1.5739,1.5776,1.5707,1.5733
26/3/2008,1.5733,1.5814,1.5658,1.5667
27/3/2008,1.5667,1.5723,1.5654,1.5686
28/3/2008,1.5687,1.5756,1.5669,1.5723
31/3/2008,1.5705,1.5756,1.5665,1.5677
1/4/2008,1.5677,1.5814,1.565,1.5807
2/4/2008,1.5807,1.5857,1.5778,1.5823
3/4/2008,1.5823,1.5856,1.5785,1.5839
4/4/2008,1.584,1.5878,1.5773,1.5831
7/4/2008,1.5833,1.5956,1.5813,1.5915
8/4/2008,1.5916,1.5947,1.588,1.5933
9/4/2008,1.5933,1.5955,1.5818,1.586
10/4/2008,1.586,1.5877,1.5722,1.5874
11/4/2008,1.5874,1.5901,1.5792,1.5824
14/4/2008,1.583,1.5838,1.573,1.5814
15/4/2008,1.5813,1.5899,1.5796,1.5892
16/4/2008,1.5892,1.5954,1.5865,1.5954
17/4/2008,1.5953,1.6014,1.5906,1.601
18/4/2008,1.601,1.6162,1.5976,1.6107
21/4/2008,1.6092,1.6123,1.5953,1.6051
22/4/2008,1.6051,1.6092,1.6012,1.6043
23/4/2008,1.6043,1.6167,1.6025,1.6129
24/4/2008,1.6129,1.6248,1.611,1.6239
25/4/2008,1.6239,1.6247,1.614,1.6167
28/4/2008,1.6152,1.6206,1.6137,1.6187
29/4/2008,1.6187,1.6196,1.6104,1.6157
30/4/2008,1.6158,1.6234,1.6122,1.6164
1/5/2008,1.6168,1.6228,1.616,1.6223
2/5/2008,1.6223,1.632,1.6202,1.6307
5/5/2008,1.6316,1.6347,1.6285,1.6327
6/5/2008,1.6327,1.6341,1.6257,1.634
7/5/2008,1.634,1.6341,1.6235,1.6243
8/5/2008,1.6242,1.6248,1.6173,1.6181
9/5/2008,1.618,1.6192,1.6067,1.6118
12/5/2008,1.6123,1.6232,1.6093,1.6231
13/5/2008,1.6231,1.6304,1.6186,1.6292
14/5/2008,1.6291,1.6337,1.6267,1.6317
15/5/2008,1.6317,1.6349,1.6289,1.633
16/5/2008,1.633,1.6369,1.6269,1.6324
19/5/2008,1.6328,1.6376,1.6273,1.6336
20/5/2008,1.6338,1.6347,1.6227,1.6234
21/5/2008,1.6234,1.6277,1.6185,1.6192
22/5/2008,1.6189,1.6253,1.6164,1.6212
23/5/2008,1.6213,1.6229,1.6132,1.6157
26/5/2008,1.6139,1.6183,1.6127,1.616
27/5/2008,1.6159,1.6236,1.6147,1.6221
28/5/2008,1.6222,1.6278,1.6163,1.6233
29/5/2008,1.6233,1.6301,1.6225,1.6285
30/5/2008,1.6286,1.6289,1.6207,1.621
2/6/2008,1.6203,1.6263,1.6081,1.6119
3/6/2008,1.6119,1.6169,1.6055,1.6095
4/6/2008,1.6095,1.6117,1.6038,1.6094
5/6/2008,1.6095,1.6194,1.6074,1.6185
6/6/2008,1.6185,1.6229,1.6068,1.6075
9/6/2008,1.6071,1.6204,1.6047,1.6068
10/6/2008,1.6076,1.6134,1.6054,1.6115
11/6/2008,1.6115,1.6157,1.6031,1.6043
12/6/2008,1.6043,1.6137,1.6026,1.6081
13/6/2008,1.6081,1.6147,1.6071,1.6101
16/6/2008,1.6094,1.6191,1.6078,1.617
17/6/2008,1.6169,1.62,1.6126,1.6158
18/6/2008,1.6157,1.6188,1.6083,1.6097
19/6/2008,1.6098,1.6218,1.6074,1.6209
20/6/2008,1.6209,1.6217,1.6128,1.6163
23/6/2008,1.6167,1.6243,1.6131,1.6231
24/6/2008,1.6229,1.6239,1.616,1.6217
25/6/2008,1.6217,1.6245,1.6202,1.6214
26/6/2008,1.6215,1.625,1.611,1.6132
27/6/2008,1.6132,1.6153,1.604,1.6083
30/6/2008,1.6087,1.6096,1.6031,1.6086
1/7/2008,1.6086,1.6114,1.6016,1.6103
2/7/2008,1.6102,1.6151,1.6076,1.6103
3/7/2008,1.6103,1.6143,1.6081,1.6117
4/7/2008,1.6117,1.6124,1.6063,1.6103
7/7/2008,1.6108,1.6166,1.6076,1.6149
8/7/2008,1.6149,1.6199,1.6081,1.6199
9/7/2008,1.6199,1.6233,1.6157,1.6186
10/7/2008,1.6186,1.6236,1.618,1.6227
11/7/2008,1.6228,1.6246,1.6151,1.6196
14/7/2008,1.6191,1.624,1.614,1.6163
15/7/2008,1.6164,1.6173,1.603,1.606
16/7/2008,1.6061,1.6107,1.5991,1.6101
17/7/2008,1.6101,1.6214,1.6083,1.6169
18/7/2008,1.6169,1.6211,1.6161,1.6203
21/7/2008,1.6215,1.6231,1.6166,1.6209
22/7/2008,1.6204,1.6297,1.6162,1.6272
23/7/2008,1.6271,1.6311,1.6254,1.6297
24/7/2008,1.6298,1.6301,1.6229,1.6259
25/7/2008,1.6259,1.631,1.6224,1.628
28/7/2008,1.6286,1.6296,1.6266,1.6284
29/7/2008,1.6285,1.6323,1.6253,1.6319
30/7/2008,1.6318,1.6336,1.6286,1.6328
31/7/2008,1.6328,1.6369,1.6312,1.6337
1/8/2008,1.6337,1.6342,1.6289,1.6337
4/8/2008,1.6338,1.6347,1.6311,1.6327
5/8/2008,1.6327,1.6341,1.6293,1.6295
6/8/2008,1.6295,1.635,1.628,1.6334
7/8/2008,1.6335,1.634,1.6272,1.6279
8/8/2008,1.628,1.6294,1.6225,1.6238
11/8/2008,1.6226,1.627,1.6168,1.6193
12/8/2008,1.6192,1.6242,1.6183,1.6218
13/8/2008,1.6219,1.6234,1.6157,1.6193
14/8/2008,1.6193,1.6234,1.6174,1.6202
15/8/2008,1.6202,1.6223,1.6097,1.6098
18/8/2008,1.6112,1.6178,1.6092,1.6128
19/8/2008,1.6129,1.6143,1.6101,1.6135
20/8/2008,1.6135,1.6213,1.6119,1.6207
21/8/2008,1.6208,1.6214,1.6146,1.618
22/8/2008,1.618,1.6256,1.617,1.6251
25/8/2008,1.6247,1.6253,1.6157,1.6171
26/8/2008,1.6171,1.6191,1.6105,1.6114
27/8/2008,1.6114,1.6174,1.6105,1.6165
28/8/2008,1.6166,1.6195,1.6107,1.6157
29/8/2008,1.6158,1.618,1.6129,1.6158
1/9/2008,1.6159,1.618,1.6058,1.6095
2/9/2008,1.6097,1.6116,1.6053,1.6067
3/9/2008,1.6066,1.6085,1.6014,1.6034
4/9/2008,1.6034,1.6045,1.5871,1.5887
5/9/2008,1.5888,1.5961,1.5813,1.596
8/9/2008,1.5963,1.61,1.5949,1.5987
9/9/2008,1.5987,1.6022,1.5912,1.5926
10/9/2008,1.5926,1.5983,1.5903,1.5912
11/9/2008,1.5912,1.5934,1.584,1.5929
12/9/2008,1.5929,1.6094,1.5901,1.6075
15/9/2008,1.607,1.6103,1.5854,1.5885
16/9/2008,1.5891,1.5911,1.5752,1.5863
17/9/2008,1.5863,1.5947,1.5791,1.58
18/9/2008,1.5799,1.5891,1.5773,1.5847
19/9/2008,1.5847,1.6035,1.5836,1.5974
22/9/2008,1.6002,1.6028,1.5876,1.5877
23/9/2008,1.5877,1.5961,1.5871,1.5913
24/9/2008,1.5914,1.5974,1.5907,1.5961
25/9/2008,1.596,1.5967,1.5904,1.5934
26/9/2008,1.5934,1.5938,1.5861,1.5935
29/9/2008,1.5921,1.5944,1.5689,1.5724
30/9/2008,1.5721,1.5834,1.5665,1.5813
1/10/2008,1.5813,1.5831,1.5692,1.5767
2/10/2008,1.5766,1.579,1.5679,1.5693
3/10/2008,1.5693,1.5705,1.555,1.5552
6/10/2008,1.5542,1.5545,1.5379,1.55
7/10/2008,1.55,1.5618,1.5449,1.5487
8/10/2008,1.5486,1.5562,1.5374,1.5382
9/10/2008,1.538,1.5506,1.5357,1.5362
10/10/2008,1.5362,1.5367,1.5078,1.5268
13/10/2008,1.5265,1.5506,1.5261,1.545
14/10/2008,1.5454,1.5558,1.5437,1.5488
15/10/2008,1.5487,1.5506,1.5272,1.5288
16/10/2008,1.5288,1.5373,1.5144,1.5312
17/10/2008,1.5312,1.5335,1.5175,1.525
20/10/2008,1.5227,1.5352,1.5226,1.5342
21/10/2008,1.5342,1.5352,1.5035,1.5042
22/10/2008,1.5043,1.5077,1.4872,1.4951
23/10/2008,1.4951,1.5005,1.4856,1.4987
24/10/2008,1.4986,1.5038,1.4414,1.4731
27/10/2008,1.473,1.4751,1.4315,1.4435
28/10/2008,1.4435,1.4717,1.4321,1.4703
29/10/2008,1.4706,1.4778,1.4558,1.466
30/10/2008,1.4659,1.4906,1.4613,1.4707
31/10/2008,1.4707,1.4827,1.4544,1.4768
3/11/2008,1.4782,1.4888,1.4737,1.4854
4/11/2008,1.4854,1.5147,1.4779,1.509
5/11/2008,1.509,1.5172,1.4963,1.5001
6/11/2008,1.5001,1.5072,1.4944,1.4979
7/11/2008,1.4979,1.5046,1.4928,1.4989
10/11/2008,1.503,1.5167,1.5012,1.5029
11/11/2008,1.5029,1.5047,1.4837,1.4873
12/11/2008,1.4873,1.4937,1.4715,1.4838
13/11/2008,1.4838,1.5225,1.4766,1.5171
14/11/2008,1.5171,1.5198,1.5046,1.5069
17/11/2008,1.5049,1.5235,1.5002,1.5161
18/11/2008,1.5161,1.52,1.509,1.5181
19/11/2008,1.5181,1.5328,1.5157,1.5165
20/11/2008,1.5165,1.5365,1.5129,1.5254
21/11/2008,1.5254,1.5418,1.5226,1.5387
24/11/2008,1.5405,1.5464,1.528,1.5463
25/11/2008,1.5463,1.552,1.5401,1.5461
26/11/2008,1.5461,1.553,1.5415,1.5509
27/11/2008,1.5509,1.5518,1.544,1.5487
28/11/2008,1.5486,1.5512,1.5402,1.5408
1/12/2008,1.5415,1.5439,1.5182,1.5206
2/12/2008,1.5206,1.5359,1.5164,1.5337
3/12/2008,1.5337,1.5399,1.527,1.5373
4/12/2008,1.5373,1.5399,1.5223,1.5275
5/12/2008,1.5275,1.5547,1.5254,1.5526
8/12/2008,1.5527,1.5616,1.5501,1.5595
9/12/2008,1.5595,1.5644,1.5557,1.5583
10/12/2008,1.5583,1.5628,1.5547,1.5611
11/12/2008,1.5611,1.5814,1.5585,1.5812
12/12/2008,1.5811,1.5817,1.5686,1.5742
15/12/2008,1.5711,1.588,1.5701,1.5871
16/12/2008,1.5871,1.5877,1.5727,1.5747
17/12/2008,1.5747,1.578,1.5436,1.5458
18/12/2008,1.5458,1.5519,1.5294,1.544
19/12/2008,1.5439,1.5479,1.5345,1.5352
22/12/2008,1.5376,1.5424,1.52,1.5251
23/12/2008,1.5251,1.5314,1.5127,1.517
24/12/2008,1.517,1.5188,1.5008,1.5031
25/12/2008,1.5031,1.5156,1.5012,1.5111
26/12/2008,1.5078,1.514,1.5007,1.501
29/12/2008,1.5044,1.5051,1.4758,1.4794
30/12/2008,1.4829,1.4994,1.4776,1.4896
31/12/2008,1.4896,1.4966,1.4761,1.493
1/1/2009,1.4905,1.4947,1.4881,1.4916
2/1/2009,1.4916,1.5058,1.4817,1.503
5/1/2009,1.504,1.514,1.4931,1.512
6/1/2009,1.5122,1.5146,1.4977,1.5075
7/1/2009,1.5075,1.51,1.4934,1.5025
8/1/2009,1.5025,1.5043,1.4935,1.4984
9/1/2009,1.4984,1.5054,1.4919,1.4991
12/1/2009,1.5007,1.5035,1.4854,1.4898
13/1/2009,1.4898,1.4905,1.4739,1.4754
14/1/2009,1.4754,1.4839,1.4658,1.4717
15/1/2009,1.4717,1.4815,1.4677,1.476
16/1/2009,1.476,1.4884,1.4744,1.4861
19/1/2009,1.4861,1.4929,1.4791,1.4831
20/1/2009,1.4831,1.4862,1.4762,1.4793
21/1/2009,1.4793,1.5051,1.4735,1.5022
22/1/2009,1.5022,1.5107,1.4926,1.4979
23/1/2009,1.4979,1.5037,1.4895,1.4962
26/1/2009,1.4986,1.5091,1.4936,1.4997
27/1/2009,1.4997,1.5089,1.4966,1.5035
28/1/2009,1.5035,1.5194,1.5031,1.5156
29/1/2009,1.5156,1.5169,1.4893,1.4939
30/1/2009,1.4939,1.4993,1.4826,1.4855
2/2/2009,1.486,1.4938,1.4817,1.4917
3/2/2009,1.4917,1.4971,1.4825,1.4897
4/2/2009,1.4897,1.4939,1.4863,1.488
5/2/2009,1.488,1.5004,1.4873,1.4969
6/2/2009,1.4969,1.5083,1.4959,1.5032
9/2/2009,1.5,1.5153,1.4982,1.5137
10/2/2009,1.5137,1.5147,1.4905,1.4936
11/2/2009,1.4936,1.5012,1.492,1.4947
12/2/2009,1.4947,1.4975,1.4874,1.4959
13/2/2009,1.4959,1.4987,1.4907,1.4932
16/2/2009,1.4921,1.4941,1.4829,1.4844
17/2/2009,1.4844,1.4866,1.4709,1.4712
18/2/2009,1.4712,1.4843,1.4701,1.4763
19/2/2009,1.4763,1.4947,1.4756,1.4874
20/2/2009,1.4874,1.4989,1.4761,1.482
23/2/2009,1.4814,1.4934,1.4798,1.4836
24/2/2009,1.4836,1.4919,1.4771,1.4905
25/2/2009,1.4905,1.4925,1.48,1.4883
26/2/2009,1.4883,1.4911,1.4821,1.4838
27/2/2009,1.4838,1.4882,1.4768,1.4822
2/3/2009,1.4822,1.4824,1.4746,1.4783
3/3/2009,1.4787,1.4863,1.4736,1.4765
4/3/2009,1.4765,1.4834,1.4727,1.4784
5/3/2009,1.4784,1.4801,1.4677,1.4694
6/3/2009,1.4694,1.4698,1.4579,1.4657
9/3/2009,1.4662,1.4718,1.46,1.4606
10/3/2009,1.4606,1.4736,1.4591,1.472
11/3/2009,1.472,1.4822,1.4705,1.4802
12/3/2009,1.4802,1.5338,1.4753,1.5299
13/3/2009,1.5299,1.5401,1.5265,1.532
16/3/2009,1.5317,1.5447,1.5289,1.5367
17/3/2009,1.5367,1.5443,1.5316,1.5383
18/3/2009,1.5383,1.5414,1.5274,1.538
19/3/2009,1.538,1.5424,1.532,1.5355
20/3/2009,1.5355,1.5362,1.5228,1.5303
23/3/2009,1.5316,1.5378,1.529,1.5335
24/3/2009,1.5335,1.5358,1.5206,1.5244
25/3/2009,1.5244,1.5254,1.5186,1.523
26/3/2009,1.523,1.5299,1.5206,1.5245
27/3/2009,1.5245,1.5301,1.5174,1.5204
30/3/2009,1.5193,1.5222,1.5128,1.516
31/3/2009,1.5159,1.5194,1.5092,1.5099
1/4/2009,1.51,1.5186,1.5063,1.5173
2/4/2009,1.5173,1.5286,1.5164,1.5266
3/4/2009,1.5266,1.5283,1.5209,1.5255
6/4/2009,1.5256,1.53,1.5216,1.5245
7/4/2009,1.5245,1.5246,1.5155,1.5163
8/4/2009,1.5163,1.5242,1.5118,1.5225
9/4/2009,1.523,1.5271,1.5209,1.5223
10/4/2009,1.5223,1.5242,1.5205,1.5224
13/4/2009,1.5232,1.5246,1.5135,1.515
14/4/2009,1.515,1.5184,1.5088,1.5097
15/4/2009,1.5098,1.5155,1.5079,1.5112
16/4/2009,1.5112,1.5153,1.5081,1.5118
17/4/2009,1.5118,1.5238,1.5095,1.52
20/4/2009,1.5199,1.5241,1.5101,1.5104
21/4/2009,1.5104,1.5158,1.51,1.5116
22/4/2009,1.5117,1.5165,1.5091,1.5133
23/4/2009,1.5133,1.5198,1.5086,1.5122
24/4/2009,1.5122,1.5144,1.5075,1.5081
27/4/2009,1.5081,1.51,1.5027,1.5061
28/4/2009,1.5061,1.5072,1.5024,1.5027
29/4/2009,1.502900,1.511900,1.500900,1.507200
30/4/2009,1.506700,1.513700,1.504500,1.508800
1/5/2009,1.509300,1.513500,1.505600,1.507200
4/5/2009,1.509300,1.511900,1.507100,1.510200
5/5/2009,1.511000,1.515100,1.506900,1.509400
6/5/2009,1.509700,1.511800,1.505100,1.508600
7/5/2009,1.508700,1.519700,1.507000,1.513400
8/5/2009,1.513500,1.516700,1.505400,1.508400
11/5/2009,1.506600,1.512000,1.503100,1.506700
12/5/2009,1.507400,1.510400,1.505500,1.509200
13/5/2009,1.508600,1.510100,1.503400,1.505300
14/5/2009,1.505000,1.509600,1.503300,1.506000
15/5/2009,1.506000,1.515200,1.500100,1.513800
18/5/2009,1.513600,1.515000,1.508700,1.511000
19/5/2009,1.511100,1.517600,1.509400,1.512700
20/5/2009,1.512100,1.518900,1.509600,1.515800
21/5/2009,1.515900,1.522300,1.512700,1.518700
22/5/2009,1.519000,1.524500,1.517600,1.519800
25/5/2009,1.521000,1.522100,1.515200,1.517200
26/5/2009,1.517700,1.519200,1.512300,1.515900
27/5/2009,1.516400,1.518100,1.510200,1.511300
28/5/2009,1.511800,1.515000,1.509100,1.512000
29/5/2009,1.512000,1.516800,1.507100,1.510900
1/6/2009,1.508600,1.519300,1.507600,1.515100
2/6/2009,1.515100,1.520600,1.511400,1.519100
3/6/2009,1.518500,1.521500,1.511600,1.515600
4/6/2009,1.515000,1.518100,1.509900,1.516100
5/6/2009,1.515800,1.524900,1.514700,1.516200
8/6/2009,1.517100,1.521600,1.515600,1.517400
9/6/2009,1.517700,1.518900,1.514900,1.516700
10/6/2009,1.517100,1.518100,1.510700,1.511000
11/6/2009,1.511300,1.514600,1.508700,1.509800
12/6/2009,1.510100,1.514200,1.508500,1.513000
15/6/2009,1.510100,1.513100,1.505500,1.506300
16/6/2009,1.505900,1.509100,1.505200,1.506100
17/6/2009,1.506000,1.511400,1.504300,1.505300
18/6/2009,1.505200,1.514800,1.500700,1.510300
19/6/2009,1.510800,1.513100,1.506000,1.507100
22/6/2009,1.506200,1.508000,1.505000,1.506000
23/6/2009,1.505700,1.506100,1.501200,1.501800
24/6/2009,1.501400,1.538200,1.501000,1.529600
25/6/2009,1.530200,1.537700,1.525500,1.530900
26/6/2009,1.530400,1.532700,1.520800,1.522000
29/6/2009,1.525100,1.528500,1.522200,1.524900
30/6/2009,1.524200,1.524800,1.523600,1.524600
1/7/2009,1.524200,1.525700,1.519500,1.520300
3/7/2009,1.518200,1.525000,1.516000,1.518400
7/7/2009,1.516400,1.519600,1.514400,1.515900
8/7/2009,1.515600,1.517300,1.512200,1.513100
9/7/2009,1.512000,1.512700,1.511500,1.512200
10/7/2009,1.512000,1.517100,1.511500,1.514300
13/7/2009,1.514400,1.515900,1.512100,1.513600
14/7/2009,1.513600,1.522200,1.513200,1.520900
15/7/2009,1.521000,1.521800,1.514500,1.515900
16/7/2009,1.515300,1.519200,1.514800,1.518200
20/7/2009,1.519700,1.522700,1.518100,1.519900
21/7/2009,1.519400,1.520300,1.514300,1.516600
22/7/2009,1.516400,1.518100,1.514900,1.515300
23/7/2009,1.515300,1.524600,1.515200,1.521100
27/7/2009,1.522700,1.525200,1.521600,1.524200
28/7/2009,1.524200,1.526400,1.521500,1.523600
29/7/2009,1.523700,1.528500,1.522000,1.527300
30/7/2009,1.526800,1.534000,1.526300,1.530800
31/7/2009,1.531400,1.534900,1.521100,1.523200
4/8/2009,1.526800,1.532100,1.525700,1.527200
5/8/2009,1.527300,1.531800,1.525700,1.529800
8/9/2009,1.519400,1.520800,1.515000,1.516500
11/9/2009,1.514300,1.515100,1.512300,1.512500
14/9/2009,1.512500,1.514600,1.510800,1.512900
1/10/2009,1.516100,1.519300,1.512900,1.514300
7/10/2009,1.511700,1.518000,1.511400,1.517700
9/10/2009,1.517900,1.519700,1.517400,1.518700
13/10/2009,1.516700,1.519200,1.516000,1.517400
16/10/2009,1.516700,1.519400,1.515800,1.517800
2/11/2009,1.509300,1.510900,1.508400,1.509300
5/11/2009,1.509900,1.512400,1.509100,1.511700
10/11/2009,1.511700,1.512000,1.509400,1.510200
11/11/2009,1.510100,1.511000,1.509400,1.510200
24/11/2009,1.510900,1.512000,1.509600,1.509600
25/11/2009,1.509900,1.510500,1.507800,1.508400
26/11/2009,1.508400,1.513400,1.501000,1.506300
2/12/2009,1.507200,1.508200,1.505700,1.507200
3/12/2009,1.507600,1.509300,1.506500,1.507200
4/12/2009,1.506000,1.511000,1.505500,1.509400
8/12/2009,1.511700,1.512100,1.509600,1.509900
9/12/2009,1.510400,1.512200,1.509600,1.512000
11/12/2009,1.511500,1.513500,1.510900,1.512500
18/12/2009,1.501000,1.512300,1.490900,1.495000
22/12/2009,1.493600,1.499000,1.492400,1.495000
1/1/2010,1.486300,1.487800,1.481600,1.483500
11/1/2010,1.475600,1.479600,1.472400,1.474800
19/1/2010,1.475400,1.478300,1.474000,1.475400
20/1/2010,1.475400,1.477200,1.472100,1.472700
2/2/2010,0.000000,0.000000,0.000000,0.000000
4/2/2010,1.470800,1.472000,1.466400,1.467000
15/2/2010,1.465600,1.468200,1.465100,1.465600
16/2/2010,1.465800,1.468100,1.465000,1.467300
22/2/2010,1.465500,1.466800,1.462900,1.463200
24/2/2010,1.463900,1.465100,1.462600,1.463400
25/2/2010,1.463900,1.464700,1.462400,1.463800
1/3/2010,1.463800,1.464800,1.462200,1.463500
5/3/2010,1.462800,1.464100,1.462200,1.463400
11/3/2010,1.461200,1.463100,1.460200,1.461400
18/3/2010,1.448000,1.448800,1.435400,1.439900
25/3/2010,1.428200,1.429700,1.425300,1.425900
21/4/2010,1.435300,1.435500,1.429200,1.433200
7/5/2010,1.406500,1.418800,1.400800,1.412500
10/5/2010,1.422400,1.433400,1.412100,1.418800
12/5/2010,1.404500,1.411700,1.401600,1.402300
