30/4/2007,1.8372,1.848,1.8361,1.843
1/5/2007,1.8424,1.8475,1.8319,1.8366
2/5/2007,1.8361,1.844,1.8356,1.8429
3/5/2007,1.8436,1.8475,1.8395,1.8415
4/5/2007,1.8409,1.8501,1.8396,1.8454
7/5/2007,1.8474,1.8519,1.8415,1.8453
8/5/2007,1.8447,1.8481,1.8333,1.8359
9/5/2007,1.8354,1.8469,1.8333,1.842
10/5/2007,1.8415,1.8548,1.8365,1.8541
11/5/2007,1.8548,1.8578,1.8407,1.8426
14/5/2007,1.8403,1.8477,1.831,1.8372
15/5/2007,1.8367,1.8431,1.8337,1.8397
16/5/2007,1.8392,1.8507,1.8382,1.844
17/5/2007,1.8435,1.8515,1.8412,1.8467
18/5/2007,1.8462,1.8544,1.8461,1.8489
21/5/2007,1.8488,1.8529,1.8424,1.8445
22/5/2007,1.8439,1.8528,1.8426,1.8508
23/5/2007,1.8503,1.8539,1.8431,1.8446
24/5/2007,1.8442,1.8551,1.8434,1.853
25/5/2007,1.8525,1.8563,1.8463,1.8519
28/5/2007,1.8515,1.854,1.8494,1.8496
29/5/2007,1.8489,1.8546,1.8441,1.8491
30/5/2007,1.8485,1.8519,1.8359,1.8394
31/5/2007,1.8388,1.8433,1.8243,1.8259
1/6/2007,1.8255,1.8278,1.8021,1.8051
4/6/2007,1.805,1.8109,1.8014,1.8049
5/6/2007,1.8044,1.8082,1.7921,1.8046
6/6/2007,1.8041,1.8056,1.7903,1.7968
7/6/2007,1.7956,1.7968,1.7782,1.7901
8/6/2007,1.7896,1.7943,1.7896,1.7943
11/6/2007,1.787,1.787,1.7759,1.7759
12/6/2007,1.7755,1.7806,1.7701,1.7767
13/6/2007,1.7763,1.78,1.7688,1.7708
14/6/2007,1.7712,1.781,1.768,1.7744
15/6/2007,1.7738,1.7765,1.768,1.7732
18/6/2007,1.7725,1.7838,1.7725,1.7795
19/6/2007,1.779,1.781,1.7675,1.7707
20/6/2007,1.7702,1.7722,1.7575,1.7639
21/6/2007,1.7633,1.7669,1.7495,1.7536
22/6/2007,1.7532,1.7712,1.7495,1.7631
25/6/2007,1.7691,1.7706,1.7529,1.7587
26/6/2007,1.7582,1.7621,1.7498,1.7566
27/6/2007,1.7561,1.775,1.7532,1.7681
28/6/2007,1.7677,1.7691,1.7451,1.7477
29/6/2007,1.7473,1.7594,1.74,1.7524
2/7/2007,1.7497,1.7569,1.7393,1.7422
3/7/2007,1.7418,1.7481,1.735,1.7428
4/7/2007,1.7423,1.7444,1.7393,1.7415
5/7/2007,1.7409,1.7429,1.7307,1.7397
6/7/2007,1.7393,1.7464,1.731,1.7421
9/7/2007,1.7399,1.7509,1.7381,1.7449
10/7/2007,1.7445,1.7669,1.7441,1.7665
11/7/2007,1.766,1.784,1.756,1.757
12/7/2007,1.7565,1.7661,1.753,1.7581
13/7/2007,1.7576,1.7628,1.7495,1.7507
16/7/2007,1.7498,1.7569,1.7361,1.7362
17/7/2007,1.7358,1.747,1.7341,1.7446
18/7/2007,1.7441,1.7485,1.7372,1.7398
19/7/2007,1.7403,1.7462,1.7391,1.7411
20/7/2007,1.7406,1.7412,1.7303,1.7343
23/7/2007,1.7326,1.7429,1.7118,1.7136
24/7/2007,1.714,1.7201,1.7049,1.7153
25/7/2007,1.7148,1.7268,1.7036,1.7074
26/7/2007,1.7095,1.7585,1.7059,1.7575
27/7/2007,1.758,1.7869,1.7453,1.7816
30/7/2007,1.7397,1.8096,1.7397,1.7836
31/7/2007,1.7842,1.7972,1.7725,1.795
1/8/2007,1.7955,1.8113,1.7826,1.7835
2/8/2007,1.784,1.7958,1.7758,1.7817
3/8/2007,1.7812,1.8139,1.7789,1.8113
6/8/2007,1.8088,1.8299,1.7998,1.8015
7/8/2007,1.802,1.8213,1.7994,1.8045
8/8/2007,1.804,1.8099,1.7938,1.7962
9/8/2007,1.7958,1.822,1.7914,1.8188
10/8/2007,1.8181,1.8455,1.8179,1.8372
13/8/2007,1.8194,1.8535,1.8194,1.8413
14/8/2007,1.8409,1.8658,1.8388,1.8631
15/8/2007,1.8636,1.8936,1.862,1.8931
16/8/2007,1.8936,1.995,1.8915,1.9506
17/8/2007,1.9499,2.0168,1.9325,1.9325
20/8/2007,1.9644,1.9771,1.9042,1.9286
21/8/2007,1.9292,1.9459,1.9232,1.9332
22/8/2007,1.9322,1.9536,1.9202,1.9326
23/8/2007,1.9319,1.9327,1.8899,1.8972
24/8/2007,1.8977,1.913,1.891,1.8955
27/8/2007,1.9119,1.9119,1.8796,1.9053
28/8/2007,1.906,1.9516,1.9017,1.9498
29/8/2007,1.9487,1.9744,1.9256,1.9299
30/8/2007,1.9292,1.9551,1.924,1.94
31/8/2007,1.9407,1.9514,1.9241,1.9425
3/9/2007,1.9348,1.9503,1.9348,1.9348
4/9/2007,1.9359,1.961,1.9319,1.9524
5/9/2007,1.953,1.9924,1.9516,1.9874
6/9/2007,1.9866,1.997,1.9681,1.9767
7/9/2007,1.976,2.0058,1.9737,1.9922
10/9/2007,1.992,2.0186,1.9751,1.9809
11/9/2007,1.9826,1.9914,1.9562,1.9583
12/9/2007,1.9577,1.9665,1.9426,1.953
13/9/2007,1.9552,1.966,1.9335,1.9503
14/9/2007,1.9513,1.9623,1.9385,1.9459
17/9/2007,1.9429,1.9711,1.9402,1.962
18/9/2007,1.9629,1.9788,1.9227,1.9242
19/9/2007,1.9235,1.9334,1.8946,1.8974
20/9/2007,1.898,1.9133,1.8865,1.9072
21/9/2007,1.9067,1.9088,1.8857,1.8934
24/9/2007,1.8911,1.9,1.8805,1.8863
25/9/2007,1.8857,1.9291,1.8844,1.9028
26/9/2007,1.9034,1.9078,1.8937,1.8962
27/9/2007,1.8951,1.8995,1.8815,1.8865
28/9/2007,1.8859,1.8903,1.8684,1.8825
1/10/2007,1.8837,1.8873,1.8561,1.8565
2/10/2007,1.8561,1.8788,1.8559,1.8683
3/10/2007,1.8689,1.8757,1.8561,1.8669
4/10/2007,1.8675,1.8803,1.8662,1.873
5/10/2007,1.8735,1.8735,1.8526,1.8575
8/10/2007,1.858,1.8597,1.8384,1.8443
9/10/2007,1.8436,1.8515,1.8365,1.8435
10/10/2007,1.843,1.86,1.8409,1.8531
11/10/2007,1.8526,1.8576,1.8359,1.8454
12/10/2007,1.8448,1.8482,1.8243,1.8254
15/10/2007,1.8194,1.8702,1.8194,1.8651
16/10/2007,1.8657,1.9162,1.8564,1.8994
17/10/2007,1.8988,1.9118,1.8828,1.8887
18/10/2007,1.8879,1.9135,1.8858,1.8951
19/10/2007,1.8945,1.9214,1.8845,1.9131
22/10/2007,1.9145,1.9421,1.8967,1.8994
23/10/2007,1.9,1.9007,1.8793,1.8839
24/10/2007,1.8847,1.9012,1.8766,1.8902
25/10/2007,1.8907,1.897,1.8764,1.8803
26/10/2007,1.8808,1.8847,1.8713,1.8785
29/10/2007,1.8744,1.8816,1.8645,1.8766
30/10/2007,1.8772,1.8902,1.8685,1.8875
31/10/2007,1.888,1.8925,1.872,1.8735
1/11/2007,1.874,1.9058,1.8684,1.9025
2/11/2007,1.9032,1.9075,1.8879,1.8952
5/11/2007,1.8923,1.9026,1.878,1.8796
6/11/2007,1.879,1.8814,1.8647,1.8663
7/11/2007,1.8668,1.8895,1.8555,1.8886
8/11/2007,1.888,1.913,1.8785,1.8915
9/11/2007,1.892,1.9243,1.8827,1.9208
12/11/2007,1.9254,1.9558,1.9084,1.9539
13/11/2007,1.9546,1.9546,1.9158,1.9229
14/11/2007,1.9213,1.9368,1.9111,1.9205
15/11/2007,1.9199,1.9406,1.9168,1.9393
16/11/2007,1.9388,1.9438,1.9205,1.9355
19/11/2007,1.9325,1.9477,1.9236,1.9454
20/11/2007,1.9459,1.9554,1.9312,1.9388
21/11/2007,1.9384,1.9848,1.9349,1.9764
22/11/2007,1.9772,1.9832,1.9598,1.9773
23/11/2007,1.9766,1.9874,1.9523,1.9552
26/11/2007,1.9413,1.9871,1.9413,1.9809
27/11/2007,1.9803,1.9846,1.9489,1.9543
28/11/2007,1.955,1.9573,1.9081,1.9148
29/11/2007,1.9141,1.9298,1.9053,1.9125
30/11/2007,1.9131,1.9301,1.9048,1.9146
3/12/2007,1.9128,1.9258,1.9086,1.9205
4/12/2007,1.9205,1.941,1.9161,1.934
5/12/2007,1.934,1.9468,1.8944,1.8983
6/12/2007,1.8983,1.9006,1.8798,1.8827
7/12/2007,1.8827,1.8903,1.8739,1.8868
10/12/2007,1.8882,1.897,1.8817,1.8828
11/12/2007,1.8828,1.8997,1.8696,1.8955
12/12/2007,1.8955,1.8971,1.8511,1.8708
13/12/2007,1.8708,1.8802,1.8636,1.8752
14/12/2007,1.8752,1.8872,1.8599,1.886
17/12/2007,1.8832,1.9104,1.8705,1.9079
18/12/2007,1.9079,1.9171,1.8994,1.9082
19/12/2007,1.9082,1.9153,1.8965,1.9032
20/12/2007,1.9032,1.9083,1.8817,1.8864
21/12/2007,1.8864,1.8869,1.8718,1.8838
24/12/2007,1.8758,1.8878,1.8758,1.877
25/12/2007,1.877,1.8859,1.876,1.8805
26/12/2007,1.8805,1.8927,1.8767,1.889
27/12/2007,1.889,1.9021,1.8795,1.8976
28/12/2007,1.8976,1.9065,1.8892,1.9006
31/12/2007,1.9012,1.9091,1.8905,1.905
1/1/2008,1.9049,1.9096,1.8962,1.9014
2/1/2008,1.9011,1.9116,1.8935,1.898
3/1/2008,1.898,1.917,1.889,1.9142
4/1/2008,1.9142,1.9285,1.8994,1.9242
7/1/2008,1.9211,1.9314,1.9026,1.9113
8/1/2008,1.9113,1.9167,1.9016,1.9132
9/1/2008,1.9132,1.918,1.8962,1.897
10/1/2008,1.897,1.9004,1.8773,1.8858
11/1/2008,1.8858,1.8942,1.8776,1.8885
14/1/2008,1.8849,1.8964,1.8786,1.8803
15/1/2008,1.8803,1.9077,1.8737,1.905
16/1/2008,1.905,1.9341,1.8933,1.8987
17/1/2008,1.8987,1.918,1.8876,1.9112
18/1/2008,1.9112,1.9326,1.9061,1.9237
21/1/2008,1.9241,1.9421,1.9115,1.9385
22/1/2008,1.9385,1.9504,1.905,1.9153
23/1/2008,1.9153,1.9304,1.9027,1.9085
24/1/2008,1.9085,1.9187,1.8998,1.9064
25/1/2008,1.9064,1.9197,1.8991,1.9118
28/1/2008,1.9104,1.9147,1.9005,1.9015
29/1/2008,1.9015,1.905,1.8926,1.8983
30/1/2008,1.8983,1.9052,1.8807,1.8943
31/1/2008,1.8943,1.9124,1.881,1.8868
1/2/2008,1.8868,1.8927,1.8615,1.8621
4/2/2008,1.8641,1.8746,1.8594,1.8687
5/2/2008,1.8687,1.8813,1.8561,1.8746
6/2/2008,1.8746,1.8781,1.8544,1.8571
7/2/2008,1.8571,1.8676,1.8277,1.8364
8/2/2008,1.8364,1.8476,1.8314,1.8395
11/2/2008,1.8422,1.8492,1.8345,1.8403
12/2/2008,1.8403,1.8471,1.8298,1.8445
13/2/2008,1.8445,1.8645,1.8423,1.8594
14/2/2008,1.8593,1.8608,1.8436,1.8587
15/2/2008,1.8587,1.8664,1.8545,1.8581
18/2/2008,1.8652,1.8652,1.8408,1.8433
19/2/2008,1.8433,1.8491,1.8343,1.8474
20/2/2008,1.8474,1.8547,1.8399,1.8443
21/2/2008,1.8443,1.8554,1.8375,1.8508
22/2/2008,1.8508,1.8545,1.8306,1.8337
25/2/2008,1.8348,1.841,1.8256,1.8272
26/2/2008,1.8271,1.839,1.8193,1.8324
27/2/2008,1.8324,1.8563,1.8309,1.8524
28/2/2008,1.8524,1.8671,1.8474,1.8635
29/2/2008,1.8635,1.9036,1.8599,1.9003
3/3/2008,1.9017,1.9182,1.8798,1.8847
4/3/2008,1.8847,1.911,1.8805,1.8995
5/3/2008,1.8995,1.9164,1.8989,1.9021
6/3/2008,1.9021,1.9303,1.8956,1.9303
7/3/2008,1.9303,1.9444,1.9221,1.9345
10/3/2008,1.935,1.9489,1.9289,1.946
11/3/2008,1.946,1.9486,1.9043,1.9083
12/3/2008,1.9083,1.9333,1.9039,1.9288
13/3/2008,1.9289,1.9427,1.9019,1.9106
14/3/2008,1.9106,1.9297,1.8965,1.927
17/3/2008,1.9262,1.9853,1.9156,1.9629
18/3/2008,1.9629,1.974,1.9322,1.9364
19/3/2008,1.9364,1.9588,1.9166,1.9532
20/3/2008,1.9532,1.9615,1.9332,1.9495
21/3/2008,1.9496,1.954,1.943,1.9487
24/3/2008,1.9497,1.9537,1.928,1.9331
25/3/2008,1.9331,1.9445,1.9239,1.9399
26/3/2008,1.9399,1.9733,1.9359,1.9699
27/3/2008,1.9699,1.9743,1.9538,1.9641
28/3/2008,1.9641,1.9868,1.9572,1.9811
31/3/2008,1.9811,2.0181,1.9811,2.0088
1/4/2008,2.0088,2.0115,1.9817,1.9841
2/4/2008,1.9841,1.9902,1.9695,1.9857
3/4/2008,1.9857,1.9985,1.9741,1.997
4/4/2008,1.997,2.0078,1.99,1.9937
7/4/2008,1.9932,1.996,1.9653,1.9741
8/4/2008,1.9741,1.9886,1.9637,1.9652
9/4/2008,1.9652,1.9886,1.9613,1.9855
10/4/2008,1.9855,1.9889,1.9635,1.9707
11/4/2008,1.9707,1.9956,1.9688,1.9929
14/4/2008,1.9744,2.0118,1.9699,1.9995
15/4/2008,1.9995,2.023,1.9934,2.0076
16/4/2008,2.0076,2.0278,2.0056,2.0131
17/4/2008,2.013,2.0294,2.0095,2.0114
18/4/2008,2.0114,2.0161,1.9919,2.002
21/4/2008,2.0012,2.0097,1.9949,2.0043
22/4/2008,2.0042,2.0102,1.9964,2.0052
23/4/2008,2.0052,2.0085,1.9862,1.9894
24/4/2008,1.9894,2.003,1.9825,1.9894
25/4/2008,1.9894,2.0031,1.9888,1.9991
28/4/2008,2.0001,2.0001,1.9866,1.9918
29/4/2008,1.9915,2.0152,1.9915,2.0074
30/4/2008,2.0076,2.0166,1.9859,1.9974
1/5/2008,1.9973,2.0039,1.9846,1.9899
2/5/2008,1.99,1.9933,1.9657,1.9776
5/5/2008,1.9765,1.981,1.9654,1.9722
6/5/2008,1.9724,1.9763,1.9587,1.9623
7/5/2008,1.9621,1.9721,1.9614,1.9693
8/5/2008,1.9696,2.0006,1.9675,1.9952
9/5/2008,1.995,2.0208,1.9928,2.012
12/5/2008,2.0127,2.022,2.0065,2.0157
13/5/2008,2.0159,2.0262,2.008,2.0245
14/5/2008,2.0248,2.0338,2.0217,2.0337
15/5/2008,2.034,2.0569,2.021,2.0217
16/5/2008,2.0218,2.0298,2.0073,2.012
19/5/2008,2.0129,2.0217,2.002,2.0091
20/5/2008,2.009,2.0241,2.0055,2.0218
21/5/2008,2.0218,2.0349,2.0173,2.0321
22/5/2008,2.0327,2.0341,1.997,2.0105
23/5/2008,2.0106,2.0106,1.9945,2.0082
26/5/2008,2.0076,2.0133,2.0002,2.0038
27/5/2008,2.0039,2.0068,1.9847,1.9876
28/5/2008,1.9875,2.0032,1.9846,1.9895
29/5/2008,1.99,1.9971,1.9851,1.9913
30/5/2008,1.9913,1.9922,1.9798,1.9866
2/6/2008,1.9882,1.9907,1.9747,1.9795
3/6/2008,1.9796,1.9868,1.9712,1.9762
4/6/2008,1.9764,1.9847,1.9711,1.9797
5/6/2008,1.9798,2.0364,1.9789,2.0301
6/6/2008,2.0302,2.0579,2.0294,2.056
9/6/2008,2.0558,2.0676,2.0521,2.0616
10/6/2008,2.0617,2.0676,2.0509,2.0543
11/6/2008,2.0544,2.0647,2.0443,2.0585
12/6/2008,2.0588,2.0621,2.0462,2.0594
13/6/2008,2.0595,2.0645,2.047,2.0517
16/6/2008,2.0626,2.0625,2.0542,2.0542
17/6/2008,2.0543,2.0627,2.0485,2.0533
18/6/2008,2.0534,2.0558,2.0436,2.046
19/6/2008,2.046,2.0564,2.0307,2.0323
20/6/2008,2.0325,2.0539,2.0325,2.0507
23/6/2008,2.0507,2.0558,2.0407,2.0478
24/6/2008,2.0477,2.0597,2.0467,2.0536
25/6/2008,2.0537,2.0686,2.0494,2.0609
26/6/2008,2.061,2.0878,2.0607,2.0873
27/6/2008,2.0874,2.0906,2.0653,2.0758
30/6/2008,2.0753,2.0753,2.0609,2.0668
1/7/2008,2.0671,2.0905,2.0661,2.0842
2/7/2008,2.0844,2.092,2.0795,2.0899
3/7/2008,2.09,2.0972,2.0731,2.0756
4/7/2008,2.0756,2.0803,2.0641,2.0696
7/7/2008,2.0692,2.0899,2.0626,2.0839
8/7/2008,2.084,2.0942,2.0768,2.079
9/7/2008,2.0791,2.0869,2.064,2.0761
10/7/2008,2.0766,2.0851,2.0639,2.0808
11/7/2008,2.0808,2.0967,2.0759,2.0934
14/7/2008,2.0931,2.1034,2.0797,2.0814
15/7/2008,2.0813,2.0844,2.0558,2.0596
16/7/2008,2.0597,2.0656,2.0481,2.0502
17/7/2008,2.0503,2.0834,2.0497,2.0782
18/7/2008,2.0783,2.0823,2.0703,2.082
21/7/2008,2.0903,2.0925,2.0925,2.0903
22/7/2008,2.0905,2.0949,2.0764,2.0781
23/7/2008,2.0781,2.0984,2.0659,2.0929
24/7/2008,2.0931,2.1187,2.0931,2.1102
25/7/2008,2.1103,2.1182,2.1044,2.1182
28/7/2008,2.1179,2.1188,2.11,2.1137
29/7/2008,2.1138,2.1307,2.1053,2.1063
30/7/2008,2.1061,2.1288,2.106,2.1213
31/7/2008,2.1213,2.1351,2.1187,2.1247
1/8/2008,2.1248,2.1458,2.1243,2.1401
4/8/2008,2.1363,2.1436,2.1293,2.135
5/8/2008,2.1354,2.1447,2.1255,2.1261
6/8/2008,2.1262,2.1501,2.1258,2.1467
7/8/2008,2.1468,2.1577,2.1371,2.1451
8/8/2008,2.1453,2.1784,2.1274,2.1306
11/8/2008,2.1303,2.1445,2.1244,2.1319
12/8/2008,2.1319,2.1483,2.1292,2.145
13/8/2008,2.145,2.1855,2.1169,2.1212
14/8/2008,2.1213,2.1368,2.1143,2.1177
15/8/2008,2.1178,2.1235,2.074,2.0799
18/8/2008,2.0761,2.0886,2.055,2.0695
19/8/2008,2.0695,2.0811,2.0618,2.0716
20/8/2008,2.0716,2.076,2.0639,2.0678
21/8/2008,2.0679,2.0798,2.065,2.0667
22/8/2008,2.0668,2.0883,2.065,2.0872
25/8/2008,2.0846,2.0966,2.0813,2.0965
26/8/2008,2.0966,2.128,2.0918,2.1009
27/8/2008,2.1008,2.1084,2.0905,2.0986
28/8/2008,2.0987,2.1022,2.0847,2.0951
29/8/2008,2.0952,2.1004,2.0856,2.0947
1/9/2008,2.0965,2.107,2.0947,2.0995
2/9/2008,2.0996,2.1297,2.0971,2.1138
3/9/2008,2.1138,2.1463,2.0994,2.116
4/9/2008,2.1161,2.1329,2.1044,2.13
5/9/2008,2.1295,2.158,2.126,2.1339
8/9/2008,2.1333,2.136,2.0963,2.1037
9/9/2008,2.1038,2.1282,2.0911,2.1151
10/9/2008,2.1151,2.1234,2.0996,2.1157
11/9/2008,2.116,2.1609,2.116,2.1339
12/9/2008,2.134,2.1504,2.1251,2.1278
15/9/2008,2.1262,2.1702,2.1254,2.1603
16/9/2008,2.1602,2.1955,2.1337,2.1389
17/9/2008,2.139,2.1707,2.129,2.1682
18/9/2008,2.1675,2.1811,2.1188,2.1205
19/9/2008,2.1204,2.1281,2.0911,2.0995
22/9/2008,2.0967,2.1473,2.095,2.1457
23/9/2008,2.1457,2.1592,2.1328,2.1506
24/9/2008,2.1504,2.1634,2.1331,2.1403
25/9/2008,2.1403,2.1494,2.1326,2.1417
26/9/2008,2.1419,2.1517,2.1222,2.1306
29/9/2008,2.1261,2.1555,2.1091,2.1472
30/9/2008,2.1473,2.1617,2.0908,2.1041
1/10/2008,2.1042,2.1144,2.0706,2.0893
2/10/2008,2.0894,2.1049,2.0687,2.104
3/10/2008,2.1035,2.1058,2.0713,2.0811
6/10/2008,2.0772,2.1759,2.0682,2.1192
7/10/2008,2.1231,2.1894,2.1144,2.1784
8/10/2008,2.1783,2.3272,2.1623,2.2731
9/10/2008,2.2729,2.3013,2.1942,2.24
10/10/2008,2.2382,2.3019,2.2208,2.2555
13/10/2008,2.2483,2.2844,2.1912,2.1969
14/10/2008,2.1975,2.2152,2.1624,2.2039
15/10/2008,2.2041,2.2576,2.1739,2.2508
16/10/2008,2.2501,2.274,2.1742,2.18
17/10/2008,2.1801,2.2132,2.1638,2.1884
20/10/2008,2.1832,2.2109,2.1262,2.1407
21/10/2008,2.1408,2.17,2.1295,2.1583
22/10/2008,2.158,2.2062,2.1305,2.1722
23/10/2008,2.1722,2.2178,2.135,2.1726
24/10/2008,2.173,2.3,2.1645,2.2696
27/10/2008,2.2586,2.3253,2.2437,2.3075
28/10/2008,2.3076,2.3095,2.237,2.2476
29/10/2008,2.2477,2.248,2.1813,2.2145
30/10/2008,2.2145,2.2446,2.1765,2.1822
31/10/2008,2.1824,2.2063,2.1665,2.1836
3/11/2008,2.1864,2.198,2.1211,2.1379
4/11/2008,2.1379,2.1557,2.1061,2.1425
5/11/2008,2.1425,2.1773,2.1213,2.1756
6/11/2008,2.1756,2.1803,2.1246,2.1685
7/11/2008,2.1685,2.1857,2.1468,2.1512
10/11/2008,2.1588,2.2073,2.1358,2.1973
11/11/2008,2.1973,2.2071,2.1615,2.1884
12/11/2008,2.1884,2.249,2.1711,2.2269
13/11/2008,2.2269,2.2649,2.2142,2.2341
14/11/2008,2.234,2.2934,2.2172,2.2763
17/11/2008,2.273,2.3007,2.2553,2.2969
18/11/2008,2.2969,2.3039,2.2798,2.2831
19/11/2008,2.2832,2.3162,2.2812,2.3066
20/11/2008,2.3061,2.4042,2.2998,2.3856
21/11/2008,2.3855,2.3984,2.3364,2.3438
24/11/2008,2.3509,2.3841,2.3146,2.3583
25/11/2008,2.3583,2.4078,2.3367,2.3845
26/11/2008,2.3845,2.3905,2.3191,2.3309
27/11/2008,2.3309,2.3588,2.3195,2.3415
28/11/2008,2.3415,2.3439,2.3038,2.3114
1/12/2008,2.3125,2.3957,2.3125,2.3786
2/12/2008,2.3784,2.4042,2.3631,2.3909
3/12/2008,2.3909,2.4064,2.3699,2.3878
4/12/2008,2.3878,2.4169,2.3501,2.3976
5/12/2008,2.3975,2.4336,2.3715,2.3853
8/12/2008,2.3862,2.4014,2.3575,2.368
9/12/2008,2.3681,2.4027,2.3637,2.3833
10/12/2008,2.3833,2.4094,2.3569,2.3937
11/12/2008,2.3936,2.4277,2.3832,2.4194
12/12/2008,2.4193,2.4613,2.4075,2.442
15/12/2008,2.4419,2.4808,2.4419,2.4689
16/12/2008,2.4688,2.4785,2.4132,2.4197
17/12/2008,2.419,2.4497,2.4009,2.4336
18/12/2008,2.4336,2.4622,2.388,2.4419
19/12/2008,2.4419,2.4666,2.4044,2.4204
22/12/2008,2.4241,2.4448,2.4119,2.4368
23/12/2008,2.4368,2.4667,2.428,2.4547
24/12/2008,2.4547,2.4648,2.4194,2.4357
25/12/2008,2.4357,2.4821,2.4313,2.4451
26/12/2008,2.4451,2.4555,2.4258,2.4382
29/12/2008,2.4442,2.4694,2.4147,2.4185
30/12/2008,2.4185,2.4643,2.4094,2.431
31/12/2008,2.431,2.4521,2.3684,2.4127
1/1/2009,2.4123,2.4199,2.3788,2.414
2/1/2009,2.414,2.4179,2.3599,2.3744
5/1/2009,2.361,2.3865,2.3009,2.3121
6/1/2009,2.312,2.3229,2.25,2.2614
7/1/2009,2.2613,2.3114,2.2496,2.3065
8/1/2009,2.3067,2.3361,2.2959,2.298
9/1/2009,2.298,2.323,2.2621,2.2776
12/1/2009,2.2723,2.3301,2.2701,2.3214
13/1/2009,2.3214,2.413,2.3205,2.382
14/1/2009,2.382,2.4418,2.3774,2.4317
15/1/2009,2.4317,2.4783,2.4216,2.4409
16/1/2009,2.4409,2.4556,2.3984,2.4268
19/1/2009,2.4259,2.4379,2.406,2.4352
20/1/2009,2.4353,2.4843,2.4208,2.4733
21/1/2009,2.4733,2.4928,2.4343,2.4493
22/1/2009,2.4493,2.4798,2.4388,2.4687
23/1/2009,2.4687,2.4776,2.42,2.4537
26/1/2009,2.4492,2.5103,2.4308,2.5044
27/1/2009,2.5044,2.511,2.481,2.4884
28/1/2009,2.4884,2.527,2.4587,2.5115
29/1/2009,2.5115,2.549,2.5031,2.5198
30/1/2009,2.5196,2.5391,2.5079,2.5176
2/2/2009,2.5146,2.5691,2.5054,2.5482
3/2/2009,2.5482,2.5639,2.5196,2.538
4/2/2009,2.538,2.5802,2.506,2.5312
5/2/2009,2.5312,2.538,2.4674,2.4744
6/2/2009,2.4744,2.4997,2.4148,2.4342
9/2/2009,2.4234,2.4649,2.3985,2.4162
10/2/2009,2.4155,2.4837,2.3994,2.4673
11/2/2009,2.4673,2.4849,2.4443,2.4556
12/2/2009,2.4555,2.486,2.4304,2.4759
13/2/2009,2.4759,2.4765,2.4318,2.4599
16/2/2009,2.4552,2.4799,2.4481,2.4722
17/2/2009,2.4742,2.4948,2.4546,2.4794
18/2/2009,2.4794,2.4846,2.4516,2.4615
19/2/2009,2.4615,2.4915,2.4517,2.4913
20/2/2009,2.4915,2.517,2.4825,2.5079
23/2/2009,2.5144,2.5264,2.4869,2.5015
24/2/2009,2.5015,2.5107,2.4804,2.5007
25/2/2009,2.5007,2.5099,2.4751,2.4977
26/2/2009,2.4977,2.507,2.4873,2.5068
27/2/2009,2.5068,2.5383,2.5036,2.5298
2/3/2009,2.529,2.5592,2.5078,2.5528
3/3/2009,2.5528,2.5549,2.5236,2.5387
4/3/2009,2.5387,2.5483,2.4879,2.5047
5/3/2009,2.5047,2.5262,2.4866,2.5157
6/3/2009,2.5157,2.5361,2.5017,2.5174
9/3/2009,2.5177,2.5668,2.5104,2.5586
10/3/2009,2.5586,2.5622,2.515,2.5204
11/3/2009,2.5204,2.5402,2.4994,2.5002
12/3/2009,2.5002,2.5133,2.466,2.4809
13/3/2009,2.4809,2.4883,2.4534,2.462
16/3/2009,2.4709,2.4709,2.4348,2.4471
17/3/2009,2.4471,2.4629,2.4378,2.4525
18/3/2009,2.4528,2.5065,2.452,2.4748
19/3/2009,2.4742,2.4889,2.4449,2.4684
20/3/2009,2.4686,2.4715,2.416,2.4308
23/3/2009,2.4378,2.4397,2.377,2.3848
24/3/2009,2.3851,2.4002,2.3785,2.3921
25/3/2009,2.3921,2.4182,2.3741,2.3987
26/3/2009,2.3987,2.4028,2.3385,2.3493
27/3/2009,2.35,2.368,2.3243,2.3319
30/3/2009,2.3322,2.359,2.3207,2.3427
31/3/2009,2.3427,2.3741,2.3213,2.3685
1/4/2009,2.3685,2.3832,2.3252,2.3336
2/4/2009,2.3334,2.3501,2.3079,2.3303
3/4/2009,2.3304,2.3311,2.2827,2.3017
6/4/2009,2.3064,2.3085,2.2706,2.2806
7/4/2009,2.2806,2.3131,2.2785,2.3051
8/4/2009,2.305,2.3132,2.2895,2.2909
9/4/2009,2.2912,2.2994,2.2541,2.2576
10/4/2009,2.258,2.2625,2.2494,2.2615
13/4/2009,2.2455,2.2744,2.2447,2.2559
14/4/2009,2.2559,2.2802,2.2483,2.2736
15/4/2009,2.2736,2.2999,2.2713,2.2759
16/4/2009,2.2759,2.3194,2.271,2.3023
17/4/2009,2.3023,2.3058,2.2819,2.2971
20/4/2009,2.2972,2.3523,2.2843,2.3393
21/4/2009,2.3392,2.3408,2.2911,2.2953
22/4/2009,2.2955,2.3448,2.2952,2.3419
23/4/2009,2.3419,2.3491,2.3241,2.3395
24/4/2009,2.3395,2.3454,2.3083,2.3151
27/4/2009,2.3136,2.3411,2.2909,2.3043
28/4/2009,2.3044,2.3543,2.3022,2.3531
29/4/2009,2.348500,2.355300,2.301800,2.341000
30/4/2009,2.351000,2.358400,2.322000,2.341300
1/5/2009,2.341200,2.355500,2.317300,2.324700
4/5/2009,2.315600,2.338000,2.302800,2.327800
5/5/2009,2.325800,2.330100,2.286200,2.300100
6/5/2009,2.300900,2.304800,2.272900,2.282600
7/5/2009,2.258700,2.271000,2.222800,2.263900
8/5/2009,2.256000,2.276000,2.241100,2.261300
11/5/2009,2.253500,2.266200,2.224700,2.262900
12/5/2009,2.264900,2.277000,2.240900,2.250800
13/5/2009,2.254600,2.308500,2.245300,2.297100
14/5/2009,2.290300,2.314400,2.278800,2.284700
15/5/2009,2.294700,2.314200,2.290600,2.301800
18/5/2009,2.302500,2.306600,2.272300,2.276900
19/5/2009,2.267700,2.281100,2.247200,2.267200
20/5/2009,2.265000,2.279500,2.247800,2.273900
21/5/2009,2.273600,2.293000,2.257600,2.274300
22/5/2009,2.271500,2.275800,2.244000,2.259400
25/5/2009,2.274600,2.277700,2.254200,2.258200
26/5/2009,2.261900,2.280500,2.231300,2.237600
27/5/2009,2.247300,2.258800,2.229900,2.253300
28/5/2009,2.247500,2.264500,2.215900,2.238400
29/5/2009,2.234700,2.241500,2.203200,2.211300
1/6/2009,2.206100,2.215200,2.162500,2.179800
2/6/2009,2.185600,2.193500,2.167900,2.183500
3/6/2009,2.180300,2.254500,2.177900,2.230100
4/6/2009,2.228300,2.264500,2.223000,2.237400
5/6/2009,2.243300,2.244900,2.205100,2.232400
8/6/2009,2.230600,2.256800,2.223200,2.240500
9/6/2009,2.234700,2.249200,2.232600,2.244300
10/6/2009,2.244300,2.246900,2.217000,2.231000
11/6/2009,2.206500,2.212200,2.176200,2.192900
12/6/2009,2.186400,2.198800,2.175700,2.180200
15/6/2009,2.188700,2.196700,2.182000,2.186000
16/6/2009,2.189000,2.206700,2.176500,2.196900
17/6/2009,2.199000,2.217800,2.189400,2.199100
18/6/2009,2.205500,2.214300,2.167700,2.178800
19/6/2009,2.174900,2.185300,2.159700,2.166200
22/6/2009,2.173100,2.204600,2.169700,2.203400
23/6/2009,2.325800,2.330100,2.286200,2.293100
24/6/2009,2.206300,2.208200,2.164800,2.177200
25/6/2009,2.182000,2.194800,2.166200,2.168500
26/6/2009,2.178500,2.187200,2.173800,2.180200
29/6/2009,2.174300,2.181800,2.158600,2.163900
30/6/2009,2.175100,2.178800,2.170200,2.173800
1/7/2009,2.175100,2.215700,2.170200,2.208300
3/7/2009,2.225200,2.227500,2.205700,2.218300
7/7/2009,2.198800,2.214700,2.192700,2.212400
8/7/2009,2.215000,2.232900,2.206200,2.216600
9/7/2009,2.215600,2.218300,2.214100,2.216500
10/7/2009,2.215600,2.229200,2.211900,2.219700
13/7/2009,2.223000,2.251700,2.208500,2.210800
14/7/2009,2.209000,2.212200,2.182200,2.184700
15/7/2009,2.183800,2.198300,2.164700,2.175500
16/7/2009,2.174500,2.203700,2.170000,2.180800
20/7/2009,2.187200,2.188300,2.163200,2.165400
21/7/2009,2.163900,2.181300,2.158800,2.165800
22/7/2009,2.166300,2.173700,2.148300,2.157600
23/7/2009,2.157100,2.169700,2.152300,2.164900
27/7/2009,2.169400,2.176200,2.159300,2.166600
28/7/2009,2.172200,2.175800,2.146400,2.153200
29/7/2009,2.160500,2.161800,2.135100,2.155700
30/7/2009,2.161600,2.167700,2.149300,2.157400
31/7/2009,2.158700,2.169300,2.148500,2.152100
4/8/2009,2.159200,2.165300,2.136100,2.138000
5/8/2009,2.136300,2.144800,2.132100,2.138400
8/9/2009,2.070500,2.085200,2.068600,2.081000
11/9/2009,2.074000,2.078300,2.059800,2.065800
14/9/2009,2.070000,2.092600,2.068600,2.087200
1/10/2009,2.024700,2.036200,2.010600,2.034700
7/10/2009,1.999400,2.005900,1.989900,1.996200
9/10/2009,1.994500,2.011300,1.989200,2.005500
13/10/2009,2.001100,2.024800,1.997900,2.010600
16/10/2009,2.004000,2.021300,1.995200,2.014600
2/11/2009,2.056900,2.066300,2.041200,2.055600
5/11/2009,2.061200,2.069600,2.055200,2.061600
10/11/2009,2.017800,2.029400,2.014500,2.016400
11/11/2009,2.022300,2.030300,2.015000,2.028600
24/11/2009,2.045800,2.070600,2.045400,2.061400
25/11/2009,2.060800,2.074700,2.049900,2.068200
26/11/2009,2.073200,2.103300,2.073000,2.096400
2/12/2009,2.076300,2.087500,2.068200,2.083000
3/12/2009,2.078700,2.092100,2.060500,2.085200
4/12/2009,2.088800,2.090200,2.066800,2.074500
8/12/2009,2.074900,2.083100,2.070700,2.077700
9/12/2009,2.080000,2.081800,2.043500,2.047700
11/12/2009,2.022900,2.034500,2.014800,2.017900
18/12/2009,2.023900,2.026800,2.012600,2.014500
22/12/2009,2.027500,2.038200,2.024500,2.035100
1/1/2010,1.982300,1.987700,1.968900,1.980700
11/1/2010,1.955100,1.964100,1.951600,1.953700
19/1/2010,1.945900,1.951500,1.930600,1.942100
20/1/2010,1.946300,1.968600,1.939400,1.954000
2/2/2010,0.000000,0.000000,0.000000,0.000000
4/2/2010,1.986800,1.996400,1.963900,1.994500
15/2/2010,1.955800,1.957000,1.948200,1.949100
16/2/2010,1.949900,1.951200,1.937000,1.940400
22/2/2010,1.944900,1.945700,1.936000,1.939400
24/2/2010,1.949000,1.967600,1.947400,1.954000
25/2/2010,1.950100,1.967000,1.948100,1.959100
1/3/2010,1.949100,1.954500,1.929500,1.938000
5/3/2010,1.977500,1.978100,1.951800,1.953500
11/3/2010,1.945400,1.959900,1.944400,1.950400
18/3/2010,1.923800,1.925200,1.902100,1.904700
25/3/2010,1.895000,1.897700,1.880200,1.887100
21/4/2010,1.887600,1.891800,1.878700,1.886100
7/5/2010,1.775100,1.798900,1.768200,1.781500
10/5/2010,1.795700,1.807300,1.767900,1.769500
12/5/2010,1.763300,1.776600,1.759700,1.771200
