8/5/2007,28.165,28.306,28.165,28.284
9/5/2007,28.254,28.304,28.216,28.252
10/5/2007,28.221,28.279,28.221,28.24
11/5/2007,28.25,28.306,28.228,28.265
14/5/2007,28.256,28.308,28.249,28.292
15/5/2007,28.263,28.306,28.252,28.292
16/5/2007,28.28,28.301,28.119,28.139
17/5/2007,28.095,28.178,28.095,28.151
18/5/2007,28.122,28.242,28.105,28.203
21/5/2007,28.2,28.213,28.153,28.168
22/5/2007,28.123,28.283,28.123,28.221
23/5/2007,28.187,28.284,28.187,28.265
24/5/2007,28.215,28.351,28.181,28.308
25/5/2007,28.273,28.374,28.259,28.343
28/5/2007,28.332,28.357,28.301,28.336
29/5/2007,28.291,28.379,28.251,28.359
30/5/2007,28.303,28.38,28.303,28.334
31/5/2007,28.298,28.366,28.267,28.283
1/6/2007,28.252,28.349,28.252,28.27
4/6/2007,28.271,28.4,28.243,28.376
5/6/2007,28.344,28.449,28.344,28.436
6/6/2007,28.406,28.448,28.386,28.412
7/6/2007,28.376,28.444,28.37,28.424
8/6/2007,28.403,28.49,28.365,28.464
11/6/2007,28.495,28.507,28.388,28.486
12/6/2007,28.519,28.548,28.446,28.48
13/6/2007,28.444,28.576,28.444,28.559
14/6/2007,28.528,28.64,28.518,28.566
15/6/2007,28.58,28.623,28.544,28.556
18/6/2007,28.562,28.648,28.523,28.58
19/6/2007,28.554,28.617,28.479,28.6
20/6/2007,28.576,28.767,28.57,28.616
21/6/2007,28.64,28.676,28.587,28.635
22/6/2007,28.607,28.736,28.607,28.687
25/6/2007,28.786,28.786,28.532,28.721
26/6/2007,28.692,28.75,28.647,28.736
27/6/2007,28.697,28.769,28.547,28.574
28/6/2007,28.545,28.74,28.545,28.694
29/6/2007,28.648,28.762,28.648,28.729
2/7/2007,28.734,28.79,28.702,28.771
3/7/2007,28.734,28.797,28.724,28.745
4/7/2007,28.716,28.77,28.686,28.712
5/7/2007,28.683,28.732,28.606,28.632
6/7/2007,28.599,28.669,28.599,28.63
9/7/2007,28.595,28.697,28.577,28.637
10/7/2007,28.609,28.677,28.568,28.602
11/7/2007,28.566,28.623,28.324,28.357
12/7/2007,28.33,28.4,28.222,28.272
13/7/2007,28.245,28.343,28.151,28.199
16/7/2007,28.185,28.322,28.136,28.293
17/7/2007,28.26,28.304,28.238,28.269
18/7/2007,28.238,28.285,28.223,28.246
19/7/2007,28.216,28.304,28.216,28.251
20/7/2007,28.222,28.27,28.215,28.228
23/7/2007,28.223,28.279,28.176,28.201
24/7/2007,28.159,28.226,28.12,28.134
25/7/2007,28.099,28.194,28.094,28.148
26/7/2007,28.121,28.158,27.949,27.976
27/7/2007,27.947,28.111,27.931,28.032
30/7/2007,27.988,28.2,27.964,28.075
31/7/2007,28.042,28.122,27.992,28.073
1/8/2007,28.03,28.079,27.938,28.019
2/8/2007,27.984,28.059,27.984,28.024
3/8/2007,27.979,28.087,27.979,28.077
6/8/2007,28.062,28.143,27.981,28.073
7/8/2007,28.024,28.197,28.024,28.126
8/8/2007,28.097,28.217,28.091,28.21
9/8/2007,28.191,28.214,28.09,28.135
10/8/2007,28.093,28.15,28.017,28.055
13/8/2007,28.05,28.094,27.984,28.016
14/8/2007,27.989,28.024,27.949,27.971
15/8/2007,27.951,27.987,27.842,27.862
16/8/2007,27.83,27.87,27.481,27.517
17/8/2007,27.462,27.781,27.462,27.755
20/8/2007,27.815,27.935,27.507,27.562
21/8/2007,27.537,27.694,27.537,27.666
22/8/2007,27.63,27.822,27.63,27.72
23/8/2007,27.801,27.801,27.663,27.69
24/8/2007,27.66,27.761,27.654,27.735
27/8/2007,27.721,27.829,27.605,27.771
28/8/2007,27.733,27.796,27.605,27.612
29/8/2007,27.58,27.73,27.562,27.665
30/8/2007,27.71,27.787,27.581,27.742
31/8/2007,27.684,27.763,27.669,27.695
3/9/2007,27.686,27.748,27.644,27.669
4/9/2007,27.634,27.68,27.629,27.658
5/9/2007,27.621,27.727,27.608,27.661
6/9/2007,27.616,27.675,27.58,27.601
7/9/2007,27.559,27.653,27.559,27.568
10/9/2007,27.569,27.737,27.536,27.67
11/9/2007,27.627,27.683,27.562,27.595
12/9/2007,27.56,27.627,27.494,27.535
13/9/2007,27.503,27.541,27.439,27.465
14/9/2007,27.447,27.522,27.412,27.412
17/9/2007,27.373,27.542,27.353,27.501
18/9/2007,27.527,27.527,27.473,27.492
19/9/2007,27.48,27.708,27.475,27.643
20/9/2007,27.674,27.674,27.467,27.522
21/9/2007,27.488,27.566,27.477,27.533
24/9/2007,27.506,27.621,27.454,27.567
25/9/2007,27.595,27.682,27.516,27.562
26/9/2007,27.512,27.647,27.487,27.615
27/9/2007,27.575,27.641,27.536,27.581
28/9/2007,27.551,27.604,27.468,27.555
1/10/2007,27.613,27.655,27.441,27.495
2/10/2007,27.464,27.604,27.435,27.569
3/10/2007,27.538,27.625,27.517,27.542
4/10/2007,27.513,27.598,27.513,27.577
5/10/2007,27.541,27.591,27.463,27.576
8/10/2007,27.58,27.611,27.424,27.49
9/10/2007,27.446,27.51,27.444,27.46
10/10/2007,27.43,27.53,27.43,27.485
11/10/2007,27.454,27.54,27.454,27.501
12/10/2007,27.428,27.555,27.428,27.511
15/10/2007,27.416,27.606,27.416,27.575
16/10/2007,27.6,27.6,27.497,27.559
17/10/2007,27.529,27.573,27.438,27.478
18/10/2007,27.436,27.506,27.306,27.322
19/10/2007,27.297,27.344,27.192,27.225
22/10/2007,27.224,27.352,27.025,27.234
23/10/2007,27.204,27.245,27.146,27.178
24/10/2007,27.139,27.249,27.133,27.237
25/10/2007,27.25,27.254,27.04,27.065
26/10/2007,27.016,27.095,26.813,26.857
29/10/2007,26.861,27.014,26.66,26.97
30/10/2007,26.98,27.004,26.851,26.874
31/10/2007,26.848,27.049,26.838,26.952
1/11/2007,26.909,27.243,26.908,26.973
2/11/2007,27.281,27.281,26.869,26.985
5/11/2007,26.97,27.249,26.841,26.962
6/11/2007,26.927,27.23,26.897,26.935
7/11/2007,26.901,27.238,26.874,26.97
8/11/2007,26.938,27.029,26.827,26.867
9/11/2007,26.85,27.051,26.523,26.581
12/11/2007,26.569,27.102,26.5,26.67
13/11/2007,26.702,27.056,26.549,26.578
14/11/2007,26.51,27.089,26.51,26.643
15/11/2007,26.544,26.662,26.543,26.586
16/11/2007,26.552,27.089,26.548,26.646
19/11/2007,26.684,27.14,26.608,26.746
20/11/2007,26.68,27.101,26.648,26.673
21/11/2007,26.643,26.844,26.643,26.805
22/11/2007,26.751,26.834,26.726,26.751
23/11/2007,26.677,26.805,26.673,26.782
26/11/2007,26.728,26.822,26.435,26.755
27/11/2007,26.73,26.82,26.651,26.667
28/11/2007,26.716,26.82,26.31,26.497
29/11/2007,26.542,26.82,26.255,26.302
30/11/2007,26.243,26.333,26.194,26.237
3/12/2007,26.218,26.49,26.194,26.228
4/12/2007,26.226,26.375,26.209,26.342
5/12/2007,26.338,26.362,26.157,26.202
6/12/2007,26.202,26.229,26.062,26.145
7/12/2007,26.145,26.183,26.09,26.126
10/12/2007,26.117,26.175,25.927,26.048
11/12/2007,26.046,26.059,25.952,26.007
12/12/2007,26.005,26.11,25.955,26.077
13/12/2007,26.074,26.287,26.053,26.241
14/12/2007,26.239,26.463,26.231,26.413
17/12/2007,26.377,26.465,26.234,26.407
18/12/2007,26.407,26.453,26.092,26.122
19/12/2007,26.124,26.424,26.098,26.288
20/12/2007,26.286,26.506,26.244,26.481
21/12/2007,26.487,26.556,26.407,26.517
24/12/2007,26.505,26.559,26.429,26.53
25/12/2007,26.526,26.615,26.276,26.313
26/12/2007,26.436,26.557,26.436,26.52
27/12/2007,26.519,26.643,26.519,26.607
28/12/2007,26.605,26.646,26.507,26.619
31/12/2007,26.618,26.666,26.44,26.545
1/1/2008,26.545,26.6,26.546,26.546
2/1/2008,26.543,26.601,26.322,26.382
3/1/2008,26.382,26.455,26.151,26.186
4/1/2008,26.183,26.209,26.088,26.115
7/1/2008,26.126,26.224,26.084,26.124
8/1/2008,26.124,26.163,26.039,26.068
9/1/2008,26.066,26.086,25.922,25.934
10/1/2008,25.934,25.965,25.828,25.911
11/1/2008,25.912,25.942,25.846,25.891
14/1/2008,25.892,25.963,25.813,25.843
15/1/2008,25.843,25.955,25.812,25.925
16/1/2008,25.925,26.242,25.874,26.221
17/1/2008,26.222,26.236,26.03,26.159
18/1/2008,26.159,26.245,26.112,26.21
21/1/2008,26.177,26.35,26.063,26.299
22/1/2008,26.3,26.345,26.107,26.178
23/1/2008,26.177,26.206,25.975,25.988
24/1/2008,25.988,26.045,25.776,25.865
25/1/2008,25.865,25.949,25.736,25.878
28/1/2008,25.878,25.955,25.822,25.921
29/1/2008,25.921,26.078,25.877,25.998
30/1/2008,25.993,26.079,25.966,26
31/1/2008,26,26.115,25.928,26.022
1/2/2008,26.022,26.058,25.827,25.864
4/2/2008,25.865,25.975,25.609,25.663
5/2/2008,25.661,25.757,25.575,25.722
6/2/2008,25.715,25.79,25.539,25.582
7/2/2008,25.584,25.817,25.547,25.757
8/2/2008,25.757,25.822,25.535,25.817
11/2/2008,25.841,26.049,25.463,25.659
12/2/2008,25.66,25.753,25.478,25.499
13/2/2008,25.499,25.569,25.455,25.542
14/2/2008,25.542,25.584,25.231,25.255
15/2/2008,25.255,25.319,25.08,25.206
18/2/2008,25.203,25.594,24.944,25.262
19/2/2008,25.258,25.469,25.182,25.343
20/2/2008,25.322,25.395,25.152,25.189
21/2/2008,25.189,25.24,25.076,25.13
22/2/2008,25.123,25.157,24.99,25.064
25/2/2008,25.077,25.133,24.929,24.997
26/2/2008,24.997,25.145,24.944,25.082
27/2/2008,25.082,25.109,24.979,25.019
28/2/2008,25.02,25.3,25.006,25.11
29/2/2008,25.113,25.374,25.05,25.11
3/3/2008,25.098,25.247,24.855,24.89
4/3/2008,24.89,25.021,24.825,24.896
5/3/2008,24.897,25.063,24.836,24.976
6/3/2008,24.945,25.185,24.932,25.134
7/3/2008,25.135,25.282,24.997,25.062
10/3/2008,25.046,25.156,24.985,25.079
11/3/2008,25.079,25.167,24.939,25.064
12/3/2008,25.065,25.103,24.986,25.055
13/3/2008,25.055,25.164,24.999,25.011
14/3/2008,25.011,25.134,24.995,25.097
17/3/2008,25.079,25.167,25,25.092
18/3/2008,25.083,25.702,25.064,25.455
19/3/2008,25.456,25.52,25.402,25.431
20/3/2008,25.431,25.569,25.408,25.525
21/3/2008,25.526,25.56,25.414,25.444
24/3/2008,25.447,25.672,25.388,25.51
25/3/2008,25.51,25.531,25.319,25.471
26/3/2008,25.472,25.662,25.431,25.45
27/3/2008,25.438,25.484,25.267,25.31
28/3/2008,25.31,25.36,25.192,25.327
31/3/2008,25.331,25.373,25.102,25.237
1/4/2008,25.236,25.269,24.924,25.053
2/4/2008,25.054,25.122,25.009,25.082
3/4/2008,25.082,25.107,24.882,24.901
4/4/2008,24.901,25.117,24.884,25.099
7/4/2008,25.092,25.243,24.931,24.965
8/4/2008,24.966,25.087,24.944,25.067
9/4/2008,25.067,25.222,25.045,25.124
10/4/2008,25.124,25.184,25.007,25.023
11/4/2008,25.035,25.074,24.933,24.967
14/4/2008,24.741,24.977,24.741,24.745
15/4/2008,24.745,24.844,24.693,24.786
16/4/2008,24.785,24.927,24.746,24.886
17/4/2008,24.887,25.058,24.842,25.006
18/4/2008,25.006,25.159,24.971,25.095
21/4/2008,25.06,25.213,25.045,25.103
22/4/2008,25.103,25.147,24.968,25.029
23/4/2008,25.029,25.13,25.004,25.073
24/4/2008,25.072,25.204,25.005,25.184
25/4/2008,25.186,25.275,25.12,25.194
28/4/2008,25.192,25.248,25.013,25.194
29/4/2008,25.192,25.294,25.147,25.268
30/4/2008,25.268,25.288,25.152,25.243
1/5/2008,25.242,25.424,25.197,25.416
2/5/2008,25.337,25.379,25.23,25.275
5/5/2008,25.271,25.33,24.707,25.159
6/5/2008,25.158,25.223,25.112,25.199
7/5/2008,25.199,25.218,25.012,25.14
8/5/2008,25.139,25.234,25.055,25.139
9/5/2008,25.14,25.206,24.815,25.037
12/5/2008,25.042,25.285,24.832,24.863
13/5/2008,24.863,25.003,24.821,24.935
14/5/2008,24.934,25.071,24.895,25.049
15/5/2008,25.017,25.091,24.978,25.055
16/5/2008,25.057,25.106,24.941,25.02
19/5/2008,25.035,25.123,24.934,24.989
20/5/2008,24.99,25.093,24.971,25.039
21/5/2008,25.036,25.187,25.001,25.17
22/5/2008,25.17,25.19,25.084,25.132
23/5/2008,25.132,25.158,25.057,25.069
26/5/2008,25.067,25.142,25.032,25.095
27/5/2008,25.094,25.205,25.073,25.162
28/5/2008,25.162,25.243,25.106,25.17
29/5/2008,25.17,25.189,24.917,25.026
30/5/2008,25.025,25.15,24.968,25.033
2/6/2008,25.02,25.082,24.872,24.887
3/6/2008,24.888,24.921,24.768,24.815
4/6/2008,24.816,24.844,24.604,24.673
5/6/2008,24.673,24.725,24.533,24.622
6/6/2008,24.612,24.635,24.521,24.585
9/6/2008,24.587,24.732,24.552,24.565
10/6/2008,24.564,24.63,24.421,24.437
11/6/2008,24.437,24.472,24.342,24.38
12/6/2008,24.38,24.436,24.121,24.147
13/6/2008,24.147,24.252,24.139,24.172
16/6/2008,24.159,24.75,24.144,24.222
17/6/2008,24.222,24.242,24.151,24.165
18/6/2008,24.165,24.185,23.916,24.008
19/6/2008,24.008,24.159,23.973,24.101
20/6/2008,24.098,24.282,24.061,24.151
23/6/2008,24.152,24.423,23.974,24.046
24/6/2008,24.047,24.12,24.026,24.104
25/6/2008,24.104,24.165,24.045,24.109
26/6/2008,24.116,24.139,24.048,24.063
27/6/2008,24.064,24.111,23.83,23.847
30/6/2008,23.844,23.967,23.797,23.884
1/7/2008,23.885,23.958,23.767,23.8
2/7/2008,23.8,23.895,23.787,23.842
3/7/2008,23.842,23.904,23.706,23.749
4/7/2008,23.748,23.782,23.609,23.62
7/7/2008,23.62,23.675,23.445,23.455
8/7/2008,23.454,23.694,23.449,23.592
9/7/2008,23.59,23.634,23.412,23.446
10/7/2008,23.445,23.535,23.43,23.488
11/7/2008,23.488,23.537,23.39,23.442
14/7/2008,23.439,23.525,23.28,23.327
15/7/2008,23.328,23.423,23.31,23.327
16/7/2008,23.327,23.356,23.095,23.127
17/7/2008,23.128,23.156,23.057,23.095
18/7/2008,23.095,23.158,22.981,22.993
21/7/2008,23,23.107,22.877,22.967
22/7/2008,22.965,23.558,22.893,23.485
23/7/2008,23.485,23.865,23.45,23.798
24/7/2008,23.796,23.865,23.632,23.725
25/7/2008,23.724,23.818,23.502,23.784
28/7/2008,23.78,23.818,23.645,23.692
29/7/2008,23.692,23.775,23.621,23.72
30/7/2008,23.72,24,23.639,23.84
31/7/2008,23.84,24.005,23.771,23.956
1/8/2008,23.952,24.09,23.445,23.877
4/8/2008,23.882,24.003,23.848,23.99
5/8/2008,23.99,24.07,23.915,23.982
6/8/2008,23.98,24.041,23.896,23.958
7/8/2008,23.957,24.22,23.897,24.188
8/8/2008,24.187,24.381,24.101,24.357
11/8/2008,24.358,24.397,24.038,24.138
12/8/2008,24.139,24.207,23.682,23.777
13/8/2008,23.778,24.109,23.713,24.07
14/8/2008,24.071,24.512,24.008,24.455
15/8/2008,24.455,24.593,24.398,24.536
18/8/2008,24.531,24.644,24.142,24.264
19/8/2008,24.262,24.468,24.177,24.378
20/8/2008,24.378,24.446,24.292,24.414
21/8/2008,24.414,24.473,24.256,24.325
22/8/2008,24.325,24.438,24.253,24.41
25/8/2008,24.389,24.463,24.348,24.447
26/8/2008,24.448,24.58,24.342,24.572
27/8/2008,24.57,24.681,24.496,24.646
28/8/2008,24.648,24.755,24.562,24.735
29/8/2008,24.733,24.826,24.605,24.795
1/9/2008,24.796,24.871,24.724,24.845
2/9/2008,24.844,24.903,24.627,24.722
3/9/2008,24.72,24.879,24.653,24.822
4/9/2008,24.822,24.904,24.659,24.87
5/9/2008,24.868,24.951,24.711,24.854
8/9/2008,24.88,24.972,24.77,24.887
9/9/2008,24.891,24.999,24.703,24.814
10/9/2008,24.816,24.86,24.402,24.469
11/9/2008,24.478,24.68,24.433,24.57
12/9/2008,24.577,24.656,24.055,24.151
15/9/2008,24.117,24.4,23.867,24.056
16/9/2008,24.053,24.242,23.875,23.9
17/9/2008,23.9,24.19,23.833,24.149
18/9/2008,24.148,24.197,23.937,24.085
19/9/2008,24.079,24.377,23.934,23.942
22/9/2008,23.993,24.154,23.856,23.916
23/9/2008,23.914,24.185,23.875,24.131
24/9/2008,24.131,24.505,24.089,24.435
25/9/2008,24.435,24.53,24.342,24.424
26/9/2008,24.423,24.475,24.313,24.411
29/9/2008,24.38,24.735,24.237,24.691
30/9/2008,24.668,24.839,24.484,24.5
1/10/2008,24.5,24.63,24.462,24.552
2/10/2008,24.55,24.821,24.506,24.788
3/10/2008,24.788,24.9,24.76,24.813
6/10/2008,24.721,24.95,24.56,24.76
7/10/2008,24.76,24.824,24.433,24.599
8/10/2008,24.6,24.809,24.525,24.677
9/10/2008,24.685,24.842,24.531,24.831
10/10/2008,24.83,25.104,24.738,24.868
13/10/2008,25.041,25.212,24.462,24.79
14/10/2008,24.785,24.952,24.511,24.585
15/10/2008,24.62,24.894,24.552,24.882
16/10/2008,24.884,25.082,24.73,24.987
17/10/2008,24.965,25.282,24.831,24.9
20/10/2008,24.908,25.211,24.798,25.157
21/10/2008,25.157,25.669,25.073,25.579
22/10/2008,25.575,26.327,25.313,26.196
23/10/2008,26.197,26.321,24.857,25.151
24/10/2008,25.145,25.737,24.657,25.002
27/10/2008,24.969,25.06,24.502,24.692
28/10/2008,24.7,24.76,24.109,24.223
29/10/2008,24.223,24.303,23.73,23.783
30/10/2008,23.789,24.595,23.7,24.385
31/10/2008,24.386,24.461,23.905,24.026
3/11/2008,24.099,24.434,23.865,24.31
4/11/2008,24.31,24.389,24.013,24.05
5/11/2008,24.05,24.587,24.008,24.55
6/11/2008,24.549,25.05,24.42,24.914
7/11/2008,24.912,25.254,24.819,25.086
10/11/2008,25.221,25.31,24.91,25.285
11/11/2008,25.283,25.522,25.237,25.33
12/11/2008,25.33,25.54,25.23,25.425
13/11/2008,25.426,25.518,25.112,25.22
14/11/2008,25.157,25.396,25.121,25.318
17/11/2008,25.264,25.475,25.13,25.39
18/11/2008,25.39,25.88,25.336,25.799
19/11/2008,25.799,25.84,25.557,25.719
20/11/2008,25.709,25.769,25.494,25.728
21/11/2008,25.729,25.897,25.464,25.711
24/11/2008,25.716,25.861,25.286,25.418
25/11/2008,25.418,25.536,24.998,25.223
26/11/2008,25.223,25.317,24.835,25.098
27/11/2008,25.098,25.26,24.96,25.216
28/11/2008,25.216,25.464,25.052,25.371
1/12/2008,25.411,25.764,25.263,25.691
2/12/2008,25.693,25.832,25.613,25.785
3/12/2008,25.785,25.835,25.481,25.719
4/12/2008,25.718,25.931,25.595,25.875
5/12/2008,25.875,25.973,25.622,25.881
8/12/2008,25.885,25.924,24.877,25.694
9/12/2008,25.697,25.806,25.646,25.752
10/12/2008,25.752,25.975,25.685,25.812
11/12/2008,25.813,25.994,25.696,25.773
12/12/2008,25.772,26.096,25.687,26.068
15/12/2008,26.049,26.213,25.87,26.169
16/12/2008,26.169,26.415,25.44,25.9
17/12/2008,25.9,26.517,25.891,26.429
18/12/2008,26.429,26.69,26.205,26.284
19/12/2008,26.262,26.605,26.162,26.462
22/12/2008,26.477,26.682,26.135,26.215
23/12/2008,26.215,26.415,26.19,26.352
24/12/2008,26.354,26.589,26.303,26.49
25/12/2008,26.491,26.52,26.243,26.415
26/12/2008,26.455,26.497,26.315,26.378
29/12/2008,26.454,26.689,26.379,26.596
30/12/2008,26.602,26.72,26.418,26.589
31/12/2008,26.589,26.975,26.525,26.85
1/1/2009,26.85,26.918,26.607,26.849
2/1/2009,26.853,26.925,26.738,26.885
5/1/2009,26.858,26.877,26.346,26.392
6/1/2009,26.393,26.538,25.852,25.942
7/1/2009,25.942,26.325,25.887,26.276
8/1/2009,26.275,26.415,26.036,26.314
9/1/2009,26.313,26.735,26.216,26.6
12/1/2009,26.589,26.818,26.352,26.767
13/1/2009,26.767,26.973,26.539,26.55
14/1/2009,26.55,27.226,26.485,27.12
15/1/2009,27.12,27.43,27.08,27.18
16/1/2009,27.18,27.787,26.999,27.561
19/1/2009,27.588,27.772,27.341,27.608
20/1/2009,27.608,27.965,27.574,27.698
21/1/2009,27.694,27.785,27.435,27.528
22/1/2009,27.528,27.972,27.371,27.97
23/1/2009,27.97,28.255,27.884,27.921
26/1/2009,27.937,28.223,27.497,27.832
27/1/2009,27.833,27.869,27.327,27.657
28/1/2009,27.657,27.699,27.285,27.433
29/1/2009,27.433,27.787,27.38,27.676
30/1/2009,27.676,28.075,27.615,27.917
2/2/2009,27.909,28.293,27.787,28.27
3/2/2009,28.27,28.605,28.075,28.545
4/2/2009,28.545,28.671,28.167,28.335
5/2/2009,28.335,28.463,27.777,27.888
6/2/2009,27.888,28.172,27.602,27.908
9/2/2009,27.862,28.184,27.495,27.722
10/2/2009,27.722,28.681,27.612,28.656
11/2/2009,28.656,28.733,28.4,28.54
12/2/2009,28.541,28.83,28.468,28.675
13/2/2009,28.675,28.72,28.4,28.647
16/2/2009,28.625,29.261,28.433,29.207
17/2/2009,29.207,29.68,29.137,29.568
18/2/2009,29.568,29.573,28.634,28.934
19/2/2009,28.934,29.01,28.513,28.913
20/2/2009,28.914,29.129,28.722,28.837
23/2/2009,28.878,28.942,27.93,28.428
24/2/2009,28.428,28.541,28.286,28.336
25/2/2009,28.336,28.61,28.201,28.557
26/2/2009,28.557,28.665,28.085,28.193
27/2/2009,28.193,28.325,27.85,28.112
2/3/2009,28.049,28.518,27.861,28.243
3/3/2009,28.244,28.249,27.782,27.975
4/3/2009,27.975,28.049,27.2,27.375
5/3/2009,27.375,28.103,27.043,28.01
6/3/2009,28.01,28.221,27.57,27.735
9/3/2009,27.731,27.84,27.298,27.51
10/3/2009,27.509,27.554,26.899,26.912
11/3/2009,26.912,27.237,26.692,27.018
12/3/2009,27.018,27.257,26.345,26.383
13/3/2009,26.384,26.732,26.33,26.415
16/3/2009,26.332,26.895,26.237,26.631
17/3/2009,26.631,26.769,26.43,26.58
18/3/2009,26.58,27.107,26.547,26.783
19/3/2009,26.784,27.022,26.75,26.872
20/3/2009,26.872,27.087,26.572,26.65
23/3/2009,26.65,26.887,26.568,26.788
24/3/2009,26.791,27.227,26.739,27.125
25/3/2009,27.126,27.434,26.969,27.385
26/3/2009,27.385,27.531,27.045,27.128
27/3/2009,27.128,27.455,27.062,27.402
30/3/2009,27.406,27.718,27.242,27.587
31/3/2009,27.587,27.666,27.203,27.361
1/4/2009,27.361,27.405,26.962,26.993
2/4/2009,26.993,27.077,26.456,26.459
3/4/2009,26.459,26.696,26.431,26.466
6/4/2009,26.544,26.69,26.397,26.602
7/4/2009,26.602,26.719,26.534,26.676
8/4/2009,26.676,26.741,26.449,26.511
9/4/2009,26.511,26.665,26.354,26.447
10/4/2009,26.447,26.488,26.32,26.446
13/4/2009,26.443,26.495,26.335,26.397
14/4/2009,26.397,26.717,26.364,26.71
15/4/2009,26.71,26.953,26.61,26.789
16/4/2009,26.789,26.974,26.682,26.756
17/4/2009,26.756,26.883,26.598,26.787
20/4/2009,26.799,27.095,26.735,27.093
21/4/2009,27.093,27.265,26.795,26.865
22/4/2009,26.866,27.126,26.767,26.918
23/4/2009,26.918,27.053,26.766,26.964
24/4/2009,26.964,27.022,26.562,26.63
27/4/2009,26.605,26.794,26.576,26.726
28/4/2009,26.726,26.844,26.684,26.742
29/4/2009,26.742,26.816,26.633,26.733
30/4/2009,26.733,26.831,26.593,26.748
1/5/2009,26.748,26.824,26.586,26.666
4/5/2009,26.654,26.746,26.48,26.524
5/5/2009,26.524,26.681,26.463,26.608
6/5/2009,26.608,26.886,26.537,26.743
7/5/2009,26.744,26.837,26.438,26.692
8/5/2009,26.685,26.732,26.603,26.65
11/5/2009,26.725000,26.994000,26.419000,26.763000
12/5/2009,26.783000,27.090000,26.490000,26.781000
13/5/2009,26.765000,27.110000,26.493000,26.900000
14/5/2009,26.986000,27.267000,26.638000,26.848000
15/5/2009,26.858000,27.288000,26.651000,26.940000
18/5/2009,26.861000,27.203000,26.519000,26.759000
19/5/2009,26.523000,26.796000,26.223000,26.512000
20/5/2009,26.682000,26.891000,26.326000,26.574000
21/5/2009,26.655000,26.670000,26.640000,26.655000
22/5/2009,26.681000,26.934000,26.347000,26.636000
25/5/2009,26.665000,26.948000,26.373000,26.672000
26/5/2009,26.656000,26.974000,26.369000,26.660000
27/5/2009,26.666000,26.975000,26.462000,26.724000
28/5/2009,26.718000,27.062000,26.503000,26.865000
29/5/2009,26.787000,27.165000,26.578000,26.954000
1/6/2009,26.840000,26.850000,26.710000,26.720000
2/6/2009,26.694000,27.031000,26.480000,26.770000
3/6/2009,26.782000,27.158000,26.517000,26.855000
4/6/2009,26.773000,27.149000,26.598000,26.984000
8/6/2009,26.960000,27.057000,26.847000,26.915000
9/6/2009,26.925000,26.943000,26.671000,26.730000
10/6/2009,26.759000,26.836000,26.626000,26.781000
11/6/2009,26.763000,26.798000,26.645000,26.645000
12/6/2009,26.690000,26.755000,26.567000,26.645000
15/6/2009,26.602000,26.905000,26.599000,26.840000
16/6/2009,26.845000,26.884000,26.693000,26.740000
17/6/2009,26.722000,26.769000,26.642000,26.714000
18/6/2009,26.709000,26.709000,26.345000,26.390000
19/6/2009,26.381000,26.526000,26.090000,26.192000
22/6/2009,26.202000,26.214000,25.896000,26.058000
23/6/2009,25.966000,26.250000,25.885000,26.216000
24/6/2009,26.233000,26.274000,25.918000,26.036000
25/6/2009,26.060000,26.147000,25.905000,25.995000
26/6/2009,25.988000,26.090000,25.861000,26.012000
29/6/2009,26.025000,26.091000,25.875000,25.934000
30/6/2009,25.950000,26.050000,25.820000,26.002000
1/7/2009,25.965000,25.984000,25.629000,25.715000
3/7/2009,25.890000,25.950000,25.775000,25.900000
7/7/2009,25.939000,25.986000,25.815000,25.965000
8/7/2009,25.972000,26.278000,25.843000,26.068000
9/7/2009,26.007000,26.164000,25.883000,25.991000
10/7/2009,26.056000,26.102000,25.820000,26.006000
13/7/2009,26.037000,26.128000,25.921000,26.046000
14/7/2009,26.016000,26.058000,25.930000,25.963000
15/7/2009,25.947000,26.037000,25.836000,25.890000
16/7/2009,25.899000,25.976000,25.834000,25.920000
20/7/2009,25.920000,25.927000,25.806000,25.815000
21/7/2009,25.780000,25.890000,25.761000,25.862000
22/7/2009,25.835000,25.875000,25.736000,25.840000
23/7/2009,25.813000,25.818000,25.523000,25.568000
27/7/2009,25.525000,25.560000,25.396000,25.475000
28/7/2009,25.479000,25.611000,25.363000,25.521000
29/7/2009,25.530000,25.608000,25.417000,25.602000
30/7/2009,25.572000,25.621000,25.452000,25.589000
31/7/2009,25.579000,25.680000,25.423000,25.616000
4/8/2009,25.653000,25.964000,25.517000,25.795000
5/8/2009,25.796000,26.031000,25.674000,25.959000
8/9/2009,25.454000,25.674000,25.415000,25.489000
11/9/2009,25.494000,25.535000,25.413000,25.445000
14/9/2009,25.478000,25.551000,25.441000,25.480000
1/10/2009,25.230000,25.473000,25.207000,25.446000
7/10/2009,25.647000,25.757000,25.622000,25.718000
9/10/2009,25.843000,25.960000,25.766000,25.950000
13/10/2009,25.817000,25.981000,25.798000,25.944000
16/10/2009,25.813000,25.871000,25.718000,25.850000
2/11/2009,26.460000,26.599000,26.313000,26.348000
5/11/2009,26.040000,26.106000,25.792000,25.895000
10/11/2009,25.585000,25.602000,25.479000,25.506000
11/11/2009,25.507000,25.551000,25.375000,25.466000
24/11/2009,25.879000,26.088000,25.860000,26.060000
25/11/2009,26.040000,26.080000,25.943000,25.990000
26/11/2009,26.021000,26.383000,25.881000,26.314000
2/12/2009,25.933000,25.997000,25.674000,25.915000
3/12/2009,25.886000,25.923000,25.758000,25.786000
4/12/2009,25.835000,25.884000,25.592000,25.666000
8/12/2009,25.645000,25.864000,25.560000,25.739000
9/12/2009,25.748000,25.853000,25.669000,25.817000
11/12/2009,25.801000,25.878000,25.677000,25.848000
18/12/2009,26.206000,26.375000,26.111000,26.302000
22/12/2009,26.220000,26.378000,26.139000,26.359000
1/1/2010,26.425000,26.425000,26.425000,26.425000
11/1/2010,26.246000,26.279000,26.162000,26.162000
19/1/2010,25.850000,25.965000,25.778000,25.825000
20/1/2010,25.838000,26.066000,25.831000,26.037000
2/2/2010,0.000000,0.000000,0.000000,0.000000
4/2/2010,26.029000,26.160000,25.940000,26.151000
15/2/2010,25.918000,26.054000,25.915000,26.035000
16/2/2010,26.064000,26.102000,25.953000,26.036000
22/2/2010,25.745000,25.801000,25.657000,25.748000
24/2/2010,25.762000,25.927000,25.728000,25.845000
25/2/2010,25.905000,26.047000,25.815000,26.033000
1/3/2010,25.931000,25.947000,25.844000,25.853000
5/3/2010,25.798000,25.857000,25.626000,25.672000
11/3/2010,25.556000,25.609000,25.515000,25.520000
18/3/2010,25.389000,25.459000,25.247000,25.430000
25/3/2010,25.351000,25.420000,25.299000,25.331000
21/4/2010,25.282000,25.328000,25.233000,25.293000
7/5/2010,26.242000,26.355000,25.726000,25.800000
10/5/2010,25.560000,25.776000,25.535000,25.609000
12/5/2010,25.531000,25.583000,25.318000,25.455000
