30/4/2007,2.4066,2.4148,2.4012,2.4088
1/5/2007,2.4082,2.4164,2.4051,2.4155
2/5/2007,2.415,2.426,2.408,2.4123
3/5/2007,2.4117,2.419,2.4109,2.4113
4/5/2007,2.4109,2.4341,2.4109,2.4252
7/5/2007,2.4216,2.4296,2.4146,2.4167
8/5/2007,2.4163,2.4182,2.3988,2.3993
9/5/2007,2.3986,2.4115,2.3986,2.4088
10/5/2007,2.4084,2.4107,2.3798,2.3949
11/5/2007,2.3942,2.4031,2.3801,2.383
14/5/2007,2.3806,2.3854,2.3735,2.3786
15/5/2007,2.3781,2.3854,2.3735,2.3817
16/5/2007,2.3813,2.4025,2.3802,2.3984
17/5/2007,2.3979,2.4066,2.3922,2.3972
18/5/2007,2.3967,2.4063,2.3935,2.3997
21/5/2007,2.4009,2.4067,2.3943,2.3983
22/5/2007,2.3977,2.4121,2.3952,2.4108
23/5/2007,2.4112,2.412,2.3983,2.4118
24/5/2007,2.4124,2.4267,2.4112,2.4248
25/5/2007,2.4253,2.4288,2.4171,2.4251
28/5/2007,2.4247,2.4253,2.4184,2.4202
29/5/2007,2.4196,2.429,2.4146,2.4197
30/5/2007,2.4192,2.4238,2.3988,2.3994
31/5/2007,2.3989,2.4036,2.3855,2.3915
1/6/2007,2.3911,2.3948,2.3795,2.3796
4/6/2007,2.3824,2.3917,2.379,2.387
5/6/2007,2.3866,2.3884,2.374,2.381
6/6/2007,2.3799,2.3824,2.3618,2.3696
7/6/2007,2.3689,2.3717,2.3403,2.3533
8/6/2007,2.3526,2.3585,2.3292,2.3317
11/6/2007,2.3367,2.3422,2.3296,2.3338
12/6/2007,2.3333,2.3504,2.3326,2.3503
13/6/2007,2.3498,2.3551,2.3438,2.3475
14/6/2007,2.347,2.3603,2.3456,2.3563
15/6/2007,2.3556,2.3586,2.3456,2.3466
18/6/2007,2.3452,2.3583,2.3442,2.354
19/6/2007,2.3534,2.3568,2.3472,2.3491
20/6/2007,2.3486,2.3634,2.346,2.3604
21/6/2007,2.3598,2.3644,2.3501,2.3515
22/6/2007,2.3509,2.364,2.3484,2.36
25/6/2007,2.3603,2.362,2.3514,2.3578
26/6/2007,2.3572,2.364,2.3503,2.3638
27/6/2007,2.3645,2.3915,2.3617,2.3843
28/6/2007,2.3839,2.3866,2.3624,2.3666
29/6/2007,2.366,2.3689,2.3524,2.365
2/7/2007,2.3722,2.3731,2.3431,2.3492
3/7/2007,2.3487,2.3618,2.347,2.3594
4/7/2007,2.3586,2.3609,2.3472,2.3514
5/7/2007,2.3508,2.3528,2.3438,2.3498
6/7/2007,2.3491,2.3508,2.3418,2.3432
9/7/2007,2.3415,2.3464,2.3382,2.344
10/7/2007,2.3434,2.3543,2.3412,2.3527
11/7/2007,2.3521,2.363,2.3518,2.3561
12/7/2007,2.3555,2.362,2.3427,2.3436
13/7/2007,2.3431,2.3459,2.3336,2.3351
16/7/2007,2.3216,2.339,2.3216,2.3356
17/7/2007,2.3351,2.3471,2.3286,2.3457
18/7/2007,2.3451,2.348,2.3324,2.3394
19/7/2007,2.3384,2.3423,2.3253,2.3283
20/7/2007,2.3277,2.3469,2.3247,2.3359
23/7/2007,2.3351,2.3397,2.3262,2.3314
24/7/2007,2.3308,2.3401,2.3282,2.3385
25/7/2007,2.3379,2.3407,2.3173,2.3245
26/7/2007,2.3235,2.3555,2.3108,2.3523
27/7/2007,2.3518,2.3816,2.3352,2.3765
30/7/2007,2.4102,2.4102,2.3616,2.3644
31/7/2007,2.3639,2.3869,2.3556,2.3852
1/8/2007,2.3847,2.3949,2.3746,2.375
2/8/2007,2.3742,2.3899,2.3657,2.3728
3/8/2007,2.3735,2.3904,2.3698,2.3879
6/8/2007,2.3832,2.3955,2.3643,2.3662
7/8/2007,2.3656,2.3778,2.359,2.3649
8/8/2007,2.3655,2.3694,2.3508,2.3626
9/8/2007,2.3621,2.3828,2.3515,2.381
10/8/2007,2.3799,2.4027,2.3765,2.396
13/8/2007,2.3812,2.3994,2.3766,2.3895
14/8/2007,2.389,2.4005,2.382,2.393
15/8/2007,2.3925,2.4267,2.39,2.4254
16/8/2007,2.4248,2.5335,2.4228,2.5061
17/8/2007,2.5072,2.5649,2.478,2.4836
20/8/2007,2.5167,2.5167,2.4567,2.4658
21/8/2007,2.465,2.4865,2.4595,2.4724
22/8/2007,2.4717,2.4851,2.4642,2.4708
23/8/2007,2.4702,2.471,2.4411,2.4432
24/8/2007,2.4424,2.4571,2.4325,2.4351
27/8/2007,2.4542,2.4542,2.421,2.4301
28/8/2007,2.4295,2.4547,2.4272,2.4545
29/8/2007,2.4539,2.48,2.45,2.4554
30/8/2007,2.4546,2.4768,2.4498,2.4664
31/8/2007,2.4655,2.4861,2.444,2.4641
3/9/2007,2.4521,2.4734,2.4521,2.4521
4/9/2007,2.4531,2.4601,2.432,2.4412
5/9/2007,2.4408,2.4597,2.4314,2.4577
6/9/2007,2.457,2.4661,2.439,2.4405
7/9/2007,2.44,2.4624,2.4361,2.4543
10/9/2007,2.4472,2.4819,2.4472,2.4551
11/9/2007,2.4546,2.4612,2.4346,2.4359
12/9/2007,2.4354,2.4422,2.4072,2.4107
13/9/2007,2.41,2.4233,2.4015,2.4153
14/9/2007,2.4147,2.4213,2.38,2.3844
17/9/2007,2.3918,2.3984,2.3673,2.3932
18/9/2007,2.3926,2.4024,2.3584,2.3608
19/9/2007,2.36,2.3716,2.3311,2.336
20/9/2007,2.3353,2.3386,2.3201,2.3288
21/9/2007,2.3282,2.3415,2.3108,2.3313
24/9/2007,2.3262,2.3428,2.3253,2.3297
25/9/2007,2.3286,2.3359,2.3094,2.3117
26/9/2007,2.311,2.3161,2.298,2.2995
27/9/2007,2.299,2.3065,2.293,2.3036
28/9/2007,2.3042,2.3104,2.2886,2.3055
1/10/2007,2.3023,2.3111,2.284,2.285
2/10/2007,2.2842,2.315,2.2823,2.3106
3/10/2007,2.3112,2.3177,2.2883,2.3014
4/10/2007,2.3004,2.3074,2.2918,2.2963
5/10/2007,2.2957,2.2977,2.268,2.2753
8/10/2007,2.2744,2.2853,2.2589,2.2782
9/10/2007,2.2776,2.2829,2.2619,2.2624
10/10/2007,2.2619,2.2831,2.261,2.2742
11/10/2007,2.2737,2.2772,2.2449,2.2558
12/10/2007,2.2552,2.2643,2.2441,2.2509
15/10/2007,2.2467,2.2791,2.2433,2.2728
16/10/2007,2.2721,2.3051,2.2647,2.2885
17/10/2007,2.2873,2.3033,2.2743,2.2889
18/10/2007,2.2884,2.301,2.2802,2.2809
19/10/2007,2.2802,2.3046,2.2791,2.3045
22/10/2007,2.3046,2.3203,2.2913,2.2939
23/10/2007,2.2933,2.2999,2.2816,2.2825
24/10/2007,2.282,2.2894,2.2663,2.2702
25/10/2007,2.2694,2.273,2.2565,2.2569
26/10/2007,2.2563,2.2597,2.2343,2.2345
29/10/2007,2.2312,2.2436,2.2189,2.2384
30/10/2007,2.2378,2.2546,2.2318,2.2503
31/10/2007,2.2499,2.2553,2.2259,2.2264
1/11/2007,2.2259,2.2826,2.2259,2.2801
2/11/2007,2.2794,2.2823,2.25,2.2632
5/11/2007,2.2644,2.2751,2.2567,2.2599
6/11/2007,2.2589,2.2613,2.2463,2.2479
7/11/2007,2.2473,2.2679,2.2312,2.2666
8/11/2007,2.2646,2.2879,2.2518,2.2738
9/11/2007,2.2732,2.3032,2.2648,2.2929
12/11/2007,2.2604,2.3516,2.2604,2.3439
13/11/2007,2.3432,2.3454,2.3067,2.3123
14/11/2007,2.3133,2.3148,2.2793,2.2929
15/11/2007,2.2924,2.3103,2.2821,2.3087
16/11/2007,2.3081,2.3148,2.288,2.3013
19/11/2007,2.2968,2.3203,2.2837,2.3191
20/11/2007,2.3185,2.3381,2.3122,2.3156
21/11/2007,2.315,2.3802,2.3083,2.3719
22/11/2007,2.371,2.3756,2.3506,2.3659
23/11/2007,2.3649,2.3834,2.3472,2.35
26/11/2007,2.3346,2.3886,2.3311,2.3806
27/11/2007,2.3798,2.3831,2.3526,2.3577
28/11/2007,2.3568,2.3659,2.3322,2.3405
29/11/2007,2.3399,2.3581,2.3315,2.3387
30/11/2007,2.3381,2.3407,2.3178,2.3252
3/12/2007,2.3228,2.3494,2.3219,2.3458
4/12/2007,2.3458,2.3658,2.3419,2.3566
5/12/2007,2.3566,2.3686,2.3208,2.3295
6/12/2007,2.3295,2.3327,2.3058,2.3075
7/12/2007,2.3075,2.3247,2.3014,2.3176
10/12/2007,2.3157,2.3285,2.3093,2.3126
11/12/2007,2.3126,2.3369,2.2925,2.3293
12/12/2007,2.3293,2.3385,2.3015,2.3184
13/12/2007,2.3184,2.3365,2.3051,2.3303
14/12/2007,2.3303,2.3505,2.3227,2.3446
17/12/2007,2.3398,2.3611,2.3321,2.3568
18/12/2007,2.3568,2.3592,2.3336,2.3415
19/12/2007,2.3415,2.3443,2.3208,2.3258
20/12/2007,2.3258,2.3277,2.3048,2.3093
21/12/2007,2.3093,2.313,2.2809,2.2867
24/12/2007,2.2885,2.2912,2.2682,2.2685
25/12/2007,2.2685,2.2794,2.262,2.2718
26/12/2007,2.2718,2.2747,2.2678,2.2695
27/12/2007,2.2695,2.2846,2.2656,2.2737
28/12/2007,2.2737,2.2895,2.2676,2.2786
31/12/2007,2.2764,2.2882,2.2554,2.2688
1/1/2008,2.2682,2.2878,2.2579,2.2673
2/1/2008,2.2673,2.2767,2.2408,2.242
3/1/2008,2.2422,2.2508,2.2328,2.2392
4/1/2008,2.2392,2.266,2.2304,2.2634
7/1/2008,2.2623,2.2744,2.2523,2.2581
8/1/2008,2.2581,2.2607,2.2313,2.2458
9/1/2008,2.2458,2.2459,2.2155,2.218
10/1/2008,2.2179,2.2269,2.1849,2.1904
11/1/2008,2.1905,2.1982,2.1747,2.1964
14/1/2008,2.1968,2.2059,2.1739,2.1742
15/1/2008,2.1742,2.2292,2.1694,2.2282
16/1/2008,2.2282,2.2441,2.211,2.2321
17/1/2008,2.2321,2.2499,2.217,2.249
18/1/2008,2.2491,2.2638,2.2143,2.2244
21/1/2008,2.2239,2.2633,2.2186,2.2561
22/1/2008,2.2561,2.2809,2.2459,2.2577
23/1/2008,2.2577,2.2673,2.2362,2.2395
24/1/2008,2.2395,2.2494,2.2333,2.2407
25/1/2008,2.2407,2.2568,2.2319,2.2545
28/1/2008,2.2526,2.2596,2.2303,2.2317
29/1/2008,2.2317,2.2439,2.2305,2.2372
30/1/2008,2.2372,2.2467,2.2113,2.224
31/1/2008,2.224,2.2486,2.2146,2.2188
1/2/2008,2.2188,2.2258,2.1726,2.1731
4/2/2008,2.1752,2.1817,2.1694,2.173
5/2/2008,2.1729,2.1962,2.1677,2.1897
6/2/2008,2.1897,2.1987,2.1788,2.1901
7/2/2008,2.1901,2.2005,2.1634,2.1711
8/2/2008,2.1711,2.1845,2.1649,2.1729
11/2/2008,2.1725,2.1738,2.1477,2.1591
12/2/2008,2.1591,2.1746,2.1496,2.1702
13/2/2008,2.1702,2.199,2.1632,2.1899
14/2/2008,2.1899,2.1921,2.173,2.1826
15/2/2008,2.1826,2.1873,2.1561,2.1572
18/2/2008,2.1572,2.1619,2.1328,2.137
19/2/2008,2.137,2.137,2.1112,2.1202
20/2/2008,2.1202,2.1342,2.1117,2.1146
21/2/2008,2.1146,2.1372,2.1114,2.1364
22/2/2008,2.1364,2.1427,2.1256,2.1287
25/2/2008,2.1294,2.1364,2.1191,2.1223
26/2/2008,2.1223,2.1327,2.1143,2.1278
27/2/2008,2.1278,2.1308,2.1005,2.1046
28/2/2008,2.1046,2.112,2.0952,2.0955
29/2/2008,2.0955,2.1379,2.0955,2.137
3/3/2008,2.1369,2.1421,2.1068,2.1111
4/3/2008,2.1111,2.1529,2.1076,2.1414
5/3/2008,2.1414,2.1493,2.1311,2.1311
6/3/2008,2.1311,2.1742,2.127,2.1683
7/3/2008,2.1683,2.1755,2.1488,2.1725
10/3/2008,2.1739,2.2011,2.1683,2.1923
11/3/2008,2.1923,2.1951,2.159,2.1605
12/3/2008,2.1605,2.1743,2.1558,2.1717
13/3/2008,2.1717,2.1792,2.1455,2.1473
14/3/2008,2.1473,2.1737,2.1467,2.1541
17/3/2008,2.1539,2.1929,2.1331,2.1689
18/3/2008,2.1689,2.1879,2.1569,2.165
19/3/2008,2.165,2.1761,2.1398,2.1706
20/3/2008,2.1706,2.2136,2.1619,2.2064
21/3/2008,2.2064,2.2125,2.1954,2.1971
24/3/2008,2.1984,2.203,2.1812,2.1921
25/3/2008,2.1921,2.1933,2.1763,2.1858
26/3/2008,2.1858,2.1972,2.1618,2.1827
27/3/2008,2.1827,2.1926,2.1758,2.1848
28/3/2008,2.1847,2.1863,2.1583,2.1737
31/3/2008,2.1742,2.1874,2.1662,2.1726
1/4/2008,2.1726,2.1898,2.1679,2.1779
2/4/2008,2.1779,2.1848,2.1696,2.1739
3/4/2008,2.1739,2.1865,2.1575,2.1793
4/4/2008,2.1793,2.1909,2.1586,2.1599
7/4/2008,2.1633,2.168,2.1389,2.1476
8/4/2008,2.1476,2.1511,2.1122,2.1137
9/4/2008,2.1137,2.1316,2.1101,2.1281
10/4/2008,2.1281,2.1282,2.1132,2.1145
11/4/2008,2.1145,2.1263,2.1125,2.1222
14/4/2008,2.1271,2.1512,2.1199,2.1346
15/4/2008,2.1346,2.1367,2.1156,2.1178
16/4/2008,2.1178,2.125,2.0961,2.0988
17/4/2008,2.0988,2.1301,2.098,2.1241
18/4/2008,2.1241,2.154,2.1193,2.1372
21/4/2008,2.1461,2.1461,2.0995,2.1005
22/4/2008,2.1005,2.1141,2.0955,2.1121
23/4/2008,2.1121,2.1137,2.0831,2.0861
24/4/2008,2.0861,2.1023,2.0848,2.1004
25/4/2008,2.1004,2.1315,2.096,2.1277
28/4/2008,2.1278,2.1293,2.1096,2.1212
29/4/2008,2.1212,2.1322,2.1054,2.1092
30/4/2008,2.1091,2.113,2.0954,2.1056
1/5/2008,2.1057,2.1221,2.1038,2.1155
2/5/2008,2.1158,2.1367,2.1052,2.1098
5/5/2008,2.1071,2.1129,2.0797,2.0829
6/5/2008,2.0829,2.0916,2.0738,2.0783
7/5/2008,2.0783,2.0821,2.0637,2.0739
8/5/2008,2.0739,2.0867,2.0671,2.0709
9/5/2008,2.0708,2.081,2.0669,2.0708
12/5/2008,2.0712,2.0814,2.0654,2.0656
13/5/2008,2.0657,2.0738,2.0591,2.0687
14/5/2008,2.0688,2.0856,2.0636,2.0828
15/5/2008,2.083,2.0929,2.0664,2.0706
16/5/2008,2.0706,2.0736,2.0463,2.0479
19/5/2008,2.0476,2.055,2.0407,2.044
20/5/2008,2.0439,2.057,2.0322,2.0533
21/5/2008,2.0532,2.059,2.0361,2.0503
22/5/2008,2.0504,2.0736,2.0419,2.0722
23/5/2008,2.0721,2.0722,2.0571,2.0642
26/5/2008,2.0573,2.0674,2.0573,2.0627
27/5/2008,2.0628,2.0646,2.0527,2.0622
28/5/2008,2.0624,2.0673,2.054,2.0577
29/5/2008,2.0576,2.0709,2.0501,2.0687
30/5/2008,2.0689,2.075,2.0599,2.0737
2/6/2008,2.0699,2.0746,2.05,2.0593
3/6/2008,2.0593,2.0646,2.0463,2.0615
4/6/2008,2.0613,2.0681,2.0298,2.0427
5/6/2008,2.0432,2.0488,2.036,2.0426
6/6/2008,2.0424,2.0541,2.0355,2.0472
9/6/2008,2.0475,2.0829,2.0435,2.0782
10/6/2008,2.0784,2.0836,2.0557,2.0659
11/6/2008,2.0658,2.0751,2.0582,2.0731
12/6/2008,2.0731,2.0885,2.0692,2.0832
13/6/2008,2.0831,2.085,2.0696,2.0745
16/6/2008,2.0791,2.0937,2.0702,2.0877
17/6/2008,2.0878,2.0917,2.0691,2.0734
18/6/2008,2.0734,2.0784,2.0672,2.0694
19/6/2008,2.0694,2.0841,2.0683,2.0738
20/6/2008,2.0737,2.0784,2.0652,2.0728
23/6/2008,2.0674,2.0736,2.0597,2.0633
24/6/2008,2.0633,2.0671,2.0566,2.063
25/6/2008,2.063,2.0669,2.056,2.0576
26/6/2008,2.0577,2.0815,2.0552,2.081
27/6/2008,2.0808,2.0829,2.0592,2.0762
30/6/2008,2.0751,2.0827,2.0633,2.0785
1/7/2008,2.0784,2.0971,2.0755,2.0888
2/7/2008,2.0886,2.0924,2.0657,2.072
3/7/2008,2.072,2.0727,2.0615,2.0655
4/7/2008,2.0655,2.0679,2.0555,2.0575
7/7/2008,2.0597,2.0709,2.0545,2.0659
8/7/2008,2.066,2.0753,2.0633,2.0656
9/7/2008,2.0655,2.0781,2.0626,2.0725
10/7/2008,2.0725,2.0761,2.0516,2.0561
11/7/2008,2.0562,2.0621,2.0488,2.058
14/7/2008,2.0584,2.0584,2.0464,2.053
15/7/2008,2.0531,2.0546,2.0396,2.0482
16/7/2008,2.0482,2.0548,2.0411,2.0508
17/7/2008,2.0507,2.0639,2.0446,2.0607
18/7/2008,2.0607,2.0616,2.0484,2.0596
21/7/2008,2.0594,2.0594,2.0402,2.0503
22/7/2008,2.0503,2.0551,2.0479,2.0507
23/7/2008,2.0507,2.0825,2.0454,2.0784
24/7/2008,2.0784,2.0863,2.0636,2.0729
25/7/2008,2.0728,2.0858,2.068,2.0827
28/7/2008,2.0791,2.0881,2.0701,2.0839
29/7/2008,2.0839,2.0881,2.0762,2.0767
30/7/2008,2.0767,2.1026,2.0765,2.0987
31/7/2008,2.0987,2.1089,2.0926,2.1057
1/8/2008,2.1056,2.1272,2.1055,2.1256
4/8/2008,2.1253,2.1267,2.1062,2.1115
5/8/2008,2.1115,2.1405,2.1095,2.1336
6/8/2008,2.1335,2.1489,2.1259,2.1443
7/8/2008,2.1443,2.1474,2.1341,2.1442
8/8/2008,2.1441,2.1645,2.1415,2.1618
11/8/2008,2.1622,2.1689,2.149,2.1617
12/8/2008,2.1617,2.1828,2.1608,2.1717
13/8/2008,2.1715,2.2051,2.1337,2.1391
14/8/2008,2.1392,2.1533,2.1301,2.1438
15/8/2008,2.1439,2.1633,2.1439,2.1544
18/8/2008,2.1547,2.1553,2.1337,2.1485
19/8/2008,2.1486,2.1572,2.1381,2.1416
20/8/2008,2.1417,2.1447,2.1291,2.1314
21/8/2008,2.1317,2.1555,2.1306,2.1327
22/8/2008,2.1327,2.1415,2.1246,2.1385
25/8/2008,2.1373,2.1481,2.1255,2.148
26/8/2008,2.1479,2.1597,2.1426,2.15
27/8/2008,2.1502,2.1536,2.1353,2.1374
28/8/2008,2.1374,2.1406,2.1132,2.1213
29/8/2008,2.1214,2.128,2.1132,2.1229
1/9/2008,2.1236,2.1255,2.108,2.1184
2/9/2008,2.1184,2.1518,2.0978,2.1286
3/9/2008,2.1288,2.153,2.1184,2.1249
4/9/2008,2.1251,2.1516,2.1208,2.1493
5/9/2008,2.1496,2.1904,2.1402,2.1646
8/9/2008,2.1583,2.1647,2.1352,2.1538
9/9/2008,2.1537,2.1988,2.1514,2.1944
10/9/2008,2.1942,2.2036,2.1664,2.1875
11/9/2008,2.1875,2.2136,2.1767,2.1778
12/9/2008,2.1778,2.1983,2.1729,2.1782
15/9/2008,2.179,2.2345,2.1788,2.2324
16/9/2008,2.232,2.2878,2.2206,2.2286
17/9/2008,2.2287,2.3006,2.2156,2.2984
18/9/2008,2.2985,2.3149,2.252,2.259
19/9/2008,2.259,2.2658,2.192,2.1953
22/9/2008,2.1926,2.2168,2.1812,2.197
23/9/2008,2.197,2.2331,2.193,2.2239
24/9/2008,2.2237,2.2329,2.2028,2.2134
25/9/2008,2.2136,2.2241,2.1937,2.1994
26/9/2008,2.1995,2.2264,2.1978,2.2197
29/9/2008,2.2165,2.2639,2.1947,2.2478
30/9/2008,2.2474,2.269,2.2287,2.2469
1/10/2008,2.247,2.2524,2.2227,2.2478
2/10/2008,2.2477,2.2865,2.2299,2.2833
3/10/2008,2.2832,2.302,2.2628,2.2892
6/10/2008,2.2894,2.4818,2.2825,2.4154
7/10/2008,2.4155,2.4781,2.3847,2.4732
8/10/2008,2.473,2.7078,2.4469,2.6052
9/10/2008,2.6053,2.6093,2.4352,2.4995
10/10/2008,2.4995,2.67,2.4804,2.6496
13/10/2008,2.603,2.603,2.4762,2.4819
14/10/2008,2.4818,2.5286,2.4306,2.496
15/10/2008,2.496,2.6238,2.4794,2.6098
16/10/2008,2.6095,2.6423,2.5044,2.5044
17/10/2008,2.5044,2.5726,2.4729,2.5084
20/10/2008,2.4897,2.516,2.4333,2.4348
21/10/2008,2.4343,2.5016,2.4333,2.49
22/10/2008,2.4899,2.49,2.3971,2.4172
23/10/2008,2.4165,2.4737,2.4071,2.4234
24/10/2008,2.4234,2.5775,2.4053,2.5541
27/10/2008,2.5453,2.5943,2.5055,2.5863
28/10/2008,2.5862,2.5895,2.4593,2.488
29/10/2008,2.4829,2.5235,2.4125,2.4506
30/10/2008,2.4508,2.4735,2.4054,2.4113
31/10/2008,2.4111,2.4721,2.3957,2.4074
3/11/2008,2.4005,2.4113,2.3211,2.3383
4/11/2008,2.3383,2.3719,2.2809,2.2834
5/11/2008,2.2834,2.3394,2.2766,2.3344
6/11/2008,2.3344,2.3629,2.2896,2.348
7/11/2008,2.348,2.3751,2.3141,2.3205
10/11/2008,2.3221,2.3427,2.263,2.3301
11/11/2008,2.3301,2.3789,2.3145,2.3412
12/11/2008,2.3412,2.3566,2.3007,2.3382
13/11/2008,2.3382,2.3475,2.2228,2.2281
14/11/2008,2.2281,2.2842,2.22,2.2742
17/11/2008,2.2756,2.3182,2.2614,2.3102
18/11/2008,2.3101,2.3455,2.2821,2.2927
19/11/2008,2.2927,2.3524,2.2927,2.3485
20/11/2008,2.3485,2.4332,2.3363,2.4115
21/11/2008,2.4109,2.4253,2.3454,2.3601
24/11/2008,2.3554,2.3868,2.3198,2.3212
25/11/2008,2.3212,2.409,2.3164,2.3835
26/11/2008,2.3832,2.39,2.3384,2.3507
27/11/2008,2.3504,2.3728,2.3294,2.3458
28/11/2008,2.3459,2.3634,2.3323,2.3473
1/12/2008,2.3766,2.3766,2.2927,2.3251
2/12/2008,2.3251,2.3489,2.2927,2.321
3/12/2008,2.3214,2.3223,2.2762,2.2779
4/12/2008,2.2779,2.295,2.2454,2.2782
5/12/2008,2.2781,2.3142,2.268,2.272
8/12/2008,2.2748,2.285,2.2298,2.2444
9/12/2008,2.2443,2.2746,2.2324,2.2389
10/12/2008,2.2388,2.2633,2.2247,2.2529
11/12/2008,2.2529,2.2725,2.2038,2.2381
12/12/2008,2.238,2.3015,2.233,2.2496
15/12/2008,2.2523,2.3047,2.2431,2.2884
16/12/2008,2.2884,2.293,2.2298,2.2442
17/12/2008,2.2442,2.2542,2.1976,2.2072
18/12/2008,2.2072,2.2166,2.1403,2.1857
19/12/2008,2.1862,2.2134,2.1702,2.1945
22/12/2008,2.1789,2.1984,2.148,2.1672
23/12/2008,2.1672,2.1801,2.155,2.1647
24/12/2008,2.1647,2.1879,2.1461,2.1558
25/12/2008,2.1558,2.2235,2.1419,2.1589
26/12/2008,2.1589,2.1678,2.1262,2.1336
29/12/2008,2.1342,2.1463,2.0947,2.1003
30/12/2008,2.1004,2.117,2.0817,2.084
31/12/2008,2.084,2.1358,2.049,2.0807
1/1/2009,2.0807,2.0919,2.0481,2.0803
2/1/2009,2.0805,2.1133,2.0362,2.0456
5/1/2009,2.0463,2.0633,2.0236,2.0488
6/1/2009,2.0488,2.0801,2.0275,2.0625
7/1/2009,2.0625,2.1316,2.0518,2.1181
8/1/2009,2.1182,2.1815,2.1168,2.1365
9/1/2009,2.1365,2.1687,2.1333,2.1564
12/1/2009,2.161,2.1885,2.15,2.1744
13/1/2009,2.1743,2.2039,2.1721,2.1816
14/1/2009,2.1816,2.2156,2.1447,2.21
15/1/2009,2.21,2.231,2.1897,2.2062
16/1/2009,2.2062,2.2237,2.1835,2.1889
19/1/2009,2.1879,2.2022,2.149,2.1629
20/1/2009,2.1629,2.1678,2.0971,2.14
21/1/2009,2.14,2.148,2.0952,2.1088
22/1/2009,2.1088,2.1289,2.0926,2.1171
23/1/2009,2.1171,2.1279,2.0883,2.1097
26/1/2009,2.0966,2.1271,2.0753,2.1215
27/1/2009,2.1215,2.1507,2.1055,2.137
28/1/2009,2.137,2.1512,2.1274,2.1395
29/1/2009,2.1395,2.1973,2.1322,2.1925
30/1/2009,2.1925,2.2884,2.1898,2.2878
2/2/2009,2.2867,2.2885,2.2354,2.2585
3/2/2009,2.2584,2.2624,2.2043,2.2204
4/2/2009,2.2204,2.261,2.2111,2.2489
5/2/2009,2.2489,2.2659,2.2208,2.2392
6/2/2009,2.2392,2.2551,2.1772,2.1897
9/2/2009,2.1912,2.2206,2.1806,2.1938
10/2/2009,2.1938,2.2336,2.1825,2.2209
11/2/2009,2.2209,2.2268,2.1843,2.1929
12/2/2009,2.1929,2.2063,2.1766,2.1871
13/2/2009,2.1871,2.2061,2.174,2.186
16/2/2009,2.1862,2.2151,2.1714,2.1987
17/2/2009,2.1987,2.2461,2.1876,2.2427
18/2/2009,2.2427,2.247,2.2062,2.2307
19/2/2009,2.2307,2.2341,2.2073,2.2207
20/2/2009,2.2207,2.2454,2.2048,2.2367
23/2/2009,2.2351,2.2645,2.2219,2.2576
24/2/2009,2.2576,2.2648,2.2225,2.2239
25/2/2009,2.2239,2.2406,2.1891,2.1943
26/2/2009,2.1943,2.213,2.1872,2.2115
27/2/2009,2.2115,2.2431,2.2055,2.2405
2/3/2009,2.2416,2.2574,2.2111,2.2312
3/3/2009,2.2312,2.233,2.1786,2.2031
4/3/2009,2.2031,2.2262,2.1692,2.1852
5/3/2009,2.1852,2.2203,2.1837,2.2118
6/3/2009,2.2118,2.2324,2.1936,2.2002
9/3/2009,2.1994,2.2093,2.1685,2.1806
10/3/2009,2.1806,2.1841,2.1288,2.1293
11/3/2009,2.1293,2.1446,2.1118,2.1272
12/3/2009,2.1274,2.1513,2.1229,2.1289
13/3/2009,2.1291,2.1375,2.1191,2.1274
16/3/2009,2.1267,2.15,2.1223,2.1335
17/3/2009,2.1335,2.1402,2.1166,2.1207
18/3/2009,2.1208,2.1295,2.091,2.1102
19/3/2009,2.1102,2.1188,2.0964,2.1171
20/3/2009,2.1171,2.1193,2.0867,2.1039
23/3/2009,2.1046,2.1055,2.0639,2.0663
24/3/2009,2.0663,2.1155,2.0623,2.1109
25/3/2009,2.1109,2.1176,2.0708,2.0858
26/3/2009,2.0858,2.0915,2.0549,2.06
27/3/2009,2.06,2.0872,2.0529,2.0631
30/3/2009,2.0608,2.1006,2.0567,2.0935
31/3/2009,2.0935,2.1003,2.0573,2.0722
1/4/2009,2.0722,2.0886,2.0631,2.0689
2/4/2009,2.0689,2.074,2.0468,2.0587
3/4/2009,2.0587,2.0973,2.0423,2.0735
6/4/2009,2.0794,2.0953,2.0645,2.0687
7/4/2009,2.0687,2.0827,2.0532,2.0723
8/4/2009,2.0722,2.084,2.0632,2.0723
9/4/2009,2.0723,2.0812,2.035,2.041
10/4/2009,2.0407,2.0418,2.033,2.0379
13/4/2009,2.0201,2.0398,2.0201,2.0297
14/4/2009,2.0297,2.0621,2.0274,2.058
15/4/2009,2.058,2.0841,2.0559,2.0579
16/4/2009,2.0579,2.0838,2.0558,2.0705
17/4/2009,2.0705,2.0751,2.0468,2.0484
20/4/2009,2.0481,2.0909,2.0413,2.087
21/4/2009,2.0869,2.0895,2.0584,2.0626
22/4/2009,2.0626,2.0804,2.0353,2.0546
23/4/2009,2.0546,2.0648,2.0343,2.0599
24/4/2009,2.0599,2.0637,2.0263,2.03
27/4/2009,2.0288,2.063,2.0275,2.0625
28/4/2009,2.0624,2.0872,2.0608,2.0723
29/4/2009,2.070100,2.071200,2.023800,2.033500
30/4/2009,2.032300,2.045100,2.008900,2.037000
1/5/2009,2.031700,2.050300,2.022300,2.039900
4/5/2009,2.036500,2.038900,2.021300,2.027900
5/5/2009,2.028000,2.036100,2.021900,2.024300
6/5/2009,2.035900,2.043600,2.012300,2.021200
7/5/2009,2.023500,2.025500,1.976500,1.989500
8/5/2009,1.989900,1.995200,1.968600,1.982600
