30/4/2007,2.4091,2.4156,2.4022,2.4141
1/5/2007,2.4137,2.4309,2.412,2.4277
2/5/2007,2.4273,2.4282,2.4126,2.4152
3/5/2007,2.4148,2.4182,2.4098,2.4157
4/5/2007,2.4152,2.4193,2.4101,2.4139
7/5/2007,2.4093,2.4176,2.409,2.414
8/5/2007,2.4137,2.4277,2.4133,2.4236
9/5/2007,2.4231,2.4313,2.4206,2.4299
10/5/2007,2.4296,2.4313,2.4137,2.4159
11/5/2007,2.4153,2.4176,2.4093,2.4154
14/5/2007,2.4142,2.4208,2.4106,2.413
15/5/2007,2.4126,2.4148,2.4063,2.4137
16/5/2007,2.4132,2.4212,2.4087,2.4188
17/5/2007,2.4183,2.4243,2.4119,2.4231
18/5/2007,2.4227,2.4247,2.4162,2.4236
21/5/2007,2.4232,2.4277,2.4186,2.4262
22/5/2007,2.4256,2.4321,2.4237,2.4285
23/5/2007,2.428,2.4408,2.4239,2.4391
24/5/2007,2.4398,2.4442,2.4361,2.437
25/5/2007,2.4365,2.4415,2.434,2.4362
28/5/2007,2.4354,2.438,2.4334,2.437
29/5/2007,2.4366,2.4394,2.4215,2.4281
30/5/2007,2.4277,2.4287,2.4184,2.4216
31/5/2007,2.4211,2.4266,2.418,2.4259
1/6/2007,2.4254,2.4393,2.424,2.4381
4/6/2007,2.4387,2.4401,2.4313,2.4369
5/6/2007,2.4376,2.439,2.4252,2.4281
6/6/2007,2.4284,2.4317,2.4226,2.4235
7/6/2007,2.4231,2.4352,2.4203,2.4213
8/6/2007,2.4209,2.4343,2.4153,2.4333
11/6/2007,2.4439,2.4439,2.4285,2.4381
12/6/2007,2.4376,2.457,2.4375,2.4532
13/6/2007,2.4527,2.4575,2.4493,2.4558
14/6/2007,2.4553,2.4574,2.4474,2.4543
15/6/2007,2.4537,2.459,2.4505,2.453
18/6/2007,2.4518,2.4644,2.4515,2.4636
19/6/2007,2.4632,2.4678,2.459,2.4674
20/6/2007,2.4669,2.4685,2.4602,2.4662
21/6/2007,2.4658,2.4754,2.4656,2.474
22/6/2007,2.4735,2.4746,2.4557,2.4581
25/6/2007,2.4513,2.4609,2.4513,2.454
26/6/2007,2.4536,2.4588,2.4507,2.4549
27/6/2007,2.4555,2.458,2.449,2.458
28/6/2007,2.4577,2.4693,2.4536,2.4658
29/6/2007,2.4653,2.4694,2.4504,2.4537
2/7/2007,2.4523,2.4569,2.4324,2.4424
3/7/2007,2.4419,2.454,2.4404,2.4512
4/7/2007,2.4507,2.4554,2.4506,2.453
5/7/2007,2.4521,2.4555,2.4398,2.4488
6/7/2007,2.4483,2.4548,2.4481,2.4491
9/7/2007,2.4454,2.4555,2.4454,2.452
10/7/2007,2.4515,2.4558,2.4373,2.4379
11/7/2007,2.4376,2.4526,2.4312,2.4519
12/7/2007,2.4517,2.4524,2.4397,2.4426
13/7/2007,2.4422,2.4475,2.44,2.4463
16/7/2007,2.4393,2.4517,2.4393,2.4506
17/7/2007,2.4511,2.4626,2.441,2.4621
18/7/2007,2.4618,2.4671,2.4538,2.4653
19/7/2007,2.4657,2.4684,2.4572,2.4659
20/7/2007,2.4655,2.4759,2.4648,2.4692
23/7/2007,2.4741,2.4853,2.4601,2.4835
24/7/2007,2.4833,2.4906,2.4784,2.4813
25/7/2007,2.4809,2.4966,2.4757,2.4919
26/7/2007,2.4912,2.4929,2.4644,2.4668
27/7/2007,2.4665,2.4691,2.4443,2.4463
30/7/2007,2.4392,2.4476,2.4304,2.4354
31/7/2007,2.4348,2.4516,2.4343,2.4398
1/8/2007,2.4402,2.449,2.421,2.448
2/8/2007,2.4476,2.4563,2.4403,2.454
3/8/2007,2.4536,2.4577,2.4252,2.4302
6/8/2007,2.4266,2.4296,2.406,2.4206
7/8/2007,2.4202,2.4243,2.4086,2.42
8/8/2007,2.4196,2.4384,2.4135,2.4376
9/8/2007,2.4372,2.4385,2.4203,2.4207
10/8/2007,2.4199,2.434,2.4085,2.4255
13/8/2007,2.4207,2.4295,2.4078,2.4258
14/8/2007,2.4254,2.4276,2.4138,2.4183
15/8/2007,2.4179,2.4334,2.4092,2.4248
16/8/2007,2.4242,2.4262,2.3998,2.412
17/8/2007,2.4111,2.4167,2.3765,2.3931
20/8/2007,2.3978,2.4029,2.383,2.3969
21/8/2007,2.3974,2.4001,2.379,2.3905
22/8/2007,2.391,2.4092,2.389,2.4041
23/8/2007,2.4046,2.429,2.4029,2.4216
24/8/2007,2.4211,2.4222,2.4048,2.4183
27/8/2007,2.4334,2.4334,2.4151,2.4206
28/8/2007,2.42,2.4222,2.4019,2.4038
29/8/2007,2.4035,2.4231,2.4012,2.4206
30/8/2007,2.4201,2.428,2.4155,2.4238
31/8/2007,2.4232,2.4393,2.4203,2.4364
3/9/2007,2.4348,2.4422,2.4308,2.4388
4/9/2007,2.4398,2.4429,2.4345,2.4411
5/9/2007,2.4415,2.4421,2.4297,2.4319
6/9/2007,2.4315,2.4415,2.4247,2.4315
7/9/2007,2.4311,2.4326,2.4043,2.4113
10/9/2007,2.4148,2.4148,2.4031,2.406
11/9/2007,2.4067,2.4179,2.4029,2.4173
12/9/2007,2.4177,2.4189,2.3998,2.4045
13/9/2007,2.4049,2.4143,2.3934,2.4019
14/9/2007,2.4023,2.4023,2.3846,2.388
17/9/2007,2.3928,2.3928,2.3646,2.3677
18/9/2007,2.3682,2.3826,2.3592,2.3783
19/9/2007,2.3779,2.3825,2.3594,2.3695
20/9/2007,2.369,2.3695,2.3509,2.3542
21/9/2007,2.3547,2.373,2.3491,2.3688
24/9/2007,2.3679,2.3764,2.3662,2.3715
25/9/2007,2.3711,2.3732,2.3508,2.3546
26/9/2007,2.3542,2.3638,2.3509,2.3598
27/9/2007,2.3595,2.3799,2.3555,2.3799
28/9/2007,2.3803,2.385,2.3661,2.3825
1/10/2007,2.3838,2.3974,2.3771,2.3875
2/10/2007,2.3868,2.4025,2.3851,2.3991
3/10/2007,2.3995,2.404,2.3901,2.399
4/10/2007,2.3994,2.4027,2.3904,2.3947
5/10/2007,2.3951,2.4073,2.3912,2.4064
8/10/2007,2.411,2.4162,2.4016,2.4155
9/10/2007,2.4152,2.4165,2.404,2.4113
10/10/2007,2.4109,2.421,2.4086,2.4165
11/10/2007,2.4161,2.4183,2.3995,2.4016
12/10/2007,2.4011,2.4134,2.3923,2.4123
15/10/2007,2.4142,2.4152,2.4001,2.4125
16/10/2007,2.4131,2.4136,2.401,2.4036
17/10/2007,2.4042,2.4118,2.3928,2.4076
18/10/2007,2.4072,2.4081,2.3895,2.3914
19/10/2007,2.3919,2.4028,2.385,2.3926
22/10/2007,2.3903,2.3964,2.3792,2.3944
23/10/2007,2.3951,2.4085,2.3881,2.4064
24/10/2007,2.4058,2.4091,2.3987,2.4023
25/10/2007,2.4016,2.4046,2.3887,2.3918
26/10/2007,2.3922,2.3954,2.3832,2.3892
29/10/2007,2.385,2.4037,2.385,2.4018
30/10/2007,2.4015,2.4096,2.396,2.396
31/10/2007,2.3964,2.4124,2.3938,2.4086
1/11/2007,2.4082,2.4198,2.4047,2.4094
2/11/2007,2.4089,2.4119,2.3969,2.4116
5/11/2007,2.4103,2.4119,2.3939,2.4004
6/11/2007,2.4012,2.4023,2.3854,2.3895
7/11/2007,2.39,2.3903,2.3697,2.3841
8/11/2007,2.3822,2.3877,2.3739,2.3771
9/11/2007,2.3765,2.3773,2.3441,2.3463
12/11/2007,2.4091,2.4113,2.3171,2.3172
13/11/2007,2.3179,2.3353,2.3155,2.3352
14/11/2007,2.3358,2.3398,2.305,2.3072
15/11/2007,2.3077,2.312,2.2898,2.2958
16/11/2007,2.2952,2.2978,2.2829,2.2968
19/11/2007,2.292,2.2968,2.2823,2.2865
20/11/2007,2.2861,2.2956,2.2836,2.2853
21/11/2007,2.2847,2.2874,2.269,2.2756
22/11/2007,2.2751,2.2783,2.2667,2.2706
23/11/2007,2.2699,2.2758,2.2613,2.2739
26/11/2007,2.2746,2.3044,2.2689,2.2719
27/11/2007,2.2723,2.2888,2.2687,2.2867
28/11/2007,2.2861,2.3161,2.2816,2.3132
29/11/2007,2.3128,2.3134,2.3012,2.3046
30/11/2007,2.305,2.3299,2.303,2.3277
3/12/2007,2.3249,2.3341,2.317,2.3289
4/12/2007,2.3289,2.3362,2.2963,2.2996
5/12/2007,2.2996,2.3032,2.277,2.2851
6/12/2007,2.2851,2.2982,2.284,2.2911
7/12/2007,2.2911,2.3005,2.2876,2.2902
10/12/2007,2.2918,2.3105,2.2895,2.3084
11/12/2007,2.3084,2.3279,2.2985,2.3003
12/12/2007,2.3003,2.3347,2.2968,2.3227
13/12/2007,2.3227,2.3338,2.3091,2.3296
14/12/2007,2.3296,2.3343,2.3238,2.326
17/12/2007,2.3243,2.3322,2.3205,2.3217
18/12/2007,2.3217,2.3274,2.3174,2.3202
19/12/2007,2.3202,2.3289,2.3042,2.3083
20/12/2007,2.3083,2.3086,2.29,2.2977
21/12/2007,2.2977,2.3003,2.2893,2.2907
24/12/2007,2.2913,2.2943,2.2834,2.288
25/12/2007,2.288,2.3031,2.28,2.2913
26/12/2007,2.2909,2.294,2.2788,2.2841
27/12/2007,2.2841,2.2918,2.269,2.2738
28/12/2007,2.2738,2.2792,2.2437,2.2486
31/12/2007,2.2482,2.2629,2.2426,2.2502
1/1/2008,2.2511,2.2692,2.2441,2.2515
2/1/2008,2.2524,2.256,2.2095,2.2174
3/1/2008,2.2174,2.2196,2.1894,2.1897
4/1/2008,2.1897,2.2089,2.1798,2.1878
7/1/2008,2.1867,2.2052,2.1831,2.1996
8/1/2008,2.1996,2.2139,2.1922,2.1953
9/1/2008,2.1953,2.1981,2.18,2.1869
10/1/2008,2.1869,2.1874,2.1543,2.1644
11/1/2008,2.1644,2.1672,2.1427,2.155
14/1/2008,2.1564,2.1588,2.1363,2.1382
15/1/2008,2.1381,2.1517,2.1301,2.1449
16/1/2008,2.1449,2.1643,2.1236,2.1607
17/1/2008,2.1607,2.1811,2.1547,2.1706
18/1/2008,2.1706,2.1787,2.147,2.1479
21/1/2008,2.1488,2.1592,2.1448,2.1536
22/1/2008,2.1536,2.1615,2.1455,2.1469
23/1/2008,2.1469,2.1539,2.1185,2.1342
24/1/2008,2.1342,2.1507,2.1239,2.1503
25/1/2008,2.1503,2.1784,2.1463,2.1746
28/1/2008,2.1747,2.1767,2.1579,2.1612
29/1/2008,2.1612,2.1786,2.1582,2.1759
30/1/2008,2.1759,2.1781,2.1521,2.1521
31/1/2008,2.1521,2.1591,2.1419,2.1492
1/2/2008,2.1492,2.1552,2.1255,2.1413
4/2/2008,2.1408,2.1587,2.1383,2.1497
5/2/2008,2.1497,2.1762,2.1464,2.1606
6/2/2008,2.1606,2.1614,2.1465,2.1541
7/2/2008,2.1541,2.1545,2.1295,2.1446
8/2/2008,2.1445,2.1584,2.1426,2.1453
11/2/2008,2.1449,2.1514,2.1256,2.1506
12/2/2008,2.1506,2.1633,2.1428,2.1598
13/2/2008,2.1598,2.1785,2.1563,2.1756
14/2/2008,2.1756,2.1845,2.1597,2.1613
15/2/2008,2.1613,2.1642,2.1358,2.1443
18/2/2008,2.1397,2.1542,2.1367,2.1518
19/2/2008,2.1518,2.1539,2.1252,2.1319
20/2/2008,2.1319,2.1403,2.1291,2.1353
21/2/2008,2.1353,2.1583,2.1326,2.1391
22/2/2008,2.1391,2.1479,2.1315,2.1346
25/2/2008,2.1342,2.1462,2.1337,2.1433
26/2/2008,2.1433,2.1465,2.1351,2.1374
27/2/2008,2.1374,2.1427,2.1035,2.1069
28/2/2008,2.1069,2.1151,2.0897,2.0921
29/2/2008,2.0921,2.0934,2.0682,2.0706
3/3/2008,2.0703,2.0733,2.0454,2.0678
4/3/2008,2.0678,2.0708,2.0517,2.0613
5/3/2008,2.0613,2.0696,2.0497,2.0651
6/3/2008,2.0651,2.0711,2.0518,2.0549
7/3/2008,2.0549,2.0743,2.0474,2.0643
10/3/2008,2.0661,2.0698,2.0304,2.0481
11/3/2008,2.0481,2.075,2.0433,2.0736
12/3/2008,2.0736,2.0773,2.0534,2.0568
13/3/2008,2.0568,2.0638,2.0455,2.0522
14/3/2008,2.0522,2.0571,2.0161,2.0166
17/3/2008,2.0142,2.0176,1.9387,1.968
18/3/2008,1.968,2.0135,1.9608,2.0114
19/3/2008,2.0113,2.0257,1.9786,1.9805
20/3/2008,1.9805,2.0132,1.9738,2.0044
21/3/2008,2.0044,2.0118,1.9959,2.0006
24/3/2008,2.0069,2.0331,1.9994,2.0263
25/3/2008,2.0263,2.0322,2.0102,2.0164
26/3/2008,2.0164,2.0292,1.9855,1.9863
27/3/2008,1.9864,2.0095,1.9841,1.9953
28/3/2008,1.9953,1.998,1.9807,1.9851
31/3/2008,1.9817,1.9937,1.9651,1.97
1/4/2008,1.97,2.0048,1.9667,2.0004
2/4/2008,2.0004,2.0127,1.9987,2.0047
3/4/2008,2.0047,2.0258,2.0026,2.0166
4/4/2008,2.0167,2.0228,1.9983,2.0054
7/4/2008,2.0076,2.0193,2.0044,2.0143
8/4/2008,2.0143,2.0182,1.9891,1.9972
9/4/2008,1.9972,2.001,1.9725,1.98
10/4/2008,1.98,1.9896,1.9584,1.9869
11/4/2008,1.9869,1.9912,1.9655,1.972
14/4/2008,1.9839,1.9895,1.9704,1.9759
15/4/2008,1.9759,1.979,1.9609,1.975
16/4/2008,1.975,1.9823,1.9651,1.9731
17/4/2008,1.9731,2.0076,1.9664,2.0039
18/4/2008,2.0039,2.0499,1.9995,2.0337
21/4/2008,2.0347,2.0398,1.9931,1.9972
22/4/2008,1.9972,2.0138,1.9924,2.0017
23/4/2008,2.0017,2.0143,1.9969,2.0106
24/4/2008,2.0106,2.0461,2.0054,2.0443
25/4/2008,2.0443,2.0629,2.0405,2.0536
28/4/2008,2.0535,2.0645,2.0436,2.0587
29/4/2008,2.0588,2.0661,2.0338,2.0439
30/4/2008,2.044,2.0707,2.0305,2.0549
1/5/2008,2.0546,2.0775,2.0525,2.0704
2/5/2008,2.0705,2.0968,2.0681,2.0846
5/5/2008,2.0846,2.0864,2.0707,2.0778
6/5/2008,2.0777,2.0797,2.0606,2.0765
7/5/2008,2.0766,2.078,2.0585,2.0617
8/5/2008,2.0616,2.0728,2.0507,2.054
9/5/2008,2.0539,2.0561,2.024,2.0341
12/5/2008,2.0344,2.0572,2.0302,2.0434
13/5/2008,2.0434,2.0546,2.0333,2.0481
14/5/2008,2.0481,2.0583,2.0451,2.0523
15/5/2008,2.0522,2.0598,2.0408,2.0584
16/5/2008,2.0584,2.0595,2.0418,2.0511
19/5/2008,2.046,2.0576,2.0372,2.0531
20/5/2008,2.053,2.0554,2.0386,2.0423
21/5/2008,2.0422,2.0437,2.0181,2.0227
22/5/2008,2.0227,2.0499,2.0188,2.041
23/5/2008,2.041,2.0442,2.0239,2.0274
26/5/2008,2.027,2.0347,2.0258,2.0306
27/5/2008,2.0307,2.0446,2.0247,2.0433
28/5/2008,2.0433,2.0596,2.0335,2.0569
29/5/2008,2.0564,2.0768,2.0526,2.0742
30/5/2008,2.0743,2.0786,2.0615,2.0661
2/6/2008,2.0716,2.0722,2.0304,2.0409
3/6/2008,2.0409,2.0572,2.0222,2.0464
4/6/2008,2.0464,2.0488,2.0283,2.0384
5/6/2008,2.0384,2.0499,2.0273,2.0327
6/6/2008,2.0328,2.0381,2.0069,2.0073
9/6/2008,2.0078,2.0309,2.0015,2.0297
10/6/2008,2.0299,2.04,2.0189,2.0361
11/6/2008,2.0363,2.0427,2.0246,2.0254
12/6/2008,2.0256,2.04,2.0228,2.0274
13/6/2008,2.0272,2.0497,2.0222,2.0384
16/6/2008,2.0418,2.0538,2.032,2.0512
17/6/2008,2.0512,2.0546,2.0313,2.0384
18/6/2008,2.0384,2.0459,2.0285,2.0307
19/6/2008,2.0306,2.066,2.0237,2.062
20/6/2008,2.0619,2.0632,2.0363,2.0469
23/6/2008,2.0469,2.057,2.0425,2.0547
24/6/2008,2.0545,2.0566,2.0409,2.0532
25/6/2008,2.0532,2.0557,2.0408,2.0442
26/6/2008,2.0441,2.0497,2.0315,2.0365
27/6/2008,2.0365,2.0412,2.0202,2.0315
30/6/2008,2.03,2.0357,2.0214,2.0343
1/7/2008,2.0342,2.0435,2.0236,2.0342
2/7/2008,2.0342,2.0363,2.0198,2.0211
3/7/2008,2.021,2.0377,2.011,2.0357
4/7/2008,2.0357,2.0373,2.0288,2.0326
7/7/2008,2.033,2.0394,2.0226,2.0296
8/7/2008,2.0296,2.038,2.0211,2.036
9/7/2008,2.036,2.0439,2.0277,2.0388
10/7/2008,2.0388,2.0412,2.0284,2.0331
11/7/2008,2.033,2.0368,2.018,2.0209
14/7/2008,2.0174,2.0363,2.0173,2.0271
15/7/2008,2.0272,2.0312,2.0125,2.0244
16/7/2008,2.0244,2.0359,2.0109,2.0338
17/7/2008,2.0337,2.0484,2.0294,2.0426
18/7/2008,2.0425,2.0452,2.0324,2.0443
21/7/2008,2.0436,2.0448,2.0321,2.0389
22/7/2008,2.0389,2.0572,2.0339,2.0533
23/7/2008,2.0534,2.0789,2.051,2.075
24/7/2008,2.075,2.0774,2.0563,2.0607
25/7/2008,2.0606,2.0717,2.0501,2.0651
28/7/2008,2.0654,2.0671,2.0534,2.0628
29/7/2008,2.0629,2.0731,2.057,2.0714
30/7/2008,2.071,2.0788,2.0677,2.0772
31/7/2008,2.0774,2.0791,2.0691,2.0773
1/8/2008,2.0773,2.0808,2.067,2.0736
4/8/2008,2.0729,2.0754,2.0536,2.0571
5/8/2008,2.0569,2.0631,2.0541,2.0609
6/8/2008,2.061,2.0668,2.0544,2.0647
7/8/2008,2.0646,2.0674,2.0561,2.0655
8/8/2008,2.0655,2.0798,2.0607,2.0794
11/8/2008,2.0797,2.0857,2.0677,2.0754
12/8/2008,2.0754,2.0787,2.0594,2.0615
13/8/2008,2.0614,2.0669,2.0266,2.0301
14/8/2008,2.03,2.0506,2.0244,2.0433
15/8/2008,2.0435,2.0486,2.036,2.0477
18/8/2008,2.0474,2.0532,2.0402,2.0467
19/8/2008,2.0468,2.0488,2.0355,2.039
20/8/2008,2.039,2.0498,2.0352,2.0465
21/8/2008,2.0464,2.0479,2.0336,2.0394
22/8/2008,2.0394,2.0435,2.0286,2.0354
25/8/2008,2.0382,2.0382,2.0272,2.0312
26/8/2008,2.0327,2.0352,2.0213,2.0233
27/8/2008,2.0231,2.0243,2.0117,2.0147
28/8/2008,2.0147,2.0157,1.999,2.0099
29/8/2008,2.01,2.0121,1.9995,2.0051
1/9/2008,2.004,2.004,1.9765,1.984
2/9/2008,1.9839,1.9859,1.9689,1.9741
3/9/2008,1.9741,1.9777,1.9612,1.9655
4/9/2008,1.9655,1.9768,1.9572,1.9619
5/9/2008,1.9619,1.9763,1.9497,1.9761
8/9/2008,1.9799,2.0041,1.9771,1.9896
9/9/2008,1.9893,1.9986,1.9808,1.9842
10/9/2008,1.9843,1.9951,1.9807,1.9925
11/9/2008,1.9924,2.0035,1.9886,2.001
12/9/2008,2.001,2.0315,1.9952,2.0269
15/9/2008,2.0224,2.0251,1.994,2.0082
16/9/2008,2.0081,2.0086,1.9762,2.002
17/9/2008,2.0015,2.0148,1.9925,2.0044
18/9/2008,2.0043,2.0174,1.9914,2.0082
19/9/2008,2.0083,2.036,2.0063,2.0239
22/9/2008,2.0293,2.0301,1.9909,1.9926
23/9/2008,1.9926,2.0144,1.9917,2.012
24/9/2008,2.012,2.0237,2.0065,2.0158
25/9/2008,2.0157,2.0191,2,2.0038
26/9/2008,2.004,2.0119,1.9947,2.0105
29/9/2008,2.011,2.0134,1.9615,1.9707
30/9/2008,1.9706,2.0076,1.963,1.9981
1/10/2008,1.9982,2.0019,1.9806,1.9919
2/10/2008,1.9918,2.0093,1.9892,2.0032
3/10/2008,2.0033,2.0178,1.9934,1.9992
6/10/2008,1.9934,2.0134,1.9779,2.0022
7/10/2008,2.0023,2.0152,1.9808,1.9889
8/10/2008,1.9889,2.0032,1.941,1.9495
9/10/2008,1.9497,1.9678,1.9284,1.9306
10/10/2008,1.9303,1.9438,1.8864,1.9404
13/10/2008,1.9365,1.9806,1.9278,1.9725
14/10/2008,1.9719,1.994,1.9705,1.9782
15/10/2008,1.9782,1.9935,1.9541,1.9548
16/10/2008,1.9548,1.9854,1.9389,1.9689
17/10/2008,1.9691,1.974,1.9528,1.9641
20/10/2008,1.9657,1.9905,1.963,1.9718
21/10/2008,1.9717,1.9797,1.9211,1.923
22/10/2008,1.923,1.9279,1.8815,1.8923
23/10/2008,1.8921,1.9068,1.868,1.8808
24/10/2008,1.8809,1.8899,1.7594,1.8563
27/10/2008,1.8567,1.8568,1.7722,1.7974
28/10/2008,1.7971,1.845,1.7863,1.8436
29/10/2008,1.8435,1.8672,1.8338,1.851
30/10/2008,1.8507,1.8812,1.8458,1.8744
31/10/2008,1.874,1.8883,1.8538,1.8624
3/11/2008,1.8648,1.8971,1.8426,1.8589
4/11/2008,1.8589,1.8722,1.8348,1.8545
5/11/2008,1.8546,1.8799,1.8404,1.8423
6/11/2008,1.8423,1.8747,1.836,1.8413
7/11/2008,1.8409,1.8599,1.8271,1.8433
10/11/2008,1.8548,1.866,1.8376,1.8394
11/11/2008,1.8394,1.8526,1.8193,1.8271
12/11/2008,1.8271,1.8338,1.7562,1.7762
13/11/2008,1.7762,1.7815,1.7432,1.7617
14/11/2008,1.7617,1.7742,1.747,1.7614
17/11/2008,1.7574,1.804,1.7532,1.7973
18/11/2008,1.7973,1.8095,1.7908,1.7999
19/11/2008,1.7999,1.8285,1.7923,1.8152
20/11/2008,1.8148,1.8188,1.7975,1.8037
21/11/2008,1.8036,1.8403,1.7992,1.8263
24/11/2008,1.8271,1.8297,1.8085,1.8123
25/11/2008,1.8123,1.8395,1.8055,1.8314
26/11/2008,1.8317,1.8526,1.8219,1.8443
27/11/2008,1.8442,1.8552,1.8394,1.8489
28/11/2008,1.8489,1.8724,1.8429,1.8686
1/12/2008,1.8688,1.8697,1.7856,1.7954
2/12/2008,1.7954,1.815,1.7849,1.7988
3/12/2008,1.7995,1.8036,1.7768,1.7879
4/12/2008,1.7879,1.7898,1.7487,1.7549
5/12/2008,1.7548,1.802,1.752,1.7921
8/12/2008,1.7987,1.8196,1.7809,1.7951
9/12/2008,1.7947,1.7992,1.7761,1.778
10/12/2008,1.7782,1.7898,1.7656,1.772
11/12/2008,1.7722,1.7875,1.7679,1.78
12/12/2008,1.7799,1.7841,1.7484,1.7597
15/12/2008,1.7577,1.7831,1.7499,1.7749
16/12/2008,1.7744,1.7748,1.741,1.7506
17/12/2008,1.7509,1.7547,1.6635,1.6655
18/12/2008,1.6655,1.6698,1.6095,1.6268
19/12/2008,1.6271,1.6659,1.6222,1.6486
22/12/2008,1.6503,1.6531,1.6113,1.6222
23/12/2008,1.6222,1.6283,1.5948,1.6028
24/12/2008,1.6028,1.609,1.5774,1.581
25/12/2008,1.581,1.6257,1.5763,1.5883
26/12/2008,1.5861,1.5946,1.5607,1.5611
29/12/2008,1.5668,1.5669,1.5124,1.5285
30/12/2008,1.5288,1.5393,1.518,1.5274
31/12/2008,1.5273,1.5697,1.5235,1.5621
1/1/2009,1.561,1.564,1.5513,1.5587
2/1/2009,1.5587,1.5801,1.5366,1.5727
5/1/2009,1.5701,1.6338,1.5526,1.6304
6/1/2009,1.6304,1.6755,1.6199,1.6617
7/1/2009,1.6626,1.6762,1.6339,1.6628
8/1/2009,1.6628,1.6825,1.6519,1.6629
9/1/2009,1.6629,1.6948,1.6522,1.6891
12/1/2009,1.6872,1.689,1.6491,1.6522
13/1/2009,1.6522,1.6555,1.619,1.6222
14/1/2009,1.6222,1.6413,1.6169,1.6305
15/1/2009,1.6305,1.6493,1.6253,1.6469
16/1/2009,1.6469,1.6772,1.6335,1.6455
19/1/2009,1.6434,1.6641,1.6345,1.6362
20/1/2009,1.6362,1.6362,1.5861,1.5966
21/1/2009,1.5966,1.6158,1.5648,1.6092
22/1/2009,1.6092,1.6156,1.5825,1.5991
23/1/2009,1.5991,1.6043,1.5747,1.5921
26/1/2009,1.5833,1.6095,1.5731,1.5915
27/1/2009,1.5915,1.6162,1.5867,1.6145
28/1/2009,1.6145,1.6484,1.6128,1.6402
29/1/2009,1.6402,1.6518,1.6267,1.6495
30/1/2009,1.6495,1.6886,1.6381,1.6872
2/2/2009,1.6878,1.6913,1.635,1.6566
3/2/2009,1.6566,1.6589,1.6375,1.6521
4/2/2009,1.6521,1.6858,1.6414,1.6759
5/2/2009,1.6759,1.7144,1.6685,1.7099
6/2/2009,1.7099,1.7293,1.7088,1.7178
9/2/2009,1.7184,1.7358,1.7094,1.734
10/2/2009,1.7342,1.7484,1.675,1.6823
11/2/2009,1.6823,1.6857,1.654,1.6675
12/2/2009,1.6675,1.669,1.6458,1.6596
13/2/2009,1.6596,1.6952,1.657,1.664
16/2/2009,1.6659,1.6803,1.6514,1.6581
17/2/2009,1.6581,1.6796,1.6557,1.6651
18/2/2009,1.6651,1.683,1.6551,1.6744
19/2/2009,1.6744,1.6967,1.671,1.6776
20/2/2009,1.6776,1.7034,1.6555,1.6688
23/2/2009,1.6689,1.7042,1.6626,1.6931
24/2/2009,1.6931,1.7029,1.6743,1.6798
25/2/2009,1.6799,1.6914,1.6549,1.6613
26/2/2009,1.6613,1.6791,1.6562,1.6671
27/2/2009,1.6671,1.6764,1.6547,1.6741
2/3/2009,1.6759,1.6784,1.6373,1.6523
3/3/2009,1.6523,1.66,1.644,1.6521
4/3/2009,1.6521,1.6684,1.6509,1.6573
5/3/2009,1.6573,1.6686,1.6504,1.654
6/3/2009,1.654,1.6583,1.6235,1.6326
9/3/2009,1.6326,1.6393,1.5957,1.5957
10/3/2009,1.5957,1.605,1.5848,1.5959
11/3/2009,1.5959,1.6053,1.5908,1.5996
12/3/2009,1.5998,1.6566,1.5876,1.6517
13/3/2009,1.6518,1.674,1.648,1.6595
16/3/2009,1.6654,1.6836,1.6548,1.6665
17/3/2009,1.6665,1.6744,1.653,1.6594
18/3/2009,1.6598,1.6627,1.6126,1.6286
19/3/2009,1.6285,1.6386,1.6217,1.6299
20/3/2009,1.63,1.6354,1.618,1.6302
23/3/2009,1.6293,1.6488,1.6248,1.6392
24/3/2009,1.6392,1.6658,1.6358,1.6616
25/3/2009,1.6616,1.6637,1.6222,1.6317
26/3/2009,1.6317,1.6425,1.6263,1.6291
27/3/2009,1.6291,1.6442,1.6221,1.6381
30/3/2009,1.6366,1.6405,1.6231,1.6386
31/3/2009,1.6386,1.643,1.6246,1.632
1/4/2009,1.6319,1.6579,1.6297,1.6572
2/4/2009,1.6572,1.6797,1.6549,1.6697
3/4/2009,1.6697,1.6841,1.6663,1.6791
6/4/2009,1.6766,1.6886,1.6701,1.6784
7/4/2009,1.6784,1.6914,1.6651,1.683
8/4/2009,1.683,1.6903,1.6805,1.6877
9/4/2009,1.6877,1.6983,1.6779,1.6972
10/4/2009,1.6972,1.7011,1.692,1.6959
13/4/2009,1.695,1.6979,1.6793,1.6833
14/4/2009,1.6834,1.7061,1.681,1.6961
15/4/2009,1.6961,1.7198,1.6929,1.714
16/4/2009,1.714,1.719,1.7061,1.7113
17/4/2009,1.7112,1.7317,1.7089,1.7244
20/4/2009,1.7259,1.7287,1.6982,1.6993
21/4/2009,1.6993,1.7152,1.6937,1.7133
22/4/2009,1.7134,1.7151,1.6797,1.6863
23/4/2009,1.6862,1.7007,1.68,1.6937
24/4/2009,1.6937,1.6946,1.6624,1.6718
27/4/2009,1.6718,1.6971,1.6649,1.6932
28/4/2009,1.6933,1.6958,1.6711,1.6723
29/4/2009,1.673600,1.684100,1.670300,1.679000
30/4/2009,1.677300,1.692900,1.675100,1.686800
1/5/2009,1.686800,1.697700,1.679200,1.693000
4/5/2009,1.697300,1.699700,1.686700,1.690900
5/5/2009,1.692100,1.711000,1.689200,1.707100
6/5/2009,1.708200,1.714700,1.699400,1.711900
7/5/2009,1.713500,1.726400,1.691700,1.697000
8/5/2009,1.699100,1.703700,1.678700,1.684900
11/5/2009,1.681300,1.685800,1.664600,1.677100
12/5/2009,1.677900,1.693400,1.670500,1.688900
13/5/2009,1.688300,1.690100,1.669600,1.677400
14/5/2009,1.678200,1.683900,1.671600,1.680900
15/5/2009,1.680900,1.705200,1.678200,1.701800
18/5/2009,1.703000,1.717000,1.698700,1.709900
19/5/2009,1.709800,1.728300,1.705200,1.716700
20/5/2009,1.717000,1.737000,1.709200,1.733500
21/5/2009,1.733500,1.739400,1.707500,1.732300
22/5/2009,1.731900,1.736400,1.719100,1.728900
25/5/2009,1.726600,1.728700,1.719100,1.723300
26/5/2009,1.724100,1.730600,1.721300,1.726800
27/5/2009,1.726900,1.748700,1.725400,1.741500
28/5/2009,1.743700,1.746100,1.723200,1.729200
29/5/2009,1.729000,1.738900,1.714400,1.728900
1/6/2009,1.728400,1.763100,1.727400,1.759700
2/6/2009,1.760700,1.761900,1.743100,1.760500
3/6/2009,1.692100,1.710900,1.689200,1.704300
4/6/2009,1.746300,1.755900,1.721200,1.729300
5/6/2009,1.726400,1.741500,1.711600,1.734000
8/6/2009,1.751100,1.752900,1.750600,1.751000
9/6/2009,1.751100,1.763600,1.749500,1.759400
10/6/2009,1.758400,1.770200,1.756400,1.768000
11/6/2009,1.768700,1.780000,1.764600,1.774700
12/6/2009,1.775400,1.781900,1.767100,1.775300
15/6/2009,1.773600,1.788700,1.769800,1.781500
16/6/2009,1.781500,1.788900,1.771900,1.785800
17/6/2009,1.784700,1.786300,1.766000,1.770300
18/6/2009,1.769700,1.778800,1.747200,1.774200
19/6/2009,1.774500,1.787000,1.771300,1.783800
22/6/2009,1.780100,1.793200,1.773600,1.775800
23/6/2009,1.773800,1.775100,1.747400,1.755400
24/6/2009,1.753100,1.811700,1.752200,1.801000
25/6/2009,1.803700,1.805300,1.781800,1.791700
26/6/2009,1.791100,1.800500,1.785400,1.788200
29/6/2009,1.790200,1.801400,1.788000,1.793800
30/6/2009,1.787600,1.789300,1.782500,1.786100
1/7/2009,1.787600,1.789300,1.768700,1.771300
3/7/2009,1.777200,1.781500,1.770200,1.774400
7/7/2009,1.765400,1.767200,1.752300,1.758100
8/7/2009,1.757100,1.760000,1.746900,1.750800
9/7/2009,1.761800,1.763100,1.758600,1.760300
10/7/2009,1.761800,1.775100,1.754000,1.761900
13/7/2009,1.757800,1.759000,1.739200,1.757300
14/7/2009,1.759500,1.778300,1.758700,1.776300
15/7/2009,1.777300,1.778600,1.761700,1.764700
16/7/2009,1.766200,1.770100,1.760100,1.763800
20/7/2009,1.760600,1.770600,1.757300,1.766800
21/7/2009,1.766600,1.767000,1.748900,1.755200
22/7/2009,1.754200,1.756700,1.744900,1.756100
23/7/2009,1.755900,1.774000,1.752900,1.770800
27/7/2009,1.760800,1.770200,1.754900,1.764600
28/7/2009,1.764000,1.773100,1.760500,1.766800
29/7/2009,1.765200,1.786600,1.759400,1.780900
30/7/2009,1.781200,1.802900,1.778300,1.795000
31/7/2009,1.795300,1.802200,1.780300,1.785400
4/8/2009,1.794200,1.803700,1.791500,1.795300
5/8/2009,1.795700,1.809100,1.793200,1.803700
8/9/2009,1.730500,1.737800,1.724600,1.726600
11/9/2009,1.729800,1.735900,1.728900,1.730000
14/9/2009,1.728600,1.729400,1.713200,1.714600
1/10/2009,1.656500,1.670700,1.652500,1.660700
7/10/2009,1.634900,1.651100,1.631300,1.648900
9/10/2009,1.649600,1.653600,1.632900,1.633800
13/10/2009,1.622700,1.629200,1.611800,1.626000
16/10/2009,1.653800,1.668900,1.653200,1.665500
2/11/2009,1.685300,1.686100,1.667300,1.676000
5/11/2009,1.681000,1.692100,1.677600,1.685800
10/11/2009,1.691700,1.691700,1.676200,1.687200
11/11/2009,1.685800,1.688900,1.668600,1.670800
24/11/2009,1.677200,1.678600,1.668700,1.673400
25/11/2009,1.674400,1.681200,1.663500,1.664800
26/11/2009,1.665600,1.671000,1.652300,1.656400
2/12/2009,1.659500,1.670000,1.655700,1.666900
3/12/2009,1.666000,1.668400,1.653200,1.656100
4/12/2009,1.655100,1.678000,1.652900,1.673200
8/12/2009,1.677500,1.677500,1.661800,1.672800
9/12/2009,1.670400,1.678400,1.661200,1.669700
11/12/2009,1.671000,1.683700,1.667900,1.682300
18/12/2009,1.691400,1.700500,1.678900,1.684600
22/12/2009,1.677700,1.683300,1.671200,1.675000
1/1/2010,1.666700,1.675700,1.659900,1.673800
11/1/2010,1.641400,1.646200,1.631500,1.637000
19/1/2010,1.674600,1.694000,1.674600,1.689500
20/1/2010,1.690500,1.703100,1.689200,1.701100
2/2/2010,0.000000,0.000000,0.000000,0.000000
4/2/2010,1.684100,1.686700,1.678000,1.680900
15/2/2010,1.685700,1.691200,1.684900,1.688600
16/2/2010,1.688700,1.689600,1.680100,1.680600
22/2/2010,1.663400,1.671300,1.661800,1.666400
24/2/2010,1.672300,1.672800,1.660900,1.665900
25/2/2010,1.666600,1.668900,1.646100,1.649000
1/3/2010,1.629200,1.631200,1.599600,1.617700
5/3/2010,1.619300,1.629400,1.616800,1.625900
11/3/2010,1.602700,1.612000,1.601600,1.609800
18/3/2010,1.614800,1.622300,1.608000,1.613600
25/3/2010,1.596900,1.605700,1.589200,1.591000
21/4/2010,1.642000,1.650000,1.640000,1.648700
7/5/2010,1.653100,1.666100,1.609700,1.642000
10/5/2010,1.629300,1.663900,1.629300,1.649400
12/5/2010,1.659500,1.669400,1.642500,1.647600
