30/4/2007,2.6931,2.7056,2.6884,2.7002
1/5/2007,2.6992,2.7065,2.6921,2.6984
2/5/2007,2.6975,2.7084,2.6918,2.6979
3/5/2007,2.6968,2.7076,2.6939,2.7
4/5/2007,2.7006,2.7143,2.6985,2.7051
7/5/2007,2.701,2.7144,2.6984,2.7041
8/5/2007,2.7032,2.7085,2.6959,2.697
9/5/2007,2.6961,2.7211,2.6932,2.7144
10/5/2007,2.7134,2.7226,2.7014,2.7226
11/5/2007,2.724,2.7266,2.6973,2.6997
14/5/2007,2.6968,2.7048,2.6758,2.6845
15/5/2007,2.6853,2.6948,2.6782,2.6883
16/5/2007,2.6875,2.7049,2.6845,2.6973
17/5/2007,2.6965,2.7112,2.6928,2.7024
18/5/2007,2.7015,2.7164,2.7005,2.7029
21/5/2007,2.7021,2.7062,2.696,2.6998
22/5/2007,2.6986,2.7205,2.6972,2.7174
23/5/2007,2.7167,2.7239,2.7134,2.7224
24/5/2007,2.7217,2.743,2.7204,2.7384
25/5/2007,2.7377,2.7415,2.7271,2.7328
28/5/2007,2.733,2.7355,2.7266,2.7273
29/5/2007,2.7263,2.7343,2.7169,2.724
30/5/2007,2.723,2.7285,2.7007,2.7062
31/5/2007,2.7055,2.7115,2.682,2.6868
1/6/2007,2.6861,2.6908,2.6568,2.6608
4/6/2007,2.6638,2.6717,2.6564,2.6643
5/6/2007,2.6632,2.6681,2.6427,2.6599
6/6/2007,2.6591,2.6606,2.6404,2.6513
7/6/2007,2.6501,2.6536,2.6164,2.6358
8/6/2007,2.6351,2.6431,2.5756,2.5797
11/6/2007,2.5932,2.6342,2.5774,2.6179
12/6/2007,2.6172,2.6379,2.6157,2.6369
13/6/2007,2.6359,2.6405,2.6217,2.6248
14/6/2007,2.6241,2.64,2.6152,2.6247
15/6/2007,2.6237,2.6278,2.6155,2.6174
18/6/2007,2.6157,2.6347,2.6149,2.6312
19/6/2007,2.6302,2.634,2.618,2.6226
20/6/2007,2.6214,2.6268,2.61,2.6228
21/6/2007,2.6216,2.6271,2.6008,2.6098
22/6/2007,2.6086,2.6289,2.602,2.617
25/6/2007,2.6169,2.6217,2.6016,2.6097
26/6/2007,2.6085,2.6149,2.5991,2.6096
27/6/2007,2.6106,2.6391,2.6034,2.6276
28/6/2007,2.627,2.6293,2.5944,2.6027
29/6/2007,2.6015,2.6103,2.5874,2.5995
2/7/2007,2.598,2.6073,2.5725,2.5797
3/7/2007,2.5786,2.5882,2.5707,2.5818
4/7/2007,2.5807,2.5843,2.5746,2.5793
5/7/2007,2.5786,2.5819,2.5603,2.5732
6/7/2007,2.572,2.5782,2.5557,2.5704
9/7/2007,2.5686,2.5863,2.5647,2.5805
10/7/2007,2.5795,2.6066,2.5789,2.606
11/7/2007,2.6048,2.6259,2.5956,2.5977
12/7/2007,2.5967,2.6075,2.5877,2.5884
13/7/2007,2.5873,2.5958,2.5747,2.584
16/7/2007,2.5802,2.5916,2.5669,2.5671
17/7/2007,2.5682,2.5942,2.5638,2.5909
18/7/2007,2.5897,2.5966,2.5838,2.5877
19/7/2007,2.5866,2.5954,2.581,2.584
20/7/2007,2.583,2.5893,2.5726,2.579
23/7/2007,2.5766,2.587,2.5526,2.5558
24/7/2007,2.5569,2.5651,2.5457,2.5591
25/7/2007,2.5582,2.5739,2.5444,2.5552
26/7/2007,2.5576,2.6225,2.5547,2.6198
27/7/2007,2.6188,2.655,2.5995,2.6445
30/7/2007,2.585,2.6801,2.585,2.6364
31/7/2007,2.6374,2.6682,2.6254,2.6645
1/8/2007,2.6653,2.683,2.6503,2.6521
2/8/2007,2.6532,2.6695,2.6401,2.6491
3/8/2007,2.6479,2.6865,2.6447,2.6841
6/8/2007,2.6473,2.7006,2.6473,2.6533
7/8/2007,2.652,2.6787,2.6506,2.6553
8/8/2007,2.6542,2.6628,2.6463,2.6518
9/8/2007,2.6508,2.6954,2.6443,2.69
10/8/2007,2.6881,2.7266,2.6881,2.7145
13/8/2007,2.6892,2.7304,2.6892,2.722
14/8/2007,2.7211,2.7552,2.7194,2.7489
15/8/2007,2.7498,2.8014,2.7471,2.8006
16/8/2007,2.7999,2.9467,2.7994,2.8809
17/8/2007,2.8798,2.9638,2.8411,2.8411
20/8/2007,2.8921,2.8988,2.8002,2.8448
21/8/2007,2.8461,2.8693,2.8259,2.8455
22/8/2007,2.8468,2.8769,2.8325,2.8437
23/8/2007,2.845,2.845,2.7924,2.8055
24/8/2007,2.8068,2.8217,2.7887,2.7919
27/8/2007,2.8179,2.8179,2.7735,2.8091
28/8/2007,2.8102,2.8713,2.8047,2.8693
29/8/2007,2.8707,2.9063,2.8426,2.8465
30/8/2007,2.8476,2.8837,2.8387,2.8644
31/8/2007,2.8629,2.8855,2.839,2.8747
3/9/2007,2.8662,2.8859,2.8662,2.8662
4/9/2007,2.8681,2.9015,2.8628,2.8891
5/9/2007,2.8902,2.9489,2.8877,2.9412
6/9/2007,2.9426,2.9541,2.918,2.9216
7/9/2007,2.9208,2.9514,2.9145,2.9355
10/9/2007,2.9573,2.9719,2.9009,2.9102
11/9/2007,2.9126,2.9268,2.8736,2.8772
12/9/2007,2.8762,2.8857,2.8361,2.8499
13/9/2007,2.848,2.8689,2.824,2.8444
14/9/2007,2.8457,2.8578,2.8107,2.8154
17/9/2007,2.8189,2.8363,2.7982,2.8223
18/9/2007,2.8213,2.8389,2.768,2.7701
19/9/2007,2.7689,2.7837,2.7153,2.7199
20/9/2007,2.7212,2.7335,2.6992,2.7226
21/9/2007,2.7239,2.7272,2.6935,2.7149
24/9/2007,2.7128,2.7311,2.6994,2.7079
25/9/2007,2.7069,2.7528,2.7058,2.7167
26/9/2007,2.7178,2.7248,2.7022,2.7055
27/9/2007,2.7073,2.7095,2.6885,2.7028
28/9/2007,2.7038,2.7094,2.6681,2.7011
1/10/2007,2.7029,2.7089,2.6633,2.6657
2/10/2007,2.6669,2.6984,2.6631,2.695
3/10/2007,2.6958,2.7048,2.6728,2.6923
4/10/2007,2.6933,2.7096,2.6887,2.701
5/10/2007,2.7,2.7029,2.6736,2.6836
8/10/2007,2.6843,2.6862,2.6555,2.6728
9/10/2007,2.6718,2.6783,2.6617,2.6628
10/10/2007,2.6637,2.6882,2.6599,2.6757
11/10/2007,2.675,2.6821,2.6245,2.6408
12/10/2007,2.6418,2.6465,2.6196,2.6214
15/10/2007,2.617,2.6895,2.6132,2.6825
16/10/2007,2.6835,2.75,2.6696,2.7243
17/10/2007,2.7258,2.7403,2.7017,2.7121
18/10/2007,2.7109,2.7419,2.7035,2.7102
19/10/2007,2.7119,2.7487,2.6963,2.7446
22/10/2007,2.7452,2.777,2.7189,2.7231
23/10/2007,2.7241,2.7308,2.7022,2.7091
24/10/2007,2.71,2.7354,2.6974,2.716
25/10/2007,2.7172,2.7223,2.6891,2.6927
26/10/2007,2.6936,2.6964,2.6703,2.6784
29/10/2007,2.6682,2.6878,2.6583,2.683
30/10/2007,2.684,2.7081,2.6718,2.7042
31/10/2007,2.7049,2.7131,2.6875,2.6897
1/11/2007,2.6905,2.746,2.6882,2.7435
2/11/2007,2.7445,2.7456,2.7147,2.7299
5/11/2007,2.726,2.7395,2.6996,2.7033
6/11/2007,2.7012,2.7045,2.674,2.6767
7/11/2007,2.6775,2.7137,2.6562,2.7136
8/11/2007,2.7122,2.7422,2.6992,2.7161
9/11/2007,2.7151,2.7454,2.7004,2.7357
12/11/2007,2.7131,2.7788,2.7131,2.7604
13/11/2007,2.7592,2.7604,2.7169,2.7274
14/11/2007,2.7251,2.7498,2.6748,2.6905
15/11/2007,2.6894,2.7157,2.6837,2.7142
16/11/2007,2.7151,2.7189,2.6821,2.7123
19/11/2007,2.7053,2.722,2.6915,2.7197
20/11/2007,2.7206,2.7327,2.697,2.7001
21/11/2007,2.701,2.7592,2.6951,2.747
22/11/2007,2.7481,2.7545,2.726,2.7456
23/11/2007,2.7448,2.7596,2.7119,2.7184
26/11/2007,2.7034,2.7657,2.7015,2.7589
27/11/2007,2.758,2.7627,2.7172,2.7263
28/11/2007,2.7252,2.7271,2.6734,2.6866
29/11/2007,2.6852,2.7022,2.6672,2.6738
30/11/2007,2.6729,2.7072,2.6656,2.6905
3/12/2007,2.6851,2.7108,2.6814,2.705
4/12/2007,2.7049,2.7143,2.691,2.6985
5/12/2007,2.6984,2.7119,2.6267,2.633
6/12/2007,2.633,2.6391,2.604,2.6082
7/12/2007,2.6082,2.624,2.5962,2.6136
10/12/2007,2.6159,2.6349,2.6136,2.6187
11/12/2007,2.6187,2.636,2.5991,2.6317
12/12/2007,2.6317,2.639,2.5837,2.6042
13/12/2007,2.6042,2.6201,2.5946,2.616
14/12/2007,2.616,2.6385,2.598,2.6371
17/12/2007,2.6324,2.6823,2.6201,2.6771
18/12/2007,2.6771,2.6873,2.6585,2.667
19/12/2007,2.667,2.6757,2.6363,2.6437
20/12/2007,2.6437,2.6509,2.6058,2.6119
21/12/2007,2.6119,2.6128,2.5839,2.5981
24/12/2007,2.5905,2.602,2.5758,2.5791
25/12/2007,2.5791,2.592,2.5714,2.5836
26/12/2007,2.5836,2.5914,2.576,2.587
27/12/2007,2.587,2.6004,2.5789,2.5896
28/12/2007,2.5896,2.5962,2.5726,2.5775
31/12/2007,2.5773,2.6052,2.5635,2.5914
1/1/2008,2.5914,2.6159,2.5756,2.5869
2/1/2008,2.5869,2.6091,2.553,2.555
3/1/2008,2.555,2.5649,2.5326,2.5581
4/1/2008,2.5581,2.5776,2.5501,2.5766
7/1/2008,2.5713,2.5867,2.5487,2.5633
8/1/2008,2.5633,2.5757,2.5507,2.5668
9/1/2008,2.5668,2.5737,2.532,2.5345
10/1/2008,2.5345,2.5376,2.4883,2.4985
11/1/2008,2.4985,2.5089,2.4826,2.5
14/1/2008,2.4964,2.5117,2.4717,2.4733
15/1/2008,2.4733,2.5282,2.465,2.5255
16/1/2008,2.5255,2.5658,2.5083,2.5439
17/1/2008,2.5439,2.5773,2.5327,2.5734
18/1/2008,2.5734,2.604,2.5488,2.5727
21/1/2008,2.5737,2.6137,2.5661,2.6063
22/1/2008,2.6063,2.6223,2.5559,2.5667
23/1/2008,2.5667,2.5842,2.5431,2.5511
24/1/2008,2.5511,2.5696,2.5411,2.5537
25/1/2008,2.5537,2.5835,2.542,2.5826
28/1/2008,2.5812,2.5877,2.5509,2.5527
29/1/2008,2.5527,2.5612,2.5404,2.5559
30/1/2008,2.556,2.5644,2.5198,2.5319
31/1/2008,2.5319,2.5593,2.5179,2.5233
1/2/2008,2.5233,2.5373,2.4705,2.472
4/2/2008,2.4729,2.4963,2.4714,2.4867
5/2/2008,2.4867,2.5227,2.4761,2.5144
6/2/2008,2.5144,2.5225,2.484,2.4893
7/2/2008,2.4893,2.5029,2.4493,2.4624
8/2/2008,2.4624,2.486,2.4532,2.4679
11/2/2008,2.4677,2.4799,2.4572,2.4727
12/2/2008,2.4727,2.4857,2.4568,2.4788
13/2/2008,2.4787,2.5141,2.469,2.5044
14/2/2008,2.5044,2.5105,2.487,2.4996
15/2/2008,2.4996,2.5165,2.4778,2.4819
18/2/2008,2.4845,2.4878,2.4518,2.4555
19/2/2008,2.4555,2.457,2.432,2.4443
20/2/2008,2.4443,2.4613,2.4311,2.4341
21/2/2008,2.4341,2.4564,2.4213,2.4524
22/2/2008,2.4524,2.4613,2.4284,2.4319
25/2/2008,2.4319,2.4491,2.4215,2.4238
26/2/2008,2.4238,2.4406,2.4075,2.4316
27/2/2008,2.4316,2.4481,2.4217,2.4278
28/2/2008,2.4278,2.4472,2.4199,2.4394
29/2/2008,2.4394,2.491,2.43,2.4904
3/3/2008,2.4889,2.5061,2.4545,2.4589
4/3/2008,2.4589,2.4942,2.4494,2.4796
5/3/2008,2.4794,2.5012,2.4753,2.4823
6/3/2008,2.4823,2.4824,2.47,2.5217
7/3/2008,2.5217,2.5508,2.5132,2.5364
10/3/2008,2.5413,2.5578,2.5335,2.5483
11/3/2008,2.5483,2.5532,2.4928,2.4965
12/3/2008,2.4965,2.5215,2.4863,2.5144
13/3/2008,2.5141,2.5342,2.4787,2.4848
14/3/2008,2.4848,2.5036,2.471,2.4823
17/3/2008,2.4827,2.5263,2.4549,2.495
18/3/2008,2.4946,2.5099,2.4756,2.4865
19/3/2008,2.4865,2.4888,2.4484,2.4803
20/3/2008,2.4803,2.5205,2.4613,2.5084
21/3/2008,2.5084,2.5173,2.4938,2.5028
24/3/2008,2.5048,2.511,2.4836,2.4894
25/3/2008,2.4889,2.4914,2.4746,2.4864
26/3/2008,2.4864,2.5078,2.4631,2.4974
27/3/2008,2.4974,2.5149,2.4887,2.4986
28/3/2008,2.4986,2.508,2.4739,2.5013
31/3/2008,2.5016,2.5328,2.5016,2.524
1/4/2008,2.524,2.543,2.5083,2.5111
2/4/2008,2.5111,2.5235,2.5012,2.5159
3/4/2008,2.5159,2.5462,2.5053,2.5424
4/4/2008,2.5424,2.5558,2.5239,2.5252
7/4/2008,2.5268,2.531,2.4857,2.4985
8/4/2008,2.4985,2.507,2.4615,2.4637
9/4/2008,2.4637,2.4851,2.4585,2.4781
10/4/2008,2.4781,2.4838,2.4601,2.4673
11/4/2008,2.4673,2.4864,2.4649,2.4826
14/4/2008,2.5052,2.5201,2.4787,2.4984
15/4/2008,2.4984,2.5132,2.4808,2.4956
16/4/2008,2.4956,2.5177,2.4893,2.4897
17/4/2008,2.4897,2.5327,2.4866,2.5177
18/4/2008,2.5177,2.543,2.5047,2.5295
21/4/2008,2.5299,2.5346,2.4904,2.4943
22/4/2008,2.4945,2.5074,2.4877,2.5023
23/4/2008,2.5023,2.5073,2.4735,2.4796
24/4/2008,2.4796,2.5076,2.4776,2.5041
25/4/2008,2.5041,2.5462,2.5028,2.5399
28/4/2008,2.5386,2.5413,2.5151,2.5334
29/4/2008,2.5334,2.5591,2.5333,2.5389
30/4/2008,2.5391,2.5467,2.5171,2.54
1/5/2008,2.5403,2.5559,2.5342,2.5399
2/5/2008,2.5398,2.5528,2.5195,2.5283
5/5/2008,2.5249,2.5329,2.5015,2.5097
6/5/2008,2.5099,2.5159,2.4891,2.4936
7/5/2008,2.494,2.5077,2.4859,2.5001
8/5/2008,2.5004,2.5429,2.4963,2.5328
9/5/2008,2.5329,2.5452,2.5195,2.539
12/5/2008,2.5427,2.5576,2.533,2.5373
13/5/2008,2.5376,2.5471,2.5309,2.5454
14/5/2008,2.5456,2.5584,2.5426,2.5574
15/5/2008,2.5578,2.583,2.5449,2.5486
16/5/2008,2.5486,2.5567,2.5248,2.5279
19/5/2008,2.5284,2.5397,2.5135,2.5245
20/5/2008,2.5244,2.5435,2.52,2.5428
21/5/2008,2.5432,2.5469,2.5148,2.5391
22/5/2008,2.5398,2.5425,2.4988,2.531
23/5/2008,2.5312,2.5314,2.5074,2.5229
26/5/2008,2.5174,2.5288,2.5119,2.5186
27/5/2008,2.5186,2.522,2.4982,2.503
28/5/2008,2.5036,2.5282,2.4996,2.5206
29/5/2008,2.5207,2.5416,2.51,2.5364
30/5/2008,2.5362,2.5369,2.516,2.5315
2/6/2008,2.5247,2.5332,2.496,2.5057
3/6/2008,2.5059,2.5156,2.4925,2.5126
4/6/2008,2.5126,2.5214,2.4933,2.5078
5/6/2008,2.5078,2.5622,2.5065,2.5498
6/6/2008,2.5496,2.5737,2.5449,2.5676
9/6/2008,2.5672,2.6052,2.5585,2.6027
10/6/2008,2.6028,2.6113,2.5845,2.5959
11/6/2008,2.596,2.6076,2.5771,2.5988
12/6/2008,2.5987,2.603,2.5879,2.5964
13/6/2008,2.5966,2.6102,2.5832,2.5987
16/6/2008,2.5998,2.6184,2.5881,2.6058
17/6/2008,2.6059,2.6102,2.5804,2.5905
18/6/2008,2.5906,2.5947,2.5785,2.5816
19/6/2008,2.581,2.6028,2.5803,2.5858
20/6/2008,2.5857,2.5995,2.5836,2.5965
23/6/2008,2.5951,2.5977,2.5811,2.5935
24/6/2008,2.5935,2.6033,2.592,2.5999
25/6/2008,2.5999,2.6121,2.5935,2.5981
26/6/2008,2.5981,2.6355,2.5972,2.6345
27/6/2008,2.6348,2.6378,2.6087,2.6219
30/6/2008,2.6213,2.6227,2.6029,2.6139
1/7/2008,2.6141,2.6392,2.6131,2.6326
2/7/2008,2.633,2.6366,2.6157,2.6225
3/7/2008,2.6225,2.6252,2.6128,2.621
4/7/2008,2.6214,2.6299,2.6073,2.6108
7/7/2008,2.6111,2.627,2.607,2.6188
8/7/2008,2.619,2.6351,2.6124,2.613
9/7/2008,2.6126,2.6207,2.5988,2.6155
10/7/2008,2.6156,2.6262,2.5993,2.6068
11/7/2008,2.6073,2.6162,2.5953,2.6121
14/7/2008,2.6192,2.6263,2.6033,2.6102
15/7/2008,2.6104,2.6152,2.5882,2.5964
16/7/2008,2.5963,2.6028,2.5868,2.5897
17/7/2008,2.5901,2.6307,2.5881,2.6252
18/7/2008,2.625,2.6268,2.6056,2.6262
21/7/2008,2.6055,2.6325,2.6036,2.6301
22/7/2008,2.6302,2.6337,2.6198,2.6225
23/7/2008,2.6226,2.6696,2.6061,2.666
24/7/2008,2.6659,2.6957,2.6659,2.6747
25/7/2008,2.6743,2.6859,2.6666,2.6854
28/7/2008,2.68,2.6867,2.6661,2.6775
29/7/2008,2.6774,2.6988,2.6703,2.6734
30/7/2008,2.6735,2.7051,2.6729,2.6991
31/7/2008,2.6993,2.7114,2.6921,2.7018
1/8/2008,2.702,2.7321,2.701,2.7155
4/8/2008,2.718,2.7206,2.6824,2.6897
5/8/2008,2.69,2.708,2.6881,2.6893
6/8/2008,2.6893,2.718,2.6882,2.7138
7/8/2008,2.714,2.7247,2.6992,2.7212
8/8/2008,2.7213,2.763,2.7171,2.7278
11/8/2008,2.7307,2.7481,2.7145,2.7322
12/8/2008,2.7324,2.7431,2.7123,2.7257
13/8/2008,2.7255,2.7763,2.6523,2.6589
14/8/2008,2.6594,2.6783,2.6527,2.6707
15/8/2008,2.6708,2.6823,2.6332,2.6426
18/8/2008,2.6427,2.653,2.6066,2.6266
19/8/2008,2.6266,2.6406,2.6094,2.6177
20/8/2008,2.6178,2.6214,2.6071,2.6112
21/8/2008,2.6115,2.6261,2.6032,2.6059
22/8/2008,2.606,2.6166,2.5996,2.6146
25/8/2008,2.6142,2.6336,2.6024,2.6335
26/8/2008,2.6334,2.6716,2.6271,2.638
27/8/2008,2.638,2.6465,2.613,2.6153
28/8/2008,2.6156,2.6182,2.5933,2.6067
29/8/2008,2.6069,2.6077,2.5897,2.5998
1/9/2008,2.598,2.6008,2.5785,2.5874
2/9/2008,2.5875,2.6237,2.5745,2.5969
3/9/2008,2.597,2.6375,2.5796,2.593
4/9/2008,2.5931,2.6327,2.5866,2.6285
5/9/2008,2.6287,2.6688,2.6253,2.6419
8/9/2008,2.6406,2.6488,2.6009,2.618
9/9/2008,2.6179,2.6506,2.5995,2.6353
10/9/2008,2.6345,2.6502,2.618,2.6438
11/9/2008,2.6438,2.7182,2.6438,2.6803
12/9/2008,2.6805,2.7093,2.6748,2.6858
15/9/2008,2.6848,2.7342,2.6837,2.7314
16/9/2008,2.7303,2.7664,2.6888,2.7
17/9/2008,2.7002,2.7537,2.6776,2.7496
18/9/2008,2.7498,2.7659,2.6848,2.687
19/9/2008,2.6865,2.6996,2.6441,2.659
22/9/2008,2.6546,2.6958,2.6503,2.6919
23/9/2008,2.6922,2.7271,2.6817,2.7194
24/9/2008,2.7193,2.7321,2.6936,2.703
25/9/2008,2.703,2.7146,2.6812,2.6932
26/9/2008,2.6936,2.7067,2.6716,2.689
29/9/2008,2.6877,2.6999,2.6546,2.6908
30/9/2008,2.6909,2.7101,2.6496,2.6584
1/10/2008,2.6587,2.6734,2.6204,2.6394
2/10/2008,2.6395,2.6874,2.6241,2.6855
3/10/2008,2.6856,2.7019,2.649,2.6772
6/10/2008,2.6697,2.8151,2.6696,2.7439
7/10/2008,2.7443,2.8328,2.7269,2.7979
8/10/2008,2.7983,3.0136,2.7789,2.8804
9/10/2008,2.8796,2.9094,2.7705,2.8151
10/10/2008,2.8153,2.8895,2.8101,2.8663
13/10/2008,2.8521,2.8975,2.7867,2.805
14/10/2008,2.8051,2.8369,2.765,2.8151
15/10/2008,2.8154,2.8915,2.7976,2.8796
16/10/2008,2.8797,2.902,2.7919,2.8031
17/10/2008,2.803,2.8499,2.7841,2.821
20/10/2008,2.8133,2.8555,2.7337,2.7513
21/10/2008,2.7517,2.8004,2.7345,2.7604
22/10/2008,2.7601,2.7921,2.7028,2.7487
23/10/2008,2.7486,2.7854,2.7014,2.7274
24/10/2008,2.7273,2.8694,2.7147,2.8572
27/10/2008,2.8601,2.9016,2.8057,2.8722
28/10/2008,2.8727,2.8791,2.7895,2.8181
29/10/2008,2.8192,2.8272,2.7604,2.7963
30/10/2008,2.797,2.8341,2.753,2.7798
31/10/2008,2.78,2.8137,2.7471,2.759
3/11/2008,2.7569,2.7737,2.6506,2.6747
4/11/2008,2.6747,2.688,2.6096,2.6334
5/11/2008,2.6334,2.6734,2.6144,2.6708
6/11/2008,2.6708,2.6816,2.6143,2.6656
7/11/2008,2.6656,2.6995,2.638,2.6455
10/11/2008,2.6576,2.7068,2.6091,2.6889
11/11/2008,2.6889,2.7094,2.6576,2.6878
12/11/2008,2.6878,2.6982,2.6404,2.6661
13/11/2008,2.6661,2.6962,2.575,2.5966
14/11/2008,2.5966,2.6724,2.576,2.6605
17/11/2008,2.6549,2.7301,2.6435,2.7219
18/11/2008,2.7219,2.7462,2.6994,2.7064
19/11/2008,2.7064,2.766,2.7037,2.7612
20/11/2008,2.7612,2.8404,2.7416,2.8206
21/11/2008,2.8205,2.8534,2.7678,2.7796
24/11/2008,2.7797,2.8222,2.7556,2.7643
25/11/2008,2.7643,2.8596,2.7467,2.8241
26/11/2008,2.8239,2.8277,2.7547,2.7731
27/11/2008,2.7731,2.8143,2.7691,2.7956
28/11/2008,2.7956,2.8134,2.7768,2.7992
1/12/2008,2.8031,2.8554,2.762,2.8078
2/12/2008,2.8078,2.8397,2.7691,2.8054
3/12/2008,2.8059,2.8262,2.762,2.776
4/12/2008,2.776,2.7878,2.7073,2.7549
5/12/2008,2.7549,2.797,2.7444,2.7541
8/12/2008,2.7586,2.7727,2.716,2.7244
9/12/2008,2.7244,2.7594,2.7132,2.7196
10/12/2008,2.7198,2.7384,2.6893,2.7183
11/12/2008,2.7179,2.7382,2.6853,2.7246
12/12/2008,2.7246,2.7594,2.7148,2.7295
15/12/2008,2.7365,2.7727,2.7021,2.7599
16/12/2008,2.7599,2.7698,2.6733,2.6937
17/12/2008,2.6936,2.7012,2.6091,2.622
18/12/2008,2.622,2.6333,2.5198,2.5736
19/12/2008,2.5736,2.6194,2.5445,2.5958
22/12/2008,2.591,2.6061,2.5515,2.5896
23/12/2008,2.5896,2.6062,2.5783,2.5966
24/12/2008,2.5966,2.6105,2.5454,2.5601
25/12/2008,2.5601,2.6366,2.5563,2.5674
26/12/2008,2.5674,2.5792,2.5236,2.536
29/12/2008,2.5385,2.5691,2.4922,2.499
30/12/2008,2.499,2.522,2.486,2.4919
31/12/2008,2.4919,2.5541,2.4557,2.5229
1/1/2009,2.5229,2.5649,2.508,2.5222
2/1/2009,2.5222,2.5428,2.4642,2.4819
5/1/2009,2.4634,2.5053,2.4484,2.4925
6/1/2009,2.4925,2.5205,2.4527,2.4918
7/1/2009,2.4918,2.564,2.4793,2.5515
8/1/2009,2.5515,2.603,2.5504,2.5526
9/1/2009,2.5526,2.5928,2.5502,2.5628
12/1/2009,2.5545,2.5885,2.5509,2.575
13/1/2009,2.575,2.654,2.5748,2.6201
14/1/2009,2.6201,2.7061,2.6106,2.6928
15/1/2009,2.6928,2.7673,2.6782,2.7238
16/1/2009,2.7233,2.7431,2.6834,2.6949
19/1/2009,2.6947,2.708,2.649,2.6872
20/1/2009,2.6872,2.6903,2.6118,2.6692
21/1/2009,2.6692,2.6836,2.6105,2.6248
22/1/2009,2.6248,2.6504,2.5995,2.6353
23/1/2009,2.6353,2.6434,2.5786,2.6098
26/1/2009,2.5876,2.6626,2.5648,2.657
27/1/2009,2.657,2.6869,2.637,2.6732
28/1/2009,2.6732,2.7343,2.6641,2.7173
29/1/2009,2.7173,2.7948,2.7096,2.7819
30/1/2009,2.7819,2.8605,2.772,2.8577
2/2/2009,2.8561,2.8659,2.8127,2.8299
3/2/2009,2.8299,2.8409,2.7849,2.814
4/2/2009,2.814,2.8617,2.8034,2.8501
5/2/2009,2.8501,2.8718,2.8163,2.8264
6/2/2009,2.8264,2.8612,2.7637,2.7819
9/2/2009,2.7823,2.8312,2.738,2.7637
10/2/2009,2.763,2.796,2.728,2.7787
11/2/2009,2.7787,2.7879,2.7249,2.7377
12/2/2009,2.7377,2.7568,2.7103,2.7467
13/2/2009,2.7467,2.7688,2.727,2.7458
16/2/2009,2.7402,2.7697,2.7187,2.7641
17/2/2009,2.7635,2.8126,2.7429,2.8065
18/2/2009,2.8065,2.8123,2.7596,2.7916
19/2/2009,2.7917,2.8111,2.7771,2.8109
20/2/2009,2.8109,2.8365,2.7973,2.8218
23/2/2009,2.8216,2.8641,2.8065,2.8533
24/2/2009,2.8533,2.8651,2.8084,2.819
25/2/2009,2.819,2.8379,2.7768,2.7868
26/2/2009,2.7868,2.8194,2.7802,2.8165
27/2/2009,2.8165,2.8619,2.8114,2.8581
2/3/2009,2.8592,2.8968,2.832,2.8531
3/3/2009,2.8531,2.8544,2.8118,2.839
4/3/2009,2.839,2.8622,2.7878,2.8077
5/3/2009,2.8077,2.8414,2.8,2.8319
6/3/2009,2.8319,2.8458,2.7941,2.8046
9/3/2009,2.8033,2.8125,2.7709,2.7954
10/3/2009,2.7954,2.8019,2.7291,2.7337
11/3/2009,2.7337,2.7504,2.7016,2.7028
12/3/2009,2.7034,2.7221,2.6674,2.678
13/3/2009,2.678,2.6884,2.6549,2.6663
16/3/2009,2.7025,2.7025,2.6381,2.6538
17/3/2009,2.6538,2.6661,2.6299,2.6454
18/3/2009,2.6456,2.6625,2.6044,2.6215
19/3/2009,2.6215,2.6392,2.596,2.6201
20/3/2009,2.6204,2.6235,2.5684,2.5887
23/3/2009,2.5874,2.5932,2.5393,2.5493
24/3/2009,2.5493,2.6181,2.5458,2.6075
25/3/2009,2.6075,2.6342,2.5466,2.5699
26/3/2009,2.57,2.5739,2.4997,2.5114
27/3/2009,2.5121,2.5298,2.4922,2.5131
30/3/2009,2.507,2.5414,2.4997,2.5325
31/3/2009,2.5325,2.5662,2.4985,2.5606
1/4/2009,2.5606,2.5875,2.5375,2.5482
2/4/2009,2.5482,2.5672,2.524,2.549
3/4/2009,2.549,2.5637,2.4997,2.5329
6/4/2009,2.5307,2.5354,2.4956,2.5106
7/4/2009,2.5106,2.5684,2.5042,2.5581
8/4/2009,2.5583,2.574,2.5355,2.5382
9/4/2009,2.5382,2.5466,2.5112,2.5171
10/4/2009,2.5172,2.5211,2.5075,2.5151
13/4/2009,2.4924,2.5293,2.4924,2.5071
14/4/2009,2.5071,2.5615,2.5059,2.554
15/4/2009,2.554,2.6103,2.5531,2.5806
16/4/2009,2.5805,2.6343,2.5746,2.6047
17/4/2009,2.6047,2.6184,2.5793,2.6057
20/4/2009,2.6072,2.648,2.5828,2.6326
21/4/2009,2.6324,2.6355,2.5976,2.6021
22/4/2009,2.6021,2.6386,2.5878,2.61
23/4/2009,2.61,2.6307,2.5868,2.6205
24/4/2009,2.6205,2.6258,2.5545,2.5658
27/4/2009,2.5618,2.5993,2.5609,2.588
28/4/2009,2.5882,2.6348,2.5862,2.6184
29/4/2009,2.606400,2.608900,2.559800,2.577100
30/4/2009,2.610700,2.626900,2.591400,2.617700
1/5/2009,2.613600,2.628800,2.594200,2.608900
4/5/2009,2.605400,2.617400,2.586600,2.607000
5/5/2009,2.604800,2.617400,2.577300,2.600800
6/5/2009,2.599500,2.607700,2.574100,2.589400
7/5/2009,2.575500,2.579500,2.511000,2.539500
8/5/2009,2.531600,2.542000,2.509900,2.526000
