30/4/2007,88.79,88.83,88.02,88.51
1/5/2007,88.48,88.92,88.31,88.76
2/5/2007,88.73,88.81,88.24,88.61
3/5/2007,88.58,88.84,88.34,88.63
4/5/2007,88.59,88.71,88.15,88.51
7/5/2007,88.42,88.68,88.21,88.52
8/5/2007,88.49,88.73,88.15,88.53
9/5/2007,88.56,88.67,87.86,88.19
10/5/2007,88.16,88.49,87.15,87.2
11/5/2007,87.16,88.31,86.87,88.22
14/5/2007,88.29,89.06,88.09,88.72
15/5/2007,88.7,89.05,88.28,88.85
16/5/2007,88.82,88.94,88.35,88.56
17/5/2007,88.53,88.88,88.29,88.64
18/5/2007,88.67,88.67,87.75,88.49
21/5/2007,88.48,88.78,88.35,88.69
22/5/2007,88.67,88.75,88.24,88.32
23/5/2007,88.3,88.89,88.24,88.77
24/5/2007,88.74,88.78,87.86,87.99
25/5/2007,87.96,88.52,87.56,88.41
28/5/2007,88.35,88.53,88.26,88.52
29/5/2007,88.48,88.82,88.05,88.48
30/5/2007,88.45,88.86,88.22,88.81
31/5/2007,88.77,89.84,88.54,89.68
1/6/2007,89.65,91.07,89.59,90.96
4/6/2007,91,91.1,90.57,91.02
5/6/2007,90.97,91.77,90.71,90.98
6/6/2007,90.95,91.65,90.65,90.98
7/6/2007,91.06,92.09,90.66,90.79
8/6/2007,90.75,93.01,90.52,92.95
11/6/2007,93.11,93.11,90.89,91.56
12/6/2007,91.53,91.78,91.08,91.12
13/6/2007,91.1,92.26,90.92,92.25
14/6/2007,92.23,92.54,91.63,92.21
15/6/2007,92.17,93.26,92.13,93.2
18/6/2007,93.2,93.53,92.59,93.22
19/6/2007,93.2,93.69,93.13,93.54
20/6/2007,93.51,94.39,93.45,93.9
21/6/2007,93.87,94.71,93.61,94.47
22/6/2007,94.5,95.22,94.16,94.64
25/6/2007,94.64,95.18,94.29,94.66
26/6/2007,94.63,94.83,94.21,94.41
27/6/2007,94.39,94.58,92.64,93.47
28/6/2007,93.44,94.89,93.4,94.78
29/6/2007,94.75,95.54,94.64,95.17
2/7/2007,94.89,95.81,94.77,95.72
3/7/2007,95.68,96.01,95.26,95.61
4/7/2007,95.58,95.99,95.57,95.91
5/7/2007,95.86,96.55,95.77,96.1
6/7/2007,96.07,96.98,96.07,96.49
9/7/2007,96.3,96.68,96.07,96.38
10/7/2007,96.34,96.42,94.73,94.74
11/7/2007,94.71,95.84,93.4,95.77
12/7/2007,95.74,96.02,95.07,96.02
13/7/2007,95.98,96.46,95.7,95.99
16/7/2007,95.99,96.69,95.69,96.69
17/7/2007,96.67,96.89,96.31,96.63
18/7/2007,96.6,96.85,96.22,96.75
19/7/2007,96.73,96.89,96.43,96.73
20/7/2007,96.71,97.34,96.09,96.7
23/7/2007,96.6,97.78,96.26,97.59
24/7/2007,97.56,97.79,96.43,96.92
25/7/2007,96.89,97.12,95.95,96.83
26/7/2007,96.73,96.94,92.68,92.82
27/7/2007,92.78,93.9,90.47,90.79
30/7/2007,92.88,92.88,89.27,91.41
31/7/2007,91.38,92.37,90.17,90.42
1/8/2007,90.38,91.22,88.63,91.15
2/8/2007,91.12,92.05,90.01,91.68
3/8/2007,91.64,91.79,89.72,89.76
6/8/2007,89.58,91.14,88.58,91.02
7/8/2007,90.98,91.13,89.16,90.46
8/8/2007,90.41,92.15,90.26,91.94
9/8/2007,91.9,92.24,88.71,88.84
10/8/2007,88.79,88.98,86.78,88.24
13/8/2007,88.26,88.53,86.78,87.43
14/8/2007,87.39,87.5,85.4,85.4
15/8/2007,85.37,85.45,82.75,82.78
16/8/2007,82.74,82.81,75.24,78.37
17/8/2007,78.32,80.35,74.3,79.74
20/8/2007,78.18,81.06,78.12,80.27
21/8/2007,80.22,80.7,78.91,79.71
22/8/2007,79.66,81.07,78.78,80.81
23/8/2007,80.78,83.95,80.78,83.07
24/8/2007,83.03,84.04,81.91,84.01
27/8/2007,83.64,84.88,82.99,82.99
28/8/2007,82.95,83,79.63,79.72
29/8/2007,79.67,82.4,78.29,82.31
30/8/2007,82.25,82.59,80.52,81.37
31/8/2007,81.33,82.76,80.87,81.23
3/9/2007,81.66,81.66,80.9,81.66
4/9/2007,81.6,81.77,80.52,81.06
5/9/2007,81.02,81.23,78.83,79.14
6/9/2007,79.18,80.12,78.53,79.91
7/9/2007,79.94,80.11,77.66,78.36
10/9/2007,78.29,79.55,76.96,79.23
11/9/2007,79.16,80.82,78.56,80.75
12/9/2007,80.79,81.74,80.32,81.32
13/9/2007,81.24,82.96,80.76,81.94
14/9/2007,81.89,82.58,81.09,82.25
17/9/2007,82.26,82.5,80.76,81.37
18/9/2007,81.33,84.47,80.44,84.36
19/9/2007,84.32,85.54,83.68,85.38
20/9/2007,85.34,85.65,84.12,84.61
21/9/2007,84.58,86.02,84.54,85.94
24/9/2007,85.91,86.01,85.31,85.78
25/9/2007,85.75,85.87,83.54,85.28
26/9/2007,85.25,86.25,85.08,86.09
27/9/2007,86.04,86.97,85.87,86.74
28/9/2007,86.71,87.36,86.62,87.01
1/10/2007,86.96,88.89,86.8,88.73
2/10/2007,88.7,88.76,87.2,87.68
3/10/2007,87.65,88.79,87.25,88.08
4/10/2007,88.14,88.18,87.46,87.91
5/10/2007,87.86,89.13,87.85,88.99
8/10/2007,89.01,89.97,88.84,89.44
9/10/2007,89.41,89.78,88.85,89.62
10/10/2007,89.59,89.83,88.97,89.5
11/10/2007,89.47,91.22,89.14,90.22
12/10/2007,90.19,91.39,89.97,91.35
15/10/2007,91.42,91.45,88.97,89.4
16/10/2007,89.36,89.81,86.19,87.24
17/10/2007,87.2,88.37,86.14,87.77
18/10/2007,87.73,88.01,86.17,87.21
19/10/2007,87.18,87.31,85.53,85.6
22/10/2007,85.12,85.67,83.64,85.52
23/10/2007,85.56,87.19,85.38,86.9
24/10/2007,86.85,87.25,85.19,86.22
25/10/2007,86.18,87.24,85.72,86.97
26/10/2007,86.95,87.8,86.67,87.5
29/10/2007,87.16,88.54,87.16,88.13
30/10/2007,88.11,88.46,87.51,87.64
31/10/2007,87.62,89.32,87.4,89.24
1/11/2007,89.22,89.38,86.73,86.94
2/11/2007,86.96,88.32,86.79,87.91
5/11/2007,87.68,88.32,87.11,88.18
6/11/2007,88.22,89.56,88.01,89.48
7/11/2007,89.5,90.08,87.26,87.29
8/11/2007,87.26,88.1,86.06,87.35
9/11/2007,87.3,88.09,84.43,84.59
12/11/2007,84.23,85.28,81.32,81.37
13/11/2007,81.34,84.44,81.26,84.23
14/11/2007,84.15,85.69,83.93,84.92
15/11/2007,84.95,85.29,83.08,83.1
16/11/2007,83.08,84.37,82.68,84.14
19/11/2007,83.64,84.54,82.64,82.74
20/11/2007,82.72,84.33,82.18,84.15
21/11/2007,84.12,84.27,80.72,81.5
22/11/2007,81.45,82.69,81.12,81.43
23/11/2007,81.39,82.31,80.81,82.18
26/11/2007,82.53,82.88,80.32,80.63
27/11/2007,80.6,82.82,80.37,82.68
28/11/2007,82.65,85.62,82.15,85.27
29/11/2007,85.22,85.3,84.15,84.74
30/11/2007,84.71,85.97,84.25,85.01
3/12/2007,84.89,85.04,84.13,84.36
4/12/2007,84.36,84.69,83.26,83.84
5/12/2007,83.84,85.49,83.2,85.34
6/12/2007,85.34,86.71,85.05,86.55
7/12/2007,86.55,87.28,86.33,86.76
10/12/2007,86.71,87.35,85.92,87.28
11/12/2007,87.28,87.92,85.3,85.54
12/12/2007,85.54,89.13,85.51,88.21
13/12/2007,88.21,88.41,87.24,87.57
14/12/2007,87.57,88.34,86.61,86.67
17/12/2007,86.79,87.2,85.06,85.24
18/12/2007,85.24,86.01,84.8,85.65
19/12/2007,85.65,85.89,85,85.69
20/12/2007,85.69,86.09,85.24,85.92
21/12/2007,85.92,87.44,85.92,87.06
24/12/2007,87.06,87.61,86.52,87.6
25/12/2007,87.62,87.72,85.28,87.41
26/12/2007,87.42,87.83,87.18,87.68
27/12/2007,87.68,88.25,87.41,87.63
28/12/2007,87.63,87.99,86.79,86.96
31/12/2007,87.57,87.57,85.3,85.55
1/1/2008,85.56,86.1,85.56,85.66
2/1/2008,85.66,86.47,84.3,85.02
3/1/2008,85.02,85.44,83.74,84.23
4/1/2008,84.23,84.76,82.96,83.21
7/1/2008,83.39,84.35,82.98,83.95
8/1/2008,83.95,84.84,83.57,83.71
9/1/2008,83.71,85.06,83.62,85.02
10/1/2008,85.02,86.21,84.69,85.81
11/1/2008,85.81,86.18,84.9,85.17
14/1/2008,85.42,85.65,84.69,85.53
15/1/2008,85.53,85.58,82.89,82.99
16/1/2008,82.99,83.49,80.99,83.04
17/1/2008,83.04,83.45,81.51,81.62
18/1/2008,81.62,82.6,80.67,81.22
21/1/2008,81.08,81.44,78.88,79.03
22/1/2008,79.03,82.07,78.18,81.3
23/1/2008,81.3,82.26,79.32,81.78
24/1/2008,81.78,82.98,80.98,82.95
25/1/2008,82.95,83.48,81.83,81.95
28/1/2008,82.11,83.16,81.34,83.1
29/1/2008,83.1,83.56,82.56,83.37
30/1/2008,83.37,84.71,82.76,83.34
31/1/2008,83.34,84.24,82.29,83.84
1/2/2008,83.84,84.77,83.51,84.64
4/2/2008,84.61,85.13,84.28,84.68
5/2/2008,84.68,85.17,83.13,83.46
6/2/2008,83.46,84.16,82.77,83.91
7/2/2008,83.92,85.24,82.95,84.78
8/2/2008,84.78,85.11,84.08,84.59
11/2/2008,84.57,84.84,83.89,84.39
12/2/2008,84.39,85.44,84.03,84.84
13/2/2008,84.84,85.01,83.94,84.9
14/2/2008,84.9,85.81,84.75,84.97
15/2/2008,84.97,85.59,84.56,85.19
18/2/2008,85,86.09,85,86.07
19/2/2008,86.07,86.45,85.65,85.9
20/2/2008,85.9,86.43,85.23,86.25
21/2/2008,86.25,86.69,85.61,85.96
22/2/2008,85.96,86.9,85.73,86.67
25/2/2008,86.6,87.76,86.48,87.71
26/2/2008,87.71,88.12,87.14,87.67
27/2/2008,87.67,87.81,86.63,86.92
28/2/2008,86.92,86.97,85.74,85.91
29/2/2008,85.91,86.04,82.81,82.86
3/3/2008,82.84,83.64,81.68,83.48
4/3/2008,83.48,83.66,81.71,82.79
5/3/2008,82.79,83.6,82.18,83.46
6/3/2008,83.46,83.68,81.56,81.81
7/3/2008,81.81,82.24,80.74,81.5
10/3/2008,81.46,81.64,80.08,80.23
11/3/2008,80.23,83.26,79.92,83.12
12/3/2008,83.12,83.3,81.9,82.07
13/3/2008,82.07,82.83,80.2,82.38
14/3/2008,82.38,82.96,80.4,80.59
17/3/2008,80.66,80.96,76.76,78
18/3/2008,77.93,80.72,77.25,80.53
19/3/2008,80.53,81.8,78.84,79.22
20/3/2008,79.22,80.04,77.51,78.74
21/3/2008,78.74,79.29,78.34,78.82
24/3/2008,78.77,80.38,78.53,80.38
25/3/2008,80.38,81.06,79.89,80.65
26/3/2008,80.65,80.79,79.42,79.79
27/3/2008,79.79,80.65,79.16,80.06
28/3/2008,80.06,80.77,78.82,79.13
31/3/2008,78.94,79.37,77.95,78.36
1/4/2008,78.36,80.25,78.03,80.15
2/4/2008,80.15,81.31,79.88,80.84
3/4/2008,80.84,81.37,79.85,80.31
4/4/2008,80.31,80.73,79.81,80.09
7/4/2008,80.11,82.03,79.9,81.49
8/4/2008,81.49,82.09,80.75,82.08
9/4/2008,82.08,82.13,80.96,81.16
10/4/2008,81.16,81.65,80.1,81.43
11/4/2008,81.43,81.65,79.93,80.07
14/4/2008,80.58,80.94,79.26,80.04
15/4/2008,80.04,80.37,79.11,80.07
16/4/2008,80.07,80.68,79.38,80.66
17/4/2008,80.66,81.17,80.04,81.05
18/4/2008,81.05,82.4,80.8,81.9
21/4/2008,82.04,82.45,81.57,81.99
22/4/2008,81.99,82.4,81.51,82.16
23/4/2008,82.16,82.9,81.91,82.56
24/4/2008,82.56,82.58,81.75,82.16
25/4/2008,82.17,82.27,81.31,81.64
28/4/2008,81.55,82.32,81.46,81.9
29/4/2008,81.91,81.91,79.97,80.69
30/4/2008,80.69,81.95,80.29,81.28
1/5/2008,81.26,81.38,80.48,81.18
2/5/2008,81.18,82.57,81.05,82.19
5/5/2008,82.24,82.86,82.01,82.39
6/5/2008,82.38,83.04,82.1,82.93
7/5/2008,82.93,82.96,81.73,81.85
8/5/2008,81.85,81.93,79.79,80.03
9/5/2008,80.05,80.28,78.53,79.18
12/5/2008,79.14,80.24,78.53,80.05
13/5/2008,80.06,80.43,79.32,80.06
14/5/2008,80.05,80.36,79.73,79.95
15/5/2008,79.93,80.06,79.17,80.03
16/5/2008,80.02,80.88,79.57,80.55
19/5/2008,80.55,80.55,80.19,80.54
20/5/2008,80.53,80.93,80.17,80.24
21/5/2008,80.25,80.79,79.86,80.07
22/5/2008,80.06,81.88,79.8,81.43
23/5/2008,81.44,81.89,81.07,81.14
26/5/2008,80.98,81.33,80.92,81.4
27/5/2008,81.4,82.46,81.24,82.29
28/5/2008,82.28,82.54,81.81,82.27
29/5/2008,82.27,82.51,82.01,82.2
30/5/2008,82.21,82.76,82.19,82.62
2/6/2008,82.46,82.68,81.58,81.96
3/6/2008,81.97,82.56,81.47,82.12
4/6/2008,82.11,82.42,81.76,82.07
5/6/2008,82.06,82.1,80.69,81.36
6/6/2008,81.37,81.65,80.45,80.51
9/6/2008,80.52,81.22,80.25,80.68
10/6/2008,80.68,80.93,80.22,80.88
11/6/2008,80.88,81.48,80.56,80.79
12/6/2008,80.79,81.07,80.6,80.93
13/6/2008,80.92,81.25,80.64,81.09
16/6/2008,80.66,81.58,80.66,81.53
17/6/2008,81.54,81.73,81.25,81.53
18/6/2008,81.52,81.93,81.46,81.89
19/6/2008,81.9,82.43,81.42,82.4
20/6/2008,82.38,82.39,81.52,81.69
23/6/2008,81.66,82.06,81.5,81.72
24/6/2008,81.72,81.99,81.46,81.73
25/6/2008,81.72,81.99,81.45,81.93
26/6/2008,81.93,82.01,80.55,80.64
27/6/2008,80.63,81.51,80.46,80.75
30/6/2008,80.72,81.23,80.36,80.95
1/7/2008,80.95,80.96,79.74,80.39
2/7/2008,80.4,80.89,80.14,80.48
3/7/2008,80.5,80.9,80.36,80.75
4/7/2008,80.75,81.17,80.49,81.09
7/7/2008,81.02,81.27,80.47,80.88
8/7/2008,80.88,81.06,79.92,81.02
9/7/2008,81.02,81.69,80.75,80.95
10/7/2008,80.95,81.39,80.6,81.23
11/7/2008,81.23,81.37,80.69,80.92
14/7/2008,80.93,81.3,80.54,81.11
15/7/2008,81.12,81.47,80.62,80.9
16/7/2008,80.91,81.14,80.16,81.13
17/7/2008,81.13,81.35,80.76,81.12
18/7/2008,81.12,81.61,80.92,81.4
21/7/2008,81.33,81.6,81,81.08
22/7/2008,81.08,81.54,80.92,81.51
23/7/2008,81.52,82.01,80.84,80.91
24/7/2008,80.91,80.91,79.44,79.74
25/7/2008,79.74,80.24,79.23,79.97
28/7/2008,79.95,80.28,79.87,80.03
29/7/2008,80.02,80.22,79.38,80.01
30/7/2008,80.01,80.02,78.96,79.38
31/7/2008,79.37,79.48,78.93,79.25
1/8/2008,79.25,79.27,77.9,78.34
4/8/2008,78.36,79.17,78.08,78.99
5/8/2008,78.99,79,77.92,78.75
6/8/2008,78.75,78.87,78.33,78.79
7/8/2008,78.78,79.05,78.04,78.18
8/8/2008,78.18,78.25,76.57,77.6
11/8/2008,77.54,77.78,76.75,76.96
12/8/2008,76.96,77.07,76.01,76.04
13/8/2008,76.03,77.36,73.98,77.02
14/8/2008,77.02,77.25,76.09,76.82
15/8/2008,76.83,78.2,76.4,78.06
18/8/2008,77.98,78.99,77.6,78.19
19/8/2008,78.19,78.51,77.41,78.25
20/8/2008,78.25,78.64,77.94,78.33
21/8/2008,78.32,78.32,77.19,78.17
22/8/2008,78.17,78.43,77.81,78
25/8/2008,77.99,78.09,76.88,76.92
26/8/2008,76.92,77.11,75.69,76.44
27/8/2008,76.44,77.15,76.14,76.84
28/8/2008,76.83,77.38,76.66,76.86
29/8/2008,76.86,77.06,75.88,76.21
1/9/2008,76.14,76.24,75.01,75.28
2/9/2008,75.28,75.29,73.91,74.6
3/9/2008,74.62,74.89,73.22,74.19
4/9/2008,74.18,74.6,71.91,72.04
5/9/2008,72.05,72.1,69.9,72.03
8/9/2008,72.24,74.58,71.68,72.71
9/9/2008,72.72,73.4,70.94,71.36
10/9/2008,71.36,72.38,70.97,71.38
11/9/2008,71.43,71.44,68.55,70.29
12/9/2008,70.28,72.19,69.57,72.09
15/9/2008,70.44,71.46,68.79,69
16/9/2008,69,70.5,67.25,69.78
17/9/2008,69.78,71.2,68.24,69.13
18/9/2008,69.13,71.4,68.38,71.32
19/9/2008,71.33,74.13,70.96,74.02
22/9/2008,73.89,74.13,72.61,72.66
23/9/2008,72.66,73.08,71.65,71.89
24/9/2008,71.89,72.9,71.63,72.48
25/9/2008,72.48,73.11,72.34,72.68
26/9/2008,72.67,73.07,71.92,72.72
29/9/2008,72.81,73.44,69.79,70.03
30/9/2008,70.04,71.59,68.86,71.07
1/10/2008,71.08,72.07,70.55,70.88
2/10/2008,70.89,71.47,68.92,69.19
3/10/2008,69.21,70.79,68.88,69.68
6/10/2008,69.54,69.63,62.03,64.75
7/10/2008,64.74,66.24,62.95,63.29
8/10/2008,63.3,64.13,57.31,59.53
9/10/2008,59.56,63.4,59.05,60.62
10/10/2008,60.63,60.81,58.07,59.85
13/10/2008,59.91,63.28,59.15,63.06
14/10/2008,63.05,65.31,62.59,63.09
15/10/2008,63.09,63.69,59.81,59.93
16/10/2008,59.95,62.82,58.9,62.71
17/10/2008,62.71,63.24,61.21,62.38
20/10/2008,62.53,63.79,61.64,63.49
21/10/2008,63.49,63.62,60.57,60.61
22/10/2008,60.62,61.51,56.81,57.78
23/10/2008,57.78,59.11,55.63,57.9
24/10/2008,57.91,58.73,50.12,52.47
27/10/2008,52.34,52.88,49.29,50.22
28/10/2008,50.23,55.51,50.02,55.32
29/10/2008,55.31,58.12,54.64,57
30/10/2008,57.01,59.53,56.39,58.35
31/10/2008,58.35,58.45,55.6,57.36
3/11/2008,57.77,59.42,57.35,58.62
4/11/2008,58.62,61.58,57.62,60.41
5/11/2008,60.41,60.81,58.27,58.31
6/11/2008,58.32,59.49,57.24,57.31
7/11/2008,57.31,58.48,56.04,58.08
10/11/2008,58.58,60.08,56.47,56.86
11/11/2008,56.86,57.89,55.36,55.91
12/11/2008,55.91,56.92,52.56,53.35
13/11/2008,53.35,56.39,52.48,55.81
14/11/2008,55.81,56.33,53.45,53.79
17/11/2008,53.48,54.57,52.43,53.1
18/11/2008,53.1,54.04,52.66,53.62
19/11/2008,53.62,53.9,51.77,51.83
20/11/2008,51.83,52.12,48.67,48.9
21/11/2008,48.9,51.58,48.8,51.51
24/11/2008,51.5,53.47,50.24,53.47
25/11/2008,53.47,53.79,51.22,52.18
26/11/2008,52.18,53.08,51.64,52.84
27/11/2008,52.84,53,51.99,52.47
28/11/2008,52.47,52.82,52.08,52.44
1/12/2008,52.44,52.44,49.06,49.4
2/12/2008,49.4,50.01,48.74,49.55
3/12/2008,49.55,49.93,48.72,49.67
4/12/2008,49.67,50.08,48.67,49.15
5/12/2008,49.15,49.97,47.79,49.49
8/12/2008,49.61,51.23,49.4,50.77
9/12/2008,50.77,50.84,49.47,49.97
10/12/2008,49.99,51.05,49.78,50.46
11/12/2008,50.46,51.18,50.21,50.47
12/12/2008,50.47,50.83,48.19,49.94
15/12/2008,50.01,50.49,49.47,50.26
16/12/2008,50.26,51.63,50.04,51.54
17/12/2008,51.54,52.12,51.14,51.7
18/12/2008,51.7,54.06,51.61,52.17
19/12/2008,52.17,52.58,51.01,51.39
22/12/2008,51.42,52.19,51.15,51.65
23/12/2008,51.65,51.89,51.26,51.61
24/12/2008,51.61,52.19,51.24,52.05
25/12/2008,52.05,52.1,51.37,51.85
26/12/2008,51.85,52.54,51.62,52.27
29/12/2008,52.21,52.9,51.76,52.19
30/12/2008,52.19,52.71,51.89,52.22
31/12/2008,52.22,53.49,51.94,52.53
1/1/2009,52.5,52.91,52.31,52.81
2/1/2009,52.81,54.12,52.42,53.83
5/1/2009,54.14,55.23,53.7,55.1
6/1/2009,55.1,56.33,54.33,56.06
7/1/2009,56.06,56.25,54.49,54.8
8/1/2009,54.8,54.87,53.3,54.38
9/1/2009,54.38,54.43,53.14,53.49
12/1/2009,53.49,53.51,51.13,51.36
13/1/2009,51.36,51.37,48.62,49.45
14/1/2009,49.45,50.24,47.85,48.31
15/1/2009,48.31,48.67,47.13,48.28
16/1/2009,48.28,50.08,48.26,49.61
19/1/2009,49.56,50.52,48.63,48.65
20/1/2009,48.64,48.77,46.54,46.84
21/1/2009,46.84,47.98,45.09,47.59
22/1/2009,47.59,47.77,46.21,46.81
23/1/2009,46.81,47.41,45.63,46.92
26/1/2009,47.09,47.75,46.21,46.91
27/1/2009,46.91,47.97,46.48,47.03
28/1/2009,47.03,48.59,46.82,47.33
29/1/2009,47.33,47.53,46.02,46.27
30/1/2009,46.27,46.36,45.24,45.78
2/2/2009,45.77,45.79,44.24,45.09
3/2/2009,45.09,46,44.82,45.95
4/2/2009,45.95,46.15,44.72,45.39
5/2/2009,45.39,48.02,45.17,47.15
6/2/2009,47.15,49.42,46.46,48.95
9/2/2009,48.91,49.91,47.66,49.24
10/2/2009,49.24,49.36,46.7,47.35
11/2/2009,47.35,47.79,46.92,47.52
12/2/2009,47.52,47.97,46.48,47.23
13/2/2009,47.23,48.64,47.16,48.02
16/2/2009,47.85,48.07,47.35,47.46
17/2/2009,47.46,47.77,46.56,46.89
18/2/2009,46.89,48.09,46.73,47.74
19/2/2009,47.74,48.96,47.69,47.89
20/2/2009,47.89,48.28,46.97,47.74
23/2/2009,47.68,48.96,47.22,48.03
24/2/2009,48.03,50.03,47.62,49.65
25/2/2009,49.65,50.4,49.39,49.6
26/2/2009,49.6,50.5,49.49,50.07
27/2/2009,50.07,50.13,48.32,48.87
2/3/2009,48.87,49.16,47.76,48
3/3/2009,48,49.14,47.74,48.56
4/3/2009,48.56,50.41,48.11,50.12
5/3/2009,50.12,50.19,48.62,48.89
6/3/2009,48.89,49.91,48.37,49.38
9/3/2009,49.38,49.73,48.58,48.71
10/3/2009,48.71,49.73,48.57,49.63
11/3/2009,49.63,49.98,48.95,49.94
12/3/2009,49.94,51.11,48.63,50.85
13/3/2009,50.85,51.87,50.57,51.5
16/3/2009,50.79,52.54,50.07,52.02
17/3/2009,52.02,52.64,51.93,52.31
18/3/2009,52.31,52.59,51.33,52.4
19/3/2009,52.4,52.86,51.53,52.32
20/3/2009,52.32,53.94,52.27,53.62
23/3/2009,53.34,55.58,53.34,55.41
24/3/2009,55.41,56.33,54.83,55.11
25/3/2009,55.11,55.83,54.09,55.22
26/3/2009,55.22,57.11,55.16,56.79
27/3/2009,56.79,57.17,55.47,55.84
30/3/2009,55.86,56.03,53.7,54.8
31/3/2009,54.8,56.72,54.6,55.37
1/4/2009,55.37,56.2,54.6,55.94
2/4/2009,55.94,58.04,55.52,57.49
3/4/2009,57.49,59.03,57.47,58.76
6/4/2009,58.85,60.35,57.44,59.41
7/4/2009,59.41,59.43,57.42,57.82
8/4/2009,57.82,58.1,56.72,57.83
9/4/2009,57.82,58.68,57.56,58.57
10/4/2009,58.57,58.66,58.31,58.44
13/4/2009,58.75,59.39,58.48,59.3
14/4/2009,59.3,59.49,57.57,57.72
15/4/2009,57.72,57.9,56.53,57.73
16/4/2009,57.73,57.9,56.05,56.84
17/4/2009,56.84,57.29,56.06,56.32
20/4/2009,56.33,56.68,53.67,54.06
21/4/2009,54.06,55.89,53.87,55.66
22/4/2009,55.66,55.7,54.11,54.44
23/4/2009,54.44,55.34,54,55.02
24/4/2009,55.02,55.76,54.38,55.6
27/4/2009,55.62,55.68,54.31,54.74
28/4/2009,54.74,54.75,52.91,53.9
29/4/2009,54.209000,56.291000,54.177000,55.984000
30/4/2009,55.204000,56.419000,54.780000,55.752000
1/5/2009,56.024000,57.074000,55.640000,56.771000
4/5/2009,56.970000,57.331000,56.603000,56.939000
5/5/2009,57.077000,57.969000,56.757000,57.361000
6/5/2009,57.149000,57.905000,56.437000,57.407000
7/5/2009,57.980000,59.523000,57.661000,58.573000
8/5/2009,58.866000,59.577000,58.497000,59.376000
11/5/2009,59.947000,60.370000,58.399000,58.539000
12/5/2009,58.599000,59.370000,57.766000,58.469000
13/5/2009,58.429000,58.813000,56.203000,56.336000
14/5/2009,56.481000,57.397000,55.898000,57.150000
15/5/2009,56.965000,57.093000,55.450000,55.762000
18/5/2009,55.515000,57.458000,55.203000,57.366000
19/5/2009,57.408000,58.421000,57.101000,57.757000
20/5/2009,57.985000,58.379000,57.244000,57.450000
21/5/2009,57.383000,57.807000,56.894000,57.647000
22/5/2009,57.747000,59.022000,57.628000,58.730000
25/5/2009,58.401000,59.087000,58.102000,58.875000
26/5/2009,58.843000,59.527000,57.785000,59.323000
27/5/2009,59.273000,59.532000,58.544000,58.681000
28/5/2009,58.860000,60.811000,58.750000,60.331000
29/5/2009,60.357000,61.097000,60.666000,60.970000
1/6/2009,60.923000,63.249000,60.597000,62.869000
2/6/2009,62.481000,63.178000,62.103000,62.838000
3/6/2009,62.381000,63.031000,60.164000,60.911000
4/6/2009,60.963000,61.592000,60.329000,61.299000
5/6/2009,61.064000,62.644000,61.053000,61.784000
8/6/2009,61.866000,61.987000,60.673000,61.119000
9/6/2009,61.360000,61.414000,60.419000,61.049000
10/6/2009,61.011000,62.226000,60.986000,61.529000
11/6/2009,62.266000,63.386000,62.121000,62.820000
12/6/2009,62.962000,63.271000,62.473000,63.255000
15/6/2009,62.922000,62.922000,61.434000,61.741000
16/6/2009,61.463000,62.111000,60.381000,60.749000
17/6/2009,60.184000,61.393000,59.871000,60.718000
18/6/2009,60.830000,62.235000,60.327000,61.594000
19/6/2009,61.779000,62.338000,61.644000,61.926000
22/6/2009,61.679000,61.685000,60.304000,60.310000
23/6/2009,59.947000,61.066000,59.478000,60.909000
24/6/2009,60.889000,61.839000,60.779000,61.116000
25/6/2009,61.141000,61.957000,61.065000,61.915000
26/6/2009,57.077000,57.969000,56.757000,57.694000
29/6/2009,61.642000,62.671000,61.253000,62.525000
30/6/2009,62.169000,62.492000,62.160000,62.467000
1/7/2009,62.169000,62.730000,61.713000,61.895000
3/7/2009,60.143000,60.982000,60.041000,60.499000
7/7/2009,60.724000,60.941000,59.617000,59.665000
8/7/2009,59.464000,59.552000,56.981000,58.228000
9/7/2009,58.913000,58.913000,58.777000,58.809000
10/7/2009,58.913000,58.921000,57.461000,58.086000
13/7/2009,58.165000,58.880000,56.989000,58.739000
14/7/2009,59.026000,59.951000,58.682000,59.890000
15/7/2009,59.963000,61.453000,59.757000,61.123000
16/7/2009,61.128000,61.281000,59.907000,60.938000
20/7/2009,61.068000,62.046000,61.030000,61.923000
21/7/2009,61.849000,62.230000,60.849000,61.553000
22/7/2009,61.380000,62.083000,60.877000,61.656000
23/7/2009,61.634000,62.835000,61.634000,62.080000
27/7/2009,61.951000,62.907000,61.894000,62.529000
28/7/2009,62.441000,63.104000,61.717000,62.255000
29/7/2009,61.901000,62.552000,61.534000,62.390000
30/7/2009,61.797000,62.606000,61.518000,62.368000
31/7/2009,62.395000,62.975000,62.248000,62.656000
4/8/2009,63.626000,64.241000,62.963000,64.184000
5/8/2009,64.248000,64.448000,63.663000,64.008000
8/9/2009,64.326000,64.436000,64.060000,64.259000
11/9/2009,64.429000,64.438000,63.782000,64.004000
14/9/2009,63.736000,63.796000,63.051000,63.696000
1/10/2009,65.011000,65.133000,64.062000,64.107000
7/10/2009,65.320000,65.498000,64.887000,65.210000
9/10/2009,65.755000,66.082000,65.457000,65.926000
13/10/2009,66.216000,66.593000,65.650000,66.256000
16/10/2009,67.967000,68.080000,66.990000,67.240000
2/11/2009,64.630000,65.786000,64.266000,64.897000
5/11/2009,65.236000,65.581000,64.657000,65.473000
10/11/2009,66.678000,67.003000,66.233000,66.787000
11/11/2009,66.531000,66.876000,66.195000,66.363000
24/11/2009,64.754000,64.882000,63.970000,64.258000
25/11/2009,64.269000,64.680000,63.663000,63.937000
26/11/2009,63.683000,63.754000,61.719000,62.028000
2/12/2009,63.130000,63.687000,62.947000,63.135000
3/12/2009,63.641000,64.111000,63.530000,63.716000
4/12/2009,63.478000,64.901000,63.478000,64.813000
8/12/2009,63.830000,63.873000,62.281000,62.583000
9/12/2009,62.670000,63.284000,62.086000,63.194000
11/12/2009,64.285000,65.025000,64.188000,64.652000
18/12/2009,63.451000,64.426000,63.337000,64.426000
22/12/2009,64.216000,64.605000,64.152000,64.303000
1/1/2010,67.239000,67.239000,67.239000,67.239000
11/1/2010,68.238000,68.596000,68.049000,68.388000
19/1/2010,67.116000,67.421000,66.640000,67.114000
20/1/2010,66.864000,66.864000,65.447000,65.867000
2/2/2010,0.000000,0.000000,0.000000,0.000000
4/2/2010,63.430000,63.610000,62.755000,62.755000
15/2/2010,62.722000,62.951000,62.694000,62.792000
16/2/2010,62.857000,63.443000,62.829000,63.350000
22/2/2010,64.291000,64.480000,63.799000,63.897000
24/2/2010,62.586000,62.714000,61.891000,62.492000
25/2/2010,62.501000,62.501000,60.931000,61.621000
1/3/2010,62.230000,62.538000,61.914000,62.336000
5/3/2010,61.334000,63.049000,61.284000,62.922000
11/3/2010,63.155000,63.549000,62.980000,63.464000
18/3/2010,64.450000,64.824000,64.105000,64.567000
25/3/2010,64.649000,65.707000,64.475000,65.207000
21/4/2010,66.193000,66.588000,65.915000,66.146000
7/5/2010,65.194900,66.276000,64.558600,65.429700
10/5/2010,65.963000,68.112000,65.905500,67.385000
12/5/2010,66.699200,67.086800,65.745800,66.434900
