8/5/2007,0.8132,0.8163,0.8115,0.815
9/5/2007,0.8147,0.8162,0.8108,0.8114
10/5/2007,0.8108,0.8147,0.8076,0.8082
11/5/2007,0.8079,0.818,0.8068,0.8151
14/5/2007,0.8154,0.8221,0.8145,0.8154
15/5/2007,0.8151,0.8167,0.8089,0.8107
16/5/2007,0.8103,0.8121,0.8078,0.8091
17/5/2007,0.8087,0.8105,0.8006,0.8037
18/5/2007,0.8033,0.8039,0.7937,0.7954
21/5/2007,0.7947,0.7979,0.7898,0.792
22/5/2007,0.7925,0.7933,0.7882,0.7894
23/5/2007,0.789,0.7921,0.7885,0.7896
24/5/2007,0.7902,0.7907,0.7849,0.7854
25/5/2007,0.785,0.7889,0.7822,0.7841
28/5/2007,0.7857,0.7862,0.7831,0.7855
29/5/2007,0.7859,0.7897,0.78,0.7812
30/5/2007,0.7807,0.7858,0.7772,0.7843
31/5/2007,0.7839,0.7889,0.7827,0.7874
1/6/2007,0.7878,0.7931,0.7873,0.7903
4/6/2007,0.7901,0.7916,0.7866,0.7912
5/6/2007,0.7916,0.799,0.7899,0.797
6/6/2007,0.7974,0.8015,0.793,0.7954
7/6/2007,0.7947,0.8023,0.7947,0.7991
8/6/2007,0.7989,0.8101,0.7973,0.81
11/6/2007,0.8089,0.8096,0.7923,0.7972
12/6/2007,0.7975,0.8016,0.7949,0.7995
13/6/2007,0.7991,0.805,0.798,0.8014
14/6/2007,0.8009,0.8033,0.7975,0.801
15/6/2007,0.8006,0.8065,0.7985,0.8062
18/6/2007,0.7988,0.8115,0.7988,0.8073
19/6/2007,0.8069,0.8098,0.8046,0.8055
20/6/2007,0.8052,0.8148,0.8052,0.8103
21/6/2007,0.8108,0.8208,0.8089,0.8206
22/6/2007,0.821,0.823,0.8164,0.8177
25/6/2007,0.8139,0.8225,0.8139,0.8192
26/6/2007,0.8197,0.8232,0.8182,0.8191
27/6/2007,0.8187,0.8206,0.8112,0.8135
28/6/2007,0.8139,0.8206,0.8131,0.8152
29/6/2007,0.8156,0.824,0.8005,0.8232
2/7/2007,0.8218,0.8268,0.8201,0.8256
3/7/2007,0.8252,0.831,0.8226,0.8287
4/7/2007,0.8291,0.8297,0.8255,0.8267
5/7/2007,0.8262,0.834,0.8255,0.8256
6/7/2007,0.8253,0.8298,0.8184,0.8209
9/7/2007,0.82,0.822,0.8152,0.82
10/7/2007,0.8205,0.8211,0.8133,0.8203
11/7/2007,0.8198,0.8253,0.8149,0.8249
12/7/2007,0.8254,0.8259,0.8178,0.8202
13/7/2007,0.8207,0.8251,0.8173,0.8248
16/7/2007,0.8229,0.8295,0.8229,0.828
17/7/2007,0.8276,0.8286,0.8232,0.8245
18/7/2007,0.8242,0.8269,0.8234,0.8263
19/7/2007,0.8259,0.8269,0.8246,0.8258
20/7/2007,0.8254,0.832,0.8254,0.8317
23/7/2007,0.8269,0.8379,0.8269,0.8354
24/7/2007,0.8351,0.8484,0.8333,0.8346
25/7/2007,0.8342,0.8376,0.8296,0.8366
26/7/2007,0.8362,0.8374,0.8236,0.8241
27/7/2007,0.8237,0.8297,0.8094,0.8127
30/7/2007,0.8325,0.8327,0.8074,0.8195
31/7/2007,0.819,0.8234,0.812,0.8131
1/8/2007,0.8135,0.8142,0.8036,0.8093
2/8/2007,0.8089,0.8114,0.805,0.8093
3/8/2007,0.8089,0.8108,0.8015,0.8037
6/8/2007,0.8013,0.808,0.7997,0.8059
7/8/2007,0.8054,0.8067,0.8009,0.8036
8/8/2007,0.8033,0.8074,0.8014,0.8057
9/8/2007,0.8053,0.8079,0.7941,0.7955
10/8/2007,0.7949,0.796,0.7807,0.785
13/8/2007,0.7901,0.7901,0.7743,0.7793
14/8/2007,0.7789,0.7804,0.7705,0.7753
15/8/2007,0.7749,0.7762,0.7657,0.7659
16/8/2007,0.7655,0.7662,0.7222,0.7407
17/8/2007,0.7402,0.7545,0.716,0.7399
20/8/2007,0.7283,0.7511,0.7242,0.7374
21/8/2007,0.7369,0.7436,0.7314,0.7398
22/8/2007,0.7391,0.7459,0.7342,0.7443
23/8/2007,0.7437,0.7571,0.7437,0.753
24/8/2007,0.7523,0.7593,0.748,0.759
27/8/2007,0.7521,0.7648,0.7521,0.7552
28/8/2007,0.7548,0.7555,0.7419,0.7424
29/8/2007,0.7419,0.7526,0.7419,0.7514
30/8/2007,0.7509,0.7521,0.7415,0.7435
31/8/2007,0.743,0.7489,0.7401,0.7401
3/9/2007,0.7415,0.7436,0.7415,0.7415
4/9/2007,0.7408,0.7422,0.7281,0.7312
5/9/2007,0.7308,0.733,0.7221,0.7235
6/9/2007,0.7231,0.732,0.7204,0.7287
7/9/2007,0.729,0.731,0.7237,0.7292
10/9/2007,0.7287,0.7353,0.7218,0.7331
11/9/2007,0.7324,0.7371,0.726,0.7367
12/9/2007,0.7372,0.7422,0.7351,0.7379
13/9/2007,0.737,0.7427,0.7335,0.7362
14/9/2007,0.7357,0.7396,0.7324,0.7344
17/9/2007,0.7342,0.7364,0.7235,0.7263
18/9/2007,0.7258,0.7321,0.7206,0.7315
19/9/2007,0.7311,0.7483,0.7306,0.7467
20/9/2007,0.7462,0.749,0.7362,0.7392
21/9/2007,0.7386,0.7474,0.738,0.7447
24/9/2007,0.7449,0.7506,0.7414,0.7484
25/9/2007,0.748,0.7489,0.7412,0.7472
26/9/2007,0.7467,0.7504,0.7446,0.7479
27/9/2007,0.7472,0.7535,0.7468,0.7514
28/9/2007,0.751,0.7586,0.7502,0.7534
1/10/2007,0.7515,0.7622,0.7507,0.7603
2/10/2007,0.7599,0.7606,0.7548,0.7567
3/10/2007,0.7562,0.7605,0.7505,0.7534
4/10/2007,0.7528,0.7555,0.7491,0.7524
5/10/2007,0.7521,0.7554,0.7442,0.7462
8/10/2007,0.7461,0.7541,0.7461,0.7516
9/10/2007,0.7511,0.7545,0.748,0.751
10/10/2007,0.7505,0.7516,0.7465,0.7495
11/10/2007,0.7491,0.7544,0.7484,0.7513
12/10/2007,0.7508,0.7565,0.7508,0.7548
15/10/2007,0.7561,0.7561,0.742,0.7438
16/10/2007,0.7433,0.7464,0.7242,0.7292
17/10/2007,0.7288,0.7358,0.7269,0.7326
18/10/2007,0.7322,0.7361,0.7278,0.7344
19/10/2007,0.7338,0.739,0.7221,0.7228
22/10/2007,0.7227,0.728,0.715,0.7275
23/10/2007,0.727,0.7355,0.7257,0.7317
24/10/2007,0.7309,0.7334,0.7246,0.7311
25/10/2007,0.7304,0.7375,0.7288,0.7366
26/10/2007,0.7361,0.7394,0.7331,0.7371
29/10/2007,0.736,0.742,0.7304,0.7333
30/10/2007,0.7329,0.7361,0.7277,0.7294
31/10/2007,0.7291,0.7326,0.7268,0.7293
1/11/2007,0.7287,0.7323,0.7204,0.721
2/11/2007,0.7207,0.725,0.7109,0.7155
5/11/2007,0.7141,0.7195,0.7108,0.7185
6/11/2007,0.7179,0.7222,0.7155,0.7179
7/11/2007,0.7176,0.7218,0.7111,0.7187
8/11/2007,0.7183,0.7308,0.7135,0.7252
9/11/2007,0.7247,0.7279,0.7175,0.7218
12/11/2007,0.7177,0.7245,0.712,0.7206
13/11/2007,0.7198,0.732,0.7151,0.7283
14/11/2007,0.7291,0.7356,0.7234,0.7338
15/11/2007,0.7343,0.7446,0.7307,0.7424
16/11/2007,0.7418,0.7475,0.7332,0.7374
19/11/2007,0.7394,0.7446,0.7364,0.7416
20/11/2007,0.741,0.7519,0.7383,0.7495
21/11/2007,0.749,0.7502,0.7359,0.7419
22/11/2007,0.7424,0.7444,0.7372,0.7404
23/11/2007,0.7397,0.7514,0.7383,0.7498
26/11/2007,0.754,0.754,0.7412,0.7434
27/11/2007,0.7431,0.7581,0.7417,0.756
28/11/2007,0.7556,0.7661,0.7543,0.7639
29/11/2007,0.7634,0.7709,0.7593,0.7696
30/11/2007,0.7691,0.7742,0.7595,0.7631
3/12/2007,0.7615,0.7695,0.7614,0.763
4/12/2007,0.7631,0.7751,0.7626,0.7711
5/12/2007,0.7711,0.7835,0.7679,0.7787
6/12/2007,0.7786,0.7874,0.7785,0.7839
7/12/2007,0.7839,0.7894,0.7765,0.7809
10/12/2007,0.7793,0.7895,0.773,0.787
11/12/2007,0.787,0.7956,0.7828,0.7847
12/12/2007,0.7847,0.8024,0.784,0.7957
13/12/2007,0.7957,0.8004,0.7913,0.7966
14/12/2007,0.7966,0.8002,0.7769,0.7782
17/12/2007,0.7768,0.784,0.7546,0.7588
18/12/2007,0.7588,0.767,0.7559,0.7597
19/12/2007,0.7597,0.7648,0.7563,0.7577
20/12/2007,0.7577,0.7618,0.7523,0.7606
21/12/2007,0.7606,0.7657,0.7559,0.7571
24/12/2007,0.7576,0.7607,0.754,0.7544
25/12/2007,0.7543,0.7566,0.7543,0.7546
26/12/2007,0.7545,0.757,0.751,0.7528
27/12/2007,0.7528,0.7595,0.7508,0.7552
28/12/2007,0.7552,0.761,0.7531,0.7602
31/12/2007,0.7526,0.7652,0.7526,0.7644
1/1/2008,0.7644,0.766,0.7611,0.7611
2/1/2008,0.7612,0.7714,0.7571,0.7703
3/1/2008,0.7703,0.7732,0.7621,0.7625
4/1/2008,0.7626,0.7719,0.7598,0.7684
7/1/2008,0.7682,0.7743,0.7637,0.7725
8/1/2008,0.7725,0.7756,0.7685,0.7737
9/1/2008,0.7737,0.7809,0.7705,0.7806
10/1/2008,0.7806,0.7944,0.7789,0.793
11/1/2008,0.793,0.8041,0.7896,0.798
14/1/2008,0.7974,0.8066,0.7951,0.8043
15/1/2008,0.8043,0.8081,0.7895,0.7914
16/1/2008,0.7914,0.7954,0.7825,0.7912
17/1/2008,0.7912,0.7951,0.7853,0.7886
18/1/2008,0.7887,0.7897,0.7788,0.7807
21/1/2008,0.7766,0.7825,0.7677,0.7717
22/1/2008,0.7717,0.79,0.7643,0.7861
23/1/2008,0.7861,0.7892,0.7751,0.7847
24/1/2008,0.7847,0.7852,0.7749,0.7768
25/1/2008,0.7768,0.7806,0.7714,0.7742
28/1/2008,0.7729,0.7817,0.7726,0.7801
29/1/2008,0.7801,0.7824,0.7743,0.7772
30/1/2008,0.7772,0.7827,0.7731,0.7792
31/1/2008,0.7792,0.7925,0.7726,0.7899
1/2/2008,0.7899,0.7928,0.7858,0.7911
4/2/2008,0.7905,0.795,0.7856,0.7885
5/2/2008,0.7884,0.7944,0.7838,0.7875
6/2/2008,0.7875,0.7938,0.7854,0.7925
7/2/2008,0.7925,0.801,0.7878,0.7958
8/2/2008,0.7958,0.7976,0.7826,0.7877
11/2/2008,0.7899,0.7922,0.7859,0.7902
12/2/2008,0.7902,0.7937,0.7874,0.7921
13/2/2008,0.7921,0.7921,0.7799,0.7815
14/2/2008,0.7815,0.7907,0.7813,0.7878
15/2/2008,0.7878,0.7972,0.7837,0.7957
18/2/2008,0.7956,0.8015,0.7943,0.8013
19/2/2008,0.8013,0.8129,0.8009,0.8108
20/2/2008,0.8108,0.8127,0.8045,0.8081
21/2/2008,0.8081,0.8126,0.8056,0.8095
22/2/2008,0.8095,0.8211,0.8078,0.8191
25/2/2008,0.8183,0.8195,0.8045,0.8085
26/2/2008,0.8085,0.8118,0.7978,0.802
27/2/2008,0.802,0.8052,0.7976,0.8002
28/2/2008,0.8002,0.8029,0.7914,0.7951
29/2/2008,0.7951,0.7995,0.7817,0.789
3/3/2008,0.7885,0.8009,0.7805,0.7986
4/3/2008,0.7986,0.7995,0.7904,0.7958
5/3/2008,0.7958,0.7962,0.7857,0.7898
6/3/2008,0.7899,0.7937,0.7853,0.7853
7/3/2008,0.7853,0.7901,0.7767,0.7864
10/3/2008,0.7864,0.7895,0.7819,0.7856
11/3/2008,0.7856,0.799,0.7847,0.7972
12/3/2008,0.7972,0.8008,0.7887,0.7978
13/3/2008,0.7978,0.8068,0.7932,0.8056
14/3/2008,0.8056,0.8158,0.7997,0.8047
17/3/2008,0.805,0.8137,0.7927,0.7997
18/3/2008,0.7997,0.8092,0.7945,0.8006
19/3/2008,0.8006,0.8142,0.8003,0.8109
20/3/2008,0.8109,0.8205,0.8066,0.81
21/3/2008,0.81,0.8154,0.8078,0.8104
24/3/2008,0.8113,0.8175,0.8068,0.8113
25/3/2008,0.8113,0.8218,0.8111,0.8202
26/3/2008,0.8202,0.8217,0.8134,0.8188
27/3/2008,0.8188,0.8235,0.8139,0.8184
28/3/2008,0.8184,0.8213,0.8093,0.8155
31/3/2008,0.8128,0.8146,0.8043,0.8058
1/4/2008,0.8058,0.8072,0.7998,0.8039
2/4/2008,0.8039,0.8077,0.7986,0.8027
3/4/2008,0.8027,0.803,0.788,0.789
4/4/2008,0.789,0.797,0.7859,0.796
7/4/2008,0.7963,0.8088,0.7929,0.807
8/4/2008,0.807,0.811,0.8027,0.81
9/4/2008,0.81,0.8144,0.8046,0.8119
10/4/2008,0.8119,0.8177,0.8114,0.8145
11/4/2008,0.8145,0.8156,0.8078,0.8119
14/4/2008,0.8116,0.8133,0.8017,0.8068
15/4/2008,0.8068,0.8091,0.7971,0.8007
16/4/2008,0.8008,0.8021,0.7898,0.7929
17/4/2008,0.7929,0.7998,0.7869,0.7992
18/4/2008,0.7992,0.8006,0.7915,0.7932
21/4/2008,0.7936,0.7998,0.7929,0.7981
22/4/2008,0.7981,0.8074,0.7971,0.8041
23/4/2008,0.8041,0.8159,0.8019,0.8122
24/4/2008,0.8122,0.8128,0.7978,0.7995
25/4/2008,0.7995,0.8005,0.7905,0.7926
28/4/2008,0.7928,0.8007,0.7887,0.7959
29/4/2008,0.7959,0.7961,0.7823,0.7855
30/4/2008,0.7856,0.7912,0.7823,0.7884
1/5/2008,0.7884,0.7937,0.7844,0.7924
2/5/2008,0.7933,0.8001,0.7905,0.7952
5/5/2008,0.7954,0.7987,0.7947,0.7957
6/5/2008,0.7957,0.8008,0.7901,0.7935
7/5/2008,0.7934,0.794,0.7831,0.7888
8/5/2008,0.7888,0.7896,0.7778,0.7847
9/5/2008,0.785,0.7864,0.7708,0.7734
12/5/2008,0.7738,0.776,0.7696,0.7749
13/5/2008,0.7748,0.7761,0.7661,0.7672
14/5/2008,0.7671,0.7687,0.7585,0.7636
15/5/2008,0.7637,0.7648,0.7548,0.7639
16/5/2008,0.7639,0.7746,0.762,0.7735
19/5/2008,0.7738,0.776,0.7646,0.7655
20/5/2008,0.7655,0.7721,0.7642,0.768
21/5/2008,0.768,0.7724,0.7632,0.7644
22/5/2008,0.7644,0.7779,0.7633,0.7705
23/5/2008,0.7705,0.7795,0.7703,0.7771
26/5/2008,0.7765,0.7822,0.7741,0.78
27/5/2008,0.78,0.7865,0.7789,0.7846
28/5/2008,0.7847,0.7853,0.776,0.7781
29/5/2008,0.7781,0.7788,0.7668,0.7698
30/5/2008,0.7698,0.7809,0.7694,0.7779
2/6/2008,0.7765,0.7874,0.7765,0.786
3/6/2008,0.7859,0.7896,0.7823,0.7884
4/6/2008,0.7884,0.7948,0.7857,0.7928
5/6/2008,0.7928,0.7929,0.7761,0.7818
6/6/2008,0.7818,0.7839,0.7783,0.7827
9/6/2008,0.7829,0.7852,0.7744,0.7766
10/6/2008,0.7768,0.7795,0.7663,0.7694
11/6/2008,0.7694,0.7749,0.767,0.7704
12/6/2008,0.7704,0.7721,0.7652,0.7677
13/6/2008,0.7677,0.7726,0.7638,0.7716
16/6/2008,0.7717,0.7754,0.7673,0.7713
17/6/2008,0.7713,0.7741,0.7657,0.7695
18/6/2008,0.7696,0.773,0.7685,0.7721
19/6/2008,0.7721,0.7755,0.7677,0.7747
20/6/2008,0.7748,0.7779,0.7718,0.7737
23/6/2008,0.7741,0.7767,0.7677,0.7697
24/6/2008,0.7697,0.7708,0.7663,0.7664
25/6/2008,0.7664,0.7692,0.7637,0.7673
26/6/2008,0.7673,0.7674,0.7627,0.7654
27/6/2008,0.7653,0.7724,0.7627,0.7688
30/6/2008,0.769,0.7786,0.7684,0.7786
1/7/2008,0.7786,0.7786,0.7704,0.7744
2/7/2008,0.7744,0.7756,0.7682,0.7693
3/7/2008,0.7694,0.7731,0.7683,0.7702
4/7/2008,0.7702,0.7747,0.7668,0.7742
7/7/2008,0.7722,0.7742,0.7643,0.7675
8/7/2008,0.7675,0.769,0.7627,0.7682
9/7/2008,0.7682,0.7697,0.7638,0.7669
10/7/2008,0.7669,0.7702,0.7636,0.7654
11/7/2008,0.7653,0.7748,0.765,0.7684
14/7/2008,0.7689,0.7712,0.7627,0.7692
15/7/2008,0.769,0.7758,0.7671,0.7739
16/7/2008,0.7738,0.7751,0.7712,0.7735
17/7/2008,0.7734,0.774,0.763,0.7677
18/7/2008,0.7676,0.7704,0.7653,0.7655
21/7/2008,0.7656,0.7671,0.7603,0.7616
22/7/2008,0.7615,0.7675,0.7607,0.7657
23/7/2008,0.7658,0.7681,0.7561,0.7578
24/7/2008,0.7578,0.7578,0.7472,0.7538
25/7/2008,0.7539,0.7584,0.7512,0.7564
28/7/2008,0.7559,0.7631,0.7555,0.7615
29/7/2008,0.7616,0.7633,0.7534,0.7575
30/7/2008,0.7576,0.7581,0.7489,0.7513
31/7/2008,0.7511,0.7548,0.7481,0.7524
1/8/2008,0.7525,0.7525,0.7434,0.747
4/8/2008,0.7469,0.7578,0.7458,0.7563
5/8/2008,0.7562,0.7588,0.7516,0.7582
6/8/2008,0.7581,0.7586,0.7513,0.753
7/8/2008,0.753,0.7561,0.7493,0.7523
8/8/2008,0.7523,0.7537,0.7376,0.7512
11/8/2008,0.7507,0.7539,0.7447,0.7477
12/8/2008,0.7477,0.7483,0.7398,0.7402
13/8/2008,0.7401,0.7499,0.7282,0.7473
14/8/2008,0.7473,0.748,0.7413,0.7447
15/8/2008,0.7446,0.7511,0.7412,0.7475
18/8/2008,0.748,0.7578,0.7449,0.7557
19/8/2008,0.7559,0.7595,0.7505,0.7569
20/8/2008,0.7568,0.7599,0.7521,0.7558
21/8/2008,0.7558,0.7573,0.7499,0.7519
22/8/2008,0.7518,0.7534,0.7405,0.7421
25/8/2008,0.7421,0.7444,0.7392,0.7399
26/8/2008,0.7399,0.7414,0.7231,0.7313
27/8/2008,0.7312,0.7361,0.7279,0.7338
28/8/2008,0.7341,0.7424,0.7336,0.7378
29/8/2008,0.7377,0.746,0.7367,0.7454
1/9/2008,0.7436,0.7452,0.7393,0.7427
2/9/2008,0.7427,0.744,0.7284,0.733
3/9/2008,0.7331,0.7344,0.7218,0.7281
4/9/2008,0.728,0.7296,0.7158,0.7197
5/9/2008,0.7197,0.72,0.7058,0.7102
8/9/2008,0.7102,0.7234,0.7093,0.7152
9/9/2008,0.7152,0.7216,0.7057,0.7158
10/9/2008,0.7158,0.7182,0.7088,0.7097
11/9/2008,0.7104,0.7104,0.6926,0.7053
12/9/2008,0.7053,0.7109,0.6994,0.7081
15/9/2008,0.7027,0.7126,0.7005,0.706
16/9/2008,0.7062,0.7084,0.694,0.7056
17/9/2008,0.7056,0.7145,0.6972,0.7093
18/9/2008,0.7096,0.7227,0.7039,0.7181
19/9/2008,0.7178,0.726,0.7118,0.7207
22/9/2008,0.7227,0.7245,0.7128,0.7133
23/9/2008,0.7133,0.7163,0.7041,0.7074
24/9/2008,0.7074,0.7116,0.7025,0.7094
25/9/2008,0.7095,0.7147,0.7031,0.7059
26/9/2008,0.7058,0.7129,0.7021,0.7091
29/9/2008,0.7092,0.7129,0.6981,0.7029
30/9/2008,0.7028,0.7166,0.6963,0.7129
1/10/2008,0.713,0.7201,0.7089,0.7126
2/10/2008,0.7124,0.7171,0.7061,0.7088
3/10/2008,0.7088,0.7206,0.7073,0.7162
6/10/2008,0.7165,0.7165,0.6817,0.6996
7/10/2008,0.6995,0.7069,0.6881,0.6898
8/10/2008,0.6898,0.6958,0.6506,0.6777
9/10/2008,0.6779,0.7116,0.6661,0.6985
10/10/2008,0.6985,0.7235,0.6845,0.6977
13/10/2008,0.6985,0.7188,0.6937,0.7095
14/10/2008,0.7094,0.7264,0.7033,0.7185
15/10/2008,0.7185,0.7364,0.7093,0.714
16/10/2008,0.7142,0.736,0.7042,0.7274
17/10/2008,0.7275,0.7337,0.7201,0.7233
20/10/2008,0.7273,0.7476,0.7198,0.7422
21/10/2008,0.7423,0.7507,0.7307,0.7349
22/10/2008,0.7349,0.7501,0.7289,0.7417
23/10/2008,0.7418,0.7566,0.7294,0.7419
24/10/2008,0.7424,0.7457,0.6989,0.711
27/10/2008,0.7107,0.7144,0.6911,0.7013
28/10/2008,0.7014,0.7278,0.7006,0.7184
29/10/2008,0.7184,0.739,0.7142,0.7162
30/10/2008,0.7161,0.722,0.7057,0.7104
31/10/2008,0.7104,0.7186,0.6988,0.7074
3/11/2008,0.7074,0.713,0.6958,0.6987
4/11/2008,0.6987,0.7109,0.694,0.696
5/11/2008,0.6967,0.7079,0.6908,0.6964
6/11/2008,0.6964,0.7073,0.6926,0.7024
7/11/2008,0.7024,0.7074,0.6888,0.7024
10/11/2008,0.7021,0.7153,0.6905,0.6931
11/11/2008,0.6931,0.7036,0.6854,0.6911
12/11/2008,0.6911,0.6995,0.6864,0.6954
13/11/2008,0.6954,0.699,0.6833,0.6922
14/11/2008,0.6922,0.6971,0.6787,0.6848
17/11/2008,0.6847,0.6903,0.6733,0.675
18/11/2008,0.6749,0.6817,0.6704,0.6804
19/11/2008,0.6804,0.6857,0.6738,0.6794
20/11/2008,0.6794,0.6874,0.6715,0.6765
21/11/2008,0.6765,0.6873,0.6721,0.6819
24/11/2008,0.6792,0.6877,0.6685,0.6768
25/11/2008,0.6768,0.6795,0.6629,0.6711
26/11/2008,0.6711,0.6828,0.6687,0.6814
27/11/2008,0.6817,0.6847,0.6713,0.6788
28/11/2008,0.6788,0.6847,0.6763,0.6813
1/12/2008,0.6792,0.6802,0.6561,0.6617
2/12/2008,0.6617,0.6692,0.6545,0.6626
3/12/2008,0.6626,0.6732,0.659,0.6668
4/12/2008,0.6668,0.6829,0.6652,0.6799
5/12/2008,0.6799,0.6843,0.6753,0.6784
8/12/2008,0.679,0.6885,0.6743,0.6847
9/12/2008,0.6847,0.6902,0.6728,0.6848
10/12/2008,0.6849,0.6924,0.6801,0.6839
11/12/2008,0.6838,0.692,0.674,0.6825
12/12/2008,0.6825,0.6847,0.6736,0.6826
15/12/2008,0.682,0.6891,0.6761,0.684
16/12/2008,0.684,0.6989,0.6821,0.6959
17/12/2008,0.696,0.7155,0.6938,0.7062
18/12/2008,0.7062,0.7217,0.6992,0.7029
19/12/2008,0.7029,0.7171,0.6972,0.7011
22/12/2008,0.6999,0.7056,0.6905,0.6987
23/12/2008,0.6989,0.702,0.6866,0.692
24/12/2008,0.692,0.7022,0.6901,0.6985
25/12/2008,0.6984,0.7013,0.6784,0.6972
26/12/2008,0.6972,0.7077,0.6961,0.7034
29/12/2008,0.704,0.7144,0.694,0.7029
30/12/2008,0.7029,0.7178,0.7026,0.7035
31/12/2008,0.7035,0.7218,0.6979,0.7087
1/1/2009,0.707,0.7187,0.7038,0.7058
2/1/2009,0.7088,0.714,0.7032,0.706
5/1/2009,0.71,0.717,0.6982,0.7018
6/1/2009,0.7016,0.71,0.6948,0.7089
7/1/2009,0.709,0.7137,0.7025,0.7064
8/1/2009,0.7064,0.7109,0.6992,0.7036
9/1/2009,0.7036,0.7092,0.6982,0.7028
12/1/2009,0.7045,0.7064,0.6904,0.7009
13/1/2009,0.7013,0.7014,0.6715,0.6775
14/1/2009,0.6775,0.6793,0.6646,0.6775
15/1/2009,0.6775,0.6794,0.6638,0.6733
16/1/2009,0.6733,0.6851,0.673,0.6796
19/1/2009,0.6811,0.6875,0.6725,0.673
20/1/2009,0.6729,0.6749,0.6567,0.6613
21/1/2009,0.6613,0.6733,0.6542,0.6673
22/1/2009,0.6673,0.6725,0.6594,0.6604
23/1/2009,0.6604,0.6653,0.6512,0.6515
26/1/2009,0.6538,0.6558,0.639,0.6439
27/1/2009,0.6439,0.6522,0.6437,0.6517
28/1/2009,0.6503,0.6525,0.6327,0.6349
29/1/2009,0.6347,0.6378,0.6258,0.6307
30/1/2009,0.6307,0.6318,0.6219,0.6257
2/2/2009,0.625,0.6297,0.6151,0.6274
3/2/2009,0.6274,0.6354,0.6245,0.6317
4/2/2009,0.6318,0.6335,0.6222,0.6255
5/2/2009,0.6255,0.6393,0.6237,0.637
6/2/2009,0.637,0.6595,0.6319,0.6495
9/2/2009,0.6508,0.6651,0.6376,0.6556
10/2/2009,0.6556,0.6591,0.6465,0.6509
11/2/2009,0.6509,0.6591,0.6486,0.651
12/2/2009,0.651,0.6593,0.6431,0.6462
13/2/2009,0.6462,0.6562,0.6447,0.6458
16/2/2009,0.6451,0.6489,0.642,0.6427
17/2/2009,0.6427,0.6468,0.6351,0.6421
18/2/2009,0.6421,0.6488,0.6395,0.6418
19/2/2009,0.6418,0.6486,0.6396,0.6397
20/2/2009,0.6397,0.6448,0.6321,0.6412
23/2/2009,0.6381,0.6432,0.6342,0.6347
24/2/2009,0.6346,0.6427,0.6318,0.6384
25/2/2009,0.6384,0.6459,0.6367,0.6405
26/2/2009,0.6405,0.6422,0.6339,0.6373
27/2/2009,0.6373,0.6382,0.6313,0.6377
2/3/2009,0.6362,0.6487,0.6284,0.6372
3/3/2009,0.6372,0.647,0.635,0.6395
4/3/2009,0.6395,0.6485,0.6338,0.644
5/3/2009,0.644,0.6467,0.64,0.6437
6/3/2009,0.6437,0.6506,0.6412,0.6466
9/3/2009,0.646,0.648,0.64,0.644
10/3/2009,0.644,0.6468,0.6391,0.6435
11/3/2009,0.6435,0.6599,0.6399,0.6597
12/3/2009,0.6597,0.6692,0.6557,0.6649
13/3/2009,0.6649,0.6724,0.6624,0.6658
16/3/2009,0.6573,0.6777,0.6501,0.6739
17/3/2009,0.6739,0.6775,0.6704,0.6739
18/3/2009,0.6738,0.6816,0.6682,0.6788
19/3/2009,0.6788,0.6918,0.6737,0.686
20/3/2009,0.686,0.6962,0.6854,0.6932
23/3/2009,0.6934,0.7026,0.693,0.6958
24/3/2009,0.6958,0.6999,0.6901,0.6937
25/3/2009,0.6937,0.7007,0.6857,0.6973
26/3/2009,0.6973,0.7146,0.6965,0.7083
27/3/2009,0.7082,0.7114,0.7035,0.7085
30/3/2009,0.7085,0.7113,0.6991,0.7112
31/3/2009,0.7112,0.7212,0.7045,0.705
1/4/2009,0.705,0.7184,0.7018,0.7154
2/4/2009,0.7154,0.7222,0.7097,0.7148
3/4/2009,0.7148,0.7296,0.7143,0.7205
6/4/2009,0.7204,0.7317,0.7193,0.7283
7/4/2009,0.7283,0.7286,0.7097,0.7124
8/4/2009,0.7124,0.7166,0.7081,0.7164
9/4/2009,0.7165,0.7211,0.7114,0.7136
10/4/2009,0.7136,0.7166,0.7124,0.7148
13/4/2009,0.7182,0.7231,0.7145,0.7226
14/4/2009,0.7226,0.7231,0.7067,0.7086
15/4/2009,0.7086,0.7091,0.6915,0.6993
16/4/2009,0.6992,0.7002,0.6849,0.6913
17/4/2009,0.6913,0.6955,0.6855,0.6891
20/4/2009,0.6883,0.6927,0.6789,0.6845
21/4/2009,0.6845,0.6985,0.6838,0.6969
22/4/2009,0.6969,0.6973,0.6869,0.6883
23/4/2009,0.6883,0.6939,0.6836,0.6868
24/4/2009,0.6868,0.6954,0.6857,0.6922
27/4/2009,0.6928,0.694,0.6844,0.6903
28/4/2009,0.6904,0.6908,0.6757,0.6814
29/4/2009,0.6814,0.6952,0.6805,0.6892
30/4/2009,0.6892,0.6893,0.6728,0.6739
1/5/2009,0.6739,0.6807,0.6715,0.6751
4/5/2009,0.6755,0.6816,0.6735,0.6753
5/5/2009,0.6753,0.6864,0.6736,0.682
6/5/2009,0.682,0.6884,0.6789,0.6805
7/5/2009,0.6805,0.6987,0.6795,0.6912
8/5/2009,0.6912,0.6973,0.69,0.691
11/5/2009,0.698400,0.704600,0.694200,0.700300
12/5/2009,0.699700,0.706900,0.696300,0.704600
13/5/2009,0.703500,0.706900,0.690600,0.695000
14/5/2009,0.696000,0.700700,0.689700,0.697600
15/5/2009,0.695600,0.696700,0.688000,0.691000
18/5/2009,0.689200,0.693300,0.685900,0.692300
19/5/2009,0.693400,0.701500,0.691800,0.696100
20/5/2009,0.696200,0.700200,0.689300,0.691600
21/5/2009,0.692100,0.695500,0.688400,0.694200
22/5/2009,0.697700,0.701200,0.693000,0.693500
25/5/2009,0.692200,0.699000,0.690700,0.697400
26/5/2009,0.697300,0.699900,0.691100,0.697900
27/5/2009,0.694300,0.695300,0.687800,0.689600
28/5/2009,0.690600,0.700400,0.686200,0.694600
29/5/2009,0.695700,0.700100,0.694200,0.697400
1/6/2009,0.697400,0.713000,0.696600,0.710700
2/6/2009,0.707000,0.713100,0.705600,0.710100
3/6/2009,0.708000,0.709400,0.695200,0.705400
4/6/2009,0.705000,0.706400,0.692500,0.696300
5/6/2009,0.694800,0.706300,0.694700,0.700800
8/6/2009,0.700700,0.702400,0.690500,0.692400
9/6/2009,0.693800,0.694700,0.686900,0.692100
10/6/2009,0.692100,0.700500,0.691900,0.694700
11/6/2009,0.702400,0.711300,0.700800,0.709200
12/6/2009,0.710600,0.719500,0.709200,0.718500
15/6/2009,0.716100,0.717800,0.712900,0.714800
16/6/2009,0.713600,0.721600,0.708900,0.714600
17/6/2009,0.712100,0.719000,0.712100,0.717500
18/6/2009,0.717200,0.727000,0.714500,0.722900
19/6/2009,0.723700,0.731700,0.720200,0.730200
22/6/2009,0.728600,0.732500,0.725300,0.725900
23/6/2009,0.724800,0.737400,0.723100,0.735900
24/6/2009,0.734800,0.741800,0.733100,0.739400
25/6/2009,0.738200,0.746500,0.737100,0.745400
26/6/2009,0.742000,0.746400,0.739000,0.744000
29/6/2009,0.746600,0.754700,0.743100,0.752800
30/6/2009,0.750800,0.751500,0.749200,0.750200
1/7/2009,0.750800,0.751500,0.734100,0.735800
3/7/2009,0.730100,0.734700,0.729200,0.731500
7/7/2009,0.738600,0.740000,0.733200,0.733200
8/7/2009,0.733200,0.733600,0.724300,0.731000
9/7/2009,0.734600,0.734800,0.734100,0.734100
10/7/2009,0.734600,0.735100,0.726900,0.730400
13/7/2009,0.729500,0.730800,0.721800,0.727900
14/7/2009,0.729600,0.729900,0.720700,0.724200
15/7/2009,0.726500,0.728400,0.722700,0.722700
16/7/2009,0.723700,0.725900,0.715600,0.725300
20/7/2009,0.720200,0.727900,0.717100,0.727100
21/7/2009,0.727300,0.727500,0.720900,0.724600
22/7/2009,0.726100,0.727400,0.720700,0.724800
23/7/2009,0.724900,0.727300,0.710800,0.712100
27/7/2009,0.711500,0.714800,0.708100,0.710400
28/7/2009,0.708900,0.716600,0.708000,0.712000
29/7/2009,0.709600,0.715500,0.709600,0.714700
30/7/2009,0.708700,0.711500,0.705100,0.707100
31/7/2009,0.707000,0.714200,0.706100,0.713100
4/8/2009,0.712900,0.723000,0.710200,0.722800
5/8/2009,0.722000,0.726400,0.719400,0.721100
8/9/2009,0.746400,0.753000,0.744500,0.752000
11/9/2009,0.757200,0.762400,0.756100,0.761100
14/9/2009,0.760400,0.763800,0.756000,0.758500
1/10/2009,0.773100,0.776400,0.770900,0.774500
7/10/2009,0.778600,0.781500,0.775900,0.781200
9/10/2009,0.780000,0.780900,0.762600,0.765900
13/10/2009,0.763000,0.764700,0.756800,0.763100
16/10/2009,0.771700,0.772100,0.765700,0.766700
2/11/2009,0.776000,0.780900,0.771900,0.774000
5/11/2009,0.767600,0.770200,0.763600,0.769200
10/11/2009,0.783000,0.785400,0.778100,0.780300
11/11/2009,0.779000,0.780200,0.772100,0.772100
24/11/2009,0.771700,0.772800,0.765800,0.768000
25/11/2009,0.768400,0.772500,0.761200,0.765200
26/11/2009,0.762900,0.763800,0.755700,0.759100
2/12/2009,0.760600,0.762300,0.757000,0.759400
3/12/2009,0.761200,0.764600,0.759500,0.763100
4/12/2009,0.762000,0.765500,0.752600,0.757500
8/12/2009,0.751400,0.754800,0.749000,0.752600
9/12/2009,0.753200,0.759600,0.749100,0.758400
11/12/2009,0.765000,0.770000,0.762000,0.769400
18/12/2009,0.759200,0.761100,0.754900,0.759000
22/12/2009,0.748100,0.748600,0.739500,0.740400
1/1/2010,0.761400,0.761400,0.761400,0.761400
11/1/2010,0.758800,0.768700,0.758600,0.767200
19/1/2010,0.759000,0.763700,0.756400,0.759700
20/1/2010,0.757300,0.757600,0.747700,0.755400
2/2/2010,0.000000,0.000000,0.000000,0.000000
4/2/2010,0.740800,0.741800,0.737400,0.739600
15/2/2010,0.731800,0.734600,0.729800,0.731800
16/2/2010,0.732500,0.737300,0.732000,0.734900
22/2/2010,0.728400,0.731900,0.727300,0.731300
24/2/2010,0.732700,0.732800,0.727500,0.730800
25/2/2010,0.730000,0.734100,0.726400,0.732900
1/3/2010,0.735900,0.736200,0.728300,0.728700
5/3/2010,0.708600,0.718800,0.707900,0.717900
11/3/2010,0.716500,0.720500,0.716100,0.718400
18/3/2010,0.721200,0.725700,0.721000,0.724700
25/3/2010,0.720100,0.724100,0.718700,0.720500
21/4/2010,0.709200,0.710500,0.706900,0.709800
7/5/2010,0.748700,0.748700,0.740000,0.744600
10/5/2010,0.743500,0.747600,0.737700,0.739500
12/5/2010,0.732700,0.732800,0.725100,0.727000
