30/4/2007,0.7431,0.7435,0.7371,0.7405
1/5/2007,0.7403,0.7447,0.7391,0.7407
2/5/2007,0.7405,0.7411,0.7364,0.7376
3/5/2007,0.7373,0.7399,0.7345,0.7358
4/5/2007,0.7361,0.7379,0.7332,0.7365
7/5/2007,0.7376,0.7397,0.7345,0.737
8/5/2007,0.7368,0.7402,0.7359,0.7376
9/5/2007,0.7374,0.7387,0.7334,0.7344
10/5/2007,0.7342,0.7358,0.727,0.7273
11/5/2007,0.727,0.7348,0.7253,0.7339
14/5/2007,0.7349,0.7402,0.7327,0.7373
15/5/2007,0.7372,0.7406,0.7348,0.7387
16/5/2007,0.7386,0.7395,0.7321,0.7329
17/5/2007,0.7327,0.7343,0.728,0.7307
18/5/2007,0.7306,0.732,0.7267,0.7306
21/5/2007,0.7313,0.732,0.7277,0.7302
22/5/2007,0.73,0.7307,0.7261,0.7266
23/5/2007,0.7264,0.7316,0.7247,0.7297
24/5/2007,0.7295,0.73,0.7239,0.7248
25/5/2007,0.7246,0.7284,0.7242,0.7257
28/5/2007,0.7272,0.7306,0.7252,0.7273
29/5/2007,0.7271,0.73,0.7249,0.7273
30/5/2007,0.7271,0.7312,0.7261,0.7301
31/5/2007,0.7299,0.7377,0.7287,0.7368
1/6/2007,0.7366,0.7459,0.7361,0.745
4/6/2007,0.7419,0.7478,0.7419,0.7474
5/6/2007,0.7472,0.7544,0.7464,0.7495
6/6/2007,0.7493,0.7554,0.7485,0.7515
7/6/2007,0.751,0.7577,0.7499,0.7505
8/6/2007,0.7503,0.7639,0.7474,0.7637
11/6/2007,0.7641,0.7641,0.7465,0.7522
12/6/2007,0.752,0.7542,0.7486,0.7487
13/6/2007,0.7486,0.7518,0.7456,0.7517
14/6/2007,0.7516,0.7527,0.7472,0.7502
15/6/2007,0.75,0.7551,0.7497,0.7551
18/6/2007,0.748,0.7573,0.748,0.7538
19/6/2007,0.7536,0.7594,0.7534,0.7583
20/6/2007,0.7581,0.7635,0.7576,0.7599
21/6/2007,0.7597,0.7657,0.7582,0.7636
22/6/2007,0.7634,0.7682,0.7602,0.764
25/6/2007,0.7655,0.7686,0.7621,0.7656
26/6/2007,0.7653,0.7693,0.7642,0.7659
27/6/2007,0.7658,0.767,0.7572,0.7609
28/6/2007,0.7608,0.7712,0.7605,0.7695
29/6/2007,0.7694,0.7739,0.768,0.7727
2/7/2007,0.7675,0.7837,0.7675,0.782
3/7/2007,0.7817,0.7842,0.7793,0.7808
4/7/2007,0.7806,0.7832,0.7805,0.7817
5/7/2007,0.7815,0.788,0.7809,0.7816
6/7/2007,0.7815,0.7867,0.78,0.7823
9/7/2007,0.7818,0.7835,0.7778,0.781
10/7/2007,0.7808,0.7813,0.774,0.7782
11/7/2007,0.778,0.7829,0.7716,0.7824
12/7/2007,0.7822,0.7844,0.7793,0.7844
13/7/2007,0.7842,0.7879,0.7816,0.7872
16/7/2007,0.787,0.7933,0.7853,0.7932
17/7/2007,0.7931,0.7941,0.7888,0.7899
18/7/2007,0.7898,0.7946,0.7885,0.7933
19/7/2007,0.7931,0.7939,0.7907,0.7928
20/7/2007,0.7926,0.7992,0.7926,0.7973
23/7/2007,0.7978,0.8064,0.7947,0.8058
24/7/2007,0.8056,0.811,0.8033,0.8059
25/7/2007,0.8057,0.8082,0.7998,0.8036
26/7/2007,0.8033,0.8051,0.7816,0.7822
27/7/2007,0.782,0.7875,0.7631,0.7653
30/7/2007,0.76,0.7695,0.7553,0.7679
31/7/2007,0.7678,0.7732,0.7613,0.7624
1/8/2007,0.7622,0.7668,0.7533,0.7663
2/8/2007,0.7661,0.7716,0.7605,0.7691
3/8/2007,0.7689,0.7702,0.7604,0.7605
6/8/2007,0.7603,0.7658,0.7556,0.7657
7/8/2007,0.7654,0.7665,0.7556,0.7614
8/8/2007,0.761,0.7694,0.7593,0.7683
9/8/2007,0.7681,0.7703,0.7506,0.752
10/8/2007,0.7518,0.7521,0.7401,0.7454
13/8/2007,0.7456,0.7477,0.7362,0.7393
14/8/2007,0.7392,0.7398,0.7263,0.7264
15/8/2007,0.7263,0.7268,0.7099,0.71
16/8/2007,0.7099,0.7103,0.6714,0.6883
17/8/2007,0.688,0.7016,0.6643,0.6977
20/8/2007,0.695,0.7082,0.6827,0.6987
21/8/2007,0.6985,0.7024,0.692,0.6965
22/8/2007,0.6963,0.7023,0.6888,0.7008
23/8/2007,0.701,0.7183,0.7007,0.715
24/8/2007,0.7148,0.7219,0.7088,0.7215
27/8/2007,0.7198,0.7274,0.7162,0.7162
28/8/2007,0.716,0.7164,0.6972,0.6977
29/8/2007,0.6975,0.7097,0.687,0.7088
30/8/2007,0.7086,0.7108,0.6984,0.7023
31/8/2007,0.7021,0.7103,0.6989,0.7017
3/9/2007,0.7014,0.7064,0.6991,0.7042
4/9/2007,0.7038,0.7049,0.6941,0.6968
5/9/2007,0.6966,0.6975,0.6852,0.6867
6/9/2007,0.6865,0.6937,0.6836,0.6927
7/9/2007,0.6925,0.6939,0.6861,0.6912
10/9/2007,0.686,0.6988,0.6826,0.697
11/9/2007,0.6967,0.7072,0.6923,0.7067
12/9/2007,0.7065,0.7161,0.7046,0.7118
13/9/2007,0.7111,0.7187,0.7075,0.712
14/9/2007,0.7117,0.716,0.7068,0.7131
17/9/2007,0.71,0.7153,0.7028,0.7068
18/9/2007,0.7066,0.7274,0.7006,0.7267
19/9/2007,0.7265,0.7369,0.7229,0.7356
20/9/2007,0.7354,0.7452,0.7327,0.7374
21/9/2007,0.7372,0.7468,0.737,0.7444
24/9/2007,0.7408,0.7488,0.7408,0.7468
25/9/2007,0.7466,0.7475,0.7306,0.7431
26/9/2007,0.7428,0.7463,0.7405,0.7451
27/9/2007,0.7447,0.7523,0.744,0.7502
28/9/2007,0.75,0.7589,0.75,0.7579
1/10/2007,0.7574,0.767,0.7558,0.7666
2/10/2007,0.7664,0.7669,0.7555,0.7576
3/10/2007,0.7577,0.7637,0.7519,0.7548
4/10/2007,0.7545,0.7571,0.7503,0.7549
5/10/2007,0.7547,0.7636,0.7544,0.761
8/10/2007,0.7608,0.7674,0.7602,0.7617
9/10/2007,0.7615,0.7654,0.7587,0.7652
10/10/2007,0.765,0.7664,0.7595,0.7634
11/10/2007,0.7632,0.7749,0.7612,0.7693
12/10/2007,0.7691,0.7769,0.7675,0.7766
15/10/2007,0.778,0.7787,0.7593,0.7616
16/10/2007,0.7614,0.7642,0.7393,0.7462
17/10/2007,0.746,0.7557,0.741,0.7523
18/10/2007,0.752,0.7558,0.7462,0.7543
19/10/2007,0.754,0.7581,0.744,0.7476
22/10/2007,0.7474,0.7501,0.7366,0.7466
23/10/2007,0.7464,0.7587,0.7458,0.7571
24/10/2007,0.7568,0.7602,0.7469,0.7548
25/10/2007,0.7545,0.7624,0.7524,0.7618
26/10/2007,0.7616,0.7676,0.7607,0.7662
29/10/2007,0.765,0.7739,0.765,0.7686
30/10/2007,0.7684,0.7714,0.7637,0.7646
31/10/2007,0.7644,0.7738,0.7624,0.7732
1/11/2007,0.7731,0.7738,0.7572,0.7582
2/11/2007,0.758,0.7669,0.7576,0.7655
5/11/2007,0.764,0.7709,0.7621,0.7698
6/11/2007,0.7695,0.7807,0.7695,0.78
7/11/2007,0.7798,0.7893,0.7748,0.775
8/11/2007,0.7748,0.7806,0.7666,0.7759
9/11/2007,0.7757,0.7821,0.7626,0.7641
12/11/2007,0.7621,0.7631,0.7437,0.7437
13/11/2007,0.7435,0.7617,0.7435,0.7594
14/11/2007,0.7599,0.7677,0.7553,0.7628
15/11/2007,0.7631,0.7663,0.7533,0.7535
16/11/2007,0.7533,0.7621,0.7523,0.7576
19/11/2007,0.7545,0.762,0.7528,0.7538
20/11/2007,0.7535,0.7667,0.7492,0.7654
21/11/2007,0.7652,0.7669,0.7457,0.7518
22/11/2007,0.7515,0.7581,0.7489,0.7509
23/11/2007,0.7507,0.7596,0.7506,0.7588
26/11/2007,0.7631,0.7631,0.7489,0.7507
27/11/2007,0.7505,0.7616,0.7491,0.7588
28/11/2007,0.7585,0.7762,0.7566,0.7752
29/11/2007,0.7749,0.7754,0.7677,0.7709
30/11/2007,0.7707,0.7752,0.7596,0.7643
3/12/2007,0.764,0.7684,0.7608,0.7637
4/12/2007,0.7637,0.7666,0.7597,0.7631
5/12/2007,0.7631,0.7714,0.7579,0.7696
6/12/2007,0.7697,0.7782,0.7684,0.7775
7/12/2007,0.7775,0.7817,0.7745,0.7768
10/12/2007,0.7761,0.7819,0.7699,0.7814
11/12/2007,0.7814,0.7858,0.7715,0.7731
12/12/2007,0.7731,0.7938,0.7728,0.786
13/12/2007,0.786,0.7882,0.7781,0.7804
14/12/2007,0.7804,0.7856,0.7645,0.7652
17/12/2007,0.7649,0.7695,0.7524,0.7548
18/12/2007,0.7548,0.7588,0.7508,0.7553
19/12/2007,0.7553,0.7587,0.7526,0.7558
20/12/2007,0.7558,0.7611,0.7535,0.7596
21/12/2007,0.7596,0.7679,0.7595,0.7635
24/12/2007,0.7637,0.7674,0.7623,0.7667
25/12/2007,0.7668,0.7673,0.7648,0.766
26/12/2007,0.7659,0.7697,0.7641,0.767
27/12/2007,0.767,0.772,0.7662,0.7708
28/12/2007,0.7708,0.7755,0.7688,0.7748
31/12/2007,0.7746,0.7796,0.7652,0.7659
1/1/2008,0.7659,0.7704,0.765,0.7668
2/1/2008,0.7673,0.7759,0.767,0.7752
3/1/2008,0.7752,0.7788,0.7695,0.7705
4/1/2008,0.7706,0.7752,0.765,0.7662
7/1/2008,0.7672,0.7703,0.7612,0.7688
8/1/2008,0.7688,0.7733,0.7673,0.7687
9/1/2008,0.7688,0.7744,0.7673,0.7728
10/1/2008,0.7728,0.787,0.7725,0.7851
11/1/2008,0.7851,0.788,0.7811,0.7826
14/1/2008,0.781,0.7915,0.7795,0.7908
15/1/2008,0.7908,0.7933,0.7764,0.7772
16/1/2008,0.7772,0.7809,0.7644,0.7717
17/1/2008,0.7717,0.7764,0.7641,0.7661
18/1/2008,0.7661,0.7689,0.7563,0.76
21/1/2008,0.7588,0.7618,0.7437,0.7456
22/1/2008,0.7456,0.7675,0.7385,0.7638
23/1/2008,0.7638,0.7691,0.7548,0.7664
24/1/2008,0.7664,0.7745,0.7617,0.774
25/1/2008,0.774,0.7751,0.7666,0.7679
28/1/2008,0.7678,0.7776,0.7667,0.7774
29/1/2008,0.7774,0.7796,0.7753,0.7784
30/1/2008,0.7783,0.7916,0.7761,0.7844
31/1/2008,0.7844,0.79,0.7752,0.7876
1/2/2008,0.7877,0.7961,0.7861,0.7949
4/2/2008,0.7943,0.7968,0.79,0.7936
5/2/2008,0.7936,0.7947,0.7783,0.7814
6/2/2008,0.7814,0.7892,0.7792,0.7878
7/2/2008,0.7878,0.7928,0.7826,0.7888
8/2/2008,0.7888,0.7915,0.7839,0.7885
11/2/2008,0.7885,0.7915,0.7863,0.789
12/2/2008,0.789,0.7958,0.7865,0.7907
13/2/2008,0.7906,0.7911,0.7815,0.7837
14/2/2008,0.7837,0.7918,0.7834,0.7877
15/2/2008,0.7877,0.7916,0.7843,0.7903
18/2/2008,0.7887,0.7956,0.788,0.7952
19/2/2008,0.7952,0.8024,0.795,0.7971
20/2/2008,0.7971,0.7992,0.7905,0.7978
21/2/2008,0.7978,0.8018,0.7972,0.8003
22/2/2008,0.8004,0.81,0.7988,0.8087
25/2/2008,0.8077,0.8121,0.8059,0.8116
26/2/2008,0.8116,0.8176,0.8067,0.8171
27/2/2008,0.8171,0.8213,0.8127,0.8162
28/2/2008,0.8162,0.8184,0.8107,0.8153
29/2/2008,0.8153,0.817,0.7972,0.7988
3/3/2008,0.799,0.8083,0.7924,0.8066
4/3/2008,0.8066,0.808,0.7959,0.8011
5/3/2008,0.8011,0.8036,0.7925,0.8024
6/3/2008,0.8024,0.8052,0.7953,0.7968
7/3/2008,0.7968,0.8014,0.7908,0.7937
10/3/2008,0.7931,0.7962,0.7877,0.7886
11/3/2008,0.7885,0.8044,0.7876,0.8037
12/3/2008,0.8037,0.8087,0.7997,0.8062
13/3/2008,0.8061,0.8185,0.8013,0.8184
14/3/2008,0.8184,0.8213,0.8116,0.8134
17/3/2008,0.8137,0.8201,0.7922,0.8013
18/3/2008,0.8013,0.8116,0.7978,0.8069
19/3/2008,0.8068,0.8175,0.7972,0.7999
20/3/2008,0.7999,0.8046,0.7867,0.7914
21/3/2008,0.7914,0.7958,0.7896,0.7919
24/3/2008,0.7913,0.7994,0.7885,0.7977
25/3/2008,0.7977,0.8082,0.7972,0.8067
26/3/2008,0.8067,0.8102,0.7988,0.8044
27/3/2008,0.8044,0.8065,0.8001,0.8035
28/3/2008,0.8034,0.8068,0.7941,0.7974
31/3/2008,0.7947,0.796,0.7846,0.7859
1/4/2008,0.7859,0.788,0.7783,0.787
2/4/2008,0.787,0.7928,0.7842,0.7898
3/4/2008,0.7899,0.791,0.781,0.7853
4/4/2008,0.7854,0.7897,0.7815,0.7894
7/4/2008,0.7887,0.7988,0.7868,0.7958
8/4/2008,0.7958,0.7998,0.7919,0.7995
9/4/2008,0.7995,0.8006,0.7932,0.7973
10/4/2008,0.7973,0.8026,0.7962,0.7988
11/4/2008,0.7988,0.801,0.7925,0.7932
14/4/2008,0.7891,0.7931,0.7853,0.7917
15/4/2008,0.7917,0.7947,0.7827,0.7864
16/4/2008,0.7864,0.7922,0.7833,0.7921
17/4/2008,0.7921,0.7934,0.7853,0.7908
18/4/2008,0.7908,0.794,0.7852,0.79
21/4/2008,0.7898,0.7971,0.7883,0.7939
22/4/2008,0.7939,0.7987,0.7903,0.7975
23/4/2008,0.7975,0.8033,0.7957,0.7986
24/4/2008,0.7986,0.7986,0.7863,0.7883
25/4/2008,0.7882,0.7887,0.7783,0.7819
28/4/2008,0.7818,0.7879,0.7818,0.786
29/4/2008,0.786,0.786,0.7727,0.7758
30/4/2008,0.7757,0.7853,0.7727,0.7821
1/5/2008,0.782,0.784,0.7739,0.7775
2/5/2008,0.7775,0.7844,0.7757,0.7801
5/5/2008,0.7809,0.7866,0.7791,0.7858
6/5/2008,0.7858,0.7937,0.7843,0.7915
7/5/2008,0.7915,0.7917,0.7812,0.7815
8/5/2008,0.7815,0.7825,0.7692,0.7715
9/5/2008,0.7715,0.7748,0.7651,0.7694
12/5/2008,0.7685,0.7727,0.763,0.7716
13/5/2008,0.7716,0.7718,0.7637,0.7643
14/5/2008,0.7642,0.7649,0.7592,0.7607
15/5/2008,0.7607,0.7643,0.7538,0.7641
16/5/2008,0.764,0.7745,0.762,0.7742
19/5/2008,0.7742,0.7774,0.769,0.772
20/5/2008,0.7719,0.7774,0.7714,0.7739
21/5/2008,0.774,0.7809,0.7727,0.777
22/5/2008,0.777,0.7896,0.7761,0.7825
23/5/2008,0.7825,0.7903,0.7824,0.785
26/5/2008,0.7872,0.7881,0.7828,0.787
27/5/2008,0.7869,0.7922,0.7857,0.7895
28/5/2008,0.7895,0.7903,0.7832,0.7859
29/5/2008,0.7859,0.7867,0.7769,0.7794
30/5/2008,0.7794,0.7846,0.7787,0.783
2/6/2008,0.7823,0.7868,0.7821,0.785
3/6/2008,0.785,0.7893,0.7802,0.7814
4/6/2008,0.7814,0.7842,0.7786,0.7799
5/6/2008,0.78,0.78,0.7616,0.7681
6/6/2008,0.768,0.7697,0.765,0.7673
9/6/2008,0.7679,0.7704,0.7574,0.7589
10/6/2008,0.7589,0.7603,0.7502,0.7528
11/6/2008,0.7528,0.758,0.7518,0.7553
12/6/2008,0.7553,0.7568,0.7482,0.7497
13/6/2008,0.7496,0.7536,0.7447,0.7496
16/6/2008,0.7501,0.7543,0.7486,0.7535
17/6/2008,0.7534,0.7573,0.7512,0.7553
18/6/2008,0.7554,0.7599,0.7536,0.7592
19/6/2008,0.7592,0.7634,0.7569,0.7628
20/6/2008,0.7628,0.7648,0.7602,0.761
23/6/2008,0.7609,0.7638,0.7559,0.7578
24/6/2008,0.7579,0.7598,0.7553,0.758
25/6/2008,0.758,0.7603,0.7546,0.7601
26/6/2008,0.76,0.7603,0.7543,0.7549
27/6/2008,0.7548,0.7633,0.7534,0.7609
30/6/2008,0.7614,0.7664,0.7591,0.7622
1/7/2008,0.7622,0.7629,0.7557,0.7577
2/7/2008,0.7577,0.7616,0.7564,0.7599
3/7/2008,0.7599,0.7609,0.7552,0.7566
4/7/2008,0.7566,0.7605,0.7542,0.759
7/7/2008,0.7585,0.7602,0.7503,0.7547
8/7/2008,0.7547,0.7547,0.7485,0.7537
9/7/2008,0.7537,0.7619,0.7515,0.7581
10/7/2008,0.758,0.7614,0.7541,0.7588
11/7/2008,0.7587,0.765,0.7571,0.7614
14/7/2008,0.7593,0.7648,0.7566,0.7643
15/7/2008,0.7643,0.7761,0.7622,0.7725
16/7/2008,0.7725,0.7737,0.7684,0.7718
17/7/2008,0.7718,0.7728,0.7589,0.7632
18/7/2008,0.7634,0.7661,0.761,0.7612
21/7/2008,0.7613,0.7635,0.7587,0.7617
22/7/2008,0.7616,0.7635,0.7573,0.7595
23/7/2008,0.7595,0.76,0.7497,0.75
24/7/2008,0.75,0.75,0.7387,0.7429
25/7/2008,0.743,0.7469,0.7406,0.7417
28/7/2008,0.743,0.7454,0.7408,0.7447
29/7/2008,0.7447,0.7467,0.7348,0.7401
30/7/2008,0.7401,0.7402,0.7316,0.7341
31/7/2008,0.7341,0.7364,0.7309,0.7343
1/8/2008,0.7342,0.7345,0.7247,0.7273
4/8/2008,0.7279,0.7334,0.7264,0.7296
5/8/2008,0.7294,0.7297,0.7221,0.7268
6/8/2008,0.7268,0.7271,0.7165,0.7176
7/8/2008,0.7176,0.7217,0.7133,0.7143
8/8/2008,0.7144,0.7152,0.6984,0.7043
11/8/2008,0.7042,0.7084,0.6976,0.6993
12/8/2008,0.6993,0.7012,0.6927,0.6959
13/8/2008,0.696,0.7058,0.6825,0.7033
14/8/2008,0.7033,0.7059,0.6972,0.7
15/8/2008,0.7001,0.7078,0.6946,0.7062
18/8/2008,0.706,0.7161,0.7033,0.71
19/8/2008,0.7101,0.7152,0.704,0.7132
20/8/2008,0.7133,0.7163,0.7083,0.7131
21/8/2008,0.7129,0.7212,0.7103,0.7209
22/8/2008,0.7208,0.7217,0.7081,0.7088
25/8/2008,0.7087,0.7097,0.7036,0.7038
26/8/2008,0.7037,0.7052,0.6899,0.6975
27/8/2008,0.6975,0.7047,0.6942,0.7017
28/8/2008,0.7017,0.7069,0.7005,0.7019
29/8/2008,0.7019,0.7067,0.6982,0.7005
1/9/2008,0.7,0.7007,0.6942,0.6962
2/9/2008,0.6962,0.6964,0.6804,0.6869
3/9/2008,0.6869,0.6897,0.6736,0.6851
4/9/2008,0.6852,0.6882,0.6715,0.6729
5/9/2008,0.6728,0.673,0.6593,0.6686
8/9/2008,0.6688,0.6844,0.6647,0.6716
9/9/2008,0.6715,0.6789,0.6607,0.6681
10/9/2008,0.6682,0.6721,0.6614,0.6619
11/9/2008,0.6619,0.6619,0.6438,0.656
12/9/2008,0.6559,0.6691,0.6497,0.6681
15/9/2008,0.6686,0.6718,0.6534,0.6594
16/9/2008,0.6592,0.6634,0.6489,0.6605
17/9/2008,0.6605,0.6685,0.6527,0.661
18/9/2008,0.661,0.6791,0.6564,0.6768
19/9/2008,0.6768,0.6899,0.6695,0.6891
22/9/2008,0.6884,0.6953,0.6817,0.6886
23/9/2008,0.6887,0.6923,0.6777,0.6811
24/9/2008,0.6811,0.6888,0.6788,0.6831
25/9/2008,0.6831,0.6905,0.6797,0.6821
26/9/2008,0.682,0.6901,0.6796,0.6859
29/9/2008,0.6859,0.6889,0.6705,0.6723
30/9/2008,0.6723,0.6793,0.6643,0.6698
1/10/2008,0.6698,0.6789,0.6662,0.6706
2/10/2008,0.6706,0.6742,0.6554,0.6568
3/10/2008,0.6568,0.6683,0.6554,0.6617
6/10/2008,0.661,0.661,0.6177,0.636
7/10/2008,0.636,0.6425,0.6223,0.6238
8/10/2008,0.6237,0.6303,0.5793,0.6008
9/10/2008,0.6009,0.6263,0.5907,0.6073
10/10/2008,0.6075,0.6077,0.5888,0.5946
13/10/2008,0.5953,0.6202,0.591,0.6183
14/10/2008,0.6183,0.6348,0.6137,0.6181
15/10/2008,0.618,0.6277,0.5975,0.5993
16/10/2008,0.5996,0.6192,0.5915,0.6173
17/10/2008,0.6174,0.6218,0.607,0.6119
20/10/2008,0.6163,0.6261,0.6073,0.6233
21/10/2008,0.6233,0.6243,0.6051,0.6052
22/10/2008,0.6053,0.6117,0.5816,0.5917
23/10/2008,0.5917,0.6014,0.5797,0.5953
24/10/2008,0.5951,0.5992,0.5495,0.5565
27/10/2008,0.5569,0.5602,0.5352,0.5414
28/10/2008,0.5414,0.5679,0.5405,0.5643
29/10/2008,0.5643,0.594,0.5641,0.5854
30/10/2008,0.5854,0.603,0.5797,0.5918
31/10/2008,0.5917,0.5928,0.5747,0.5827
3/11/2008,0.5835,0.5975,0.5806,0.5914
4/11/2008,0.5914,0.613,0.5846,0.6058
5/11/2008,0.6058,0.6106,0.5951,0.5954
6/11/2008,0.5954,0.6039,0.5856,0.5863
7/11/2008,0.5863,0.5932,0.579,0.5923
10/11/2008,0.5965,0.6046,0.5778,0.5802
11/11/2008,0.5802,0.5891,0.5687,0.5722
12/11/2008,0.5721,0.5808,0.555,0.5615
13/11/2008,0.5615,0.576,0.5511,0.5716
14/11/2008,0.5716,0.5755,0.5525,0.5538
17/11/2008,0.5535,0.5623,0.5468,0.5507
18/11/2008,0.5507,0.5552,0.5462,0.5526
19/11/2008,0.5526,0.5565,0.5412,0.5415
20/11/2008,0.5415,0.5437,0.5192,0.522
21/11/2008,0.5221,0.5387,0.5197,0.5359
24/11/2008,0.5355,0.5494,0.5286,0.5493
25/11/2008,0.5493,0.5588,0.5346,0.5479
26/11/2008,0.5479,0.5546,0.5444,0.5525
27/11/2008,0.5525,0.5547,0.5465,0.5511
28/11/2008,0.5511,0.5543,0.5454,0.549
1/12/2008,0.5488,0.5488,0.5274,0.5301
2/12/2008,0.53,0.5357,0.5251,0.5317
3/12/2008,0.5318,0.5343,0.5251,0.5325
4/12/2008,0.5325,0.5392,0.5283,0.5328
5/12/2008,0.5328,0.5364,0.5203,0.5332
8/12/2008,0.5343,0.5488,0.5322,0.5475
9/12/2008,0.5474,0.5475,0.5363,0.5423
10/12/2008,0.5424,0.55,0.5394,0.5439
11/12/2008,0.5439,0.5572,0.5431,0.5519
12/12/2008,0.5519,0.5547,0.5419,0.5475
15/12/2008,0.5461,0.5567,0.5437,0.5544
16/12/2008,0.5544,0.5799,0.5527,0.5789
17/12/2008,0.5788,0.5946,0.5767,0.5926
18/12/2008,0.5926,0.6074,0.5784,0.5834
19/12/2008,0.5834,0.5871,0.571,0.5745
22/12/2008,0.5757,0.5817,0.5714,0.5722
23/12/2008,0.5722,0.5749,0.566,0.5675
24/12/2008,0.5675,0.5776,0.5663,0.5753
25/12/2008,0.5753,0.5766,0.5683,0.5737
26/12/2008,0.5737,0.5793,0.5707,0.5756
29/12/2008,0.5761,0.5858,0.572,0.5758
30/12/2008,0.5758,0.5829,0.5746,0.5781
31/12/2008,0.5781,0.5889,0.5737,0.5792
1/1/2009,0.5792,0.5851,0.5782,0.5813
2/1/2009,0.5811,0.587,0.5752,0.5861
5/1/2009,0.5891,0.5919,0.5806,0.5905
6/1/2009,0.5901,0.5993,0.5812,0.5987
7/1/2009,0.5986,0.6034,0.5897,0.5916
8/1/2009,0.5916,0.5969,0.5814,0.5963
9/1/2009,0.5963,0.5965,0.5889,0.5928
12/1/2009,0.5905,0.5907,0.5739,0.5757
13/1/2009,0.5757,0.5757,0.5461,0.5533
14/1/2009,0.5533,0.5596,0.5389,0.5424
15/1/2009,0.5424,0.5454,0.5278,0.5375
16/1/2009,0.5375,0.5527,0.5374,0.5467
19/1/2009,0.5475,0.5545,0.5364,0.5365
20/1/2009,0.5365,0.538,0.5184,0.5219
21/1/2009,0.5219,0.5365,0.5168,0.5316
22/1/2009,0.5316,0.5348,0.5226,0.5265
23/1/2009,0.5265,0.5323,0.5173,0.5286
26/1/2009,0.53,0.5343,0.5217,0.5266
27/1/2009,0.5266,0.5342,0.5252,0.5289
28/1/2009,0.5289,0.5374,0.5188,0.5243
29/1/2009,0.5243,0.5257,0.5123,0.5142
30/1/2009,0.5141,0.5145,0.5048,0.5088
2/2/2009,0.509,0.5092,0.4961,0.504
3/2/2009,0.504,0.5153,0.5015,0.5138
4/2/2009,0.5138,0.5153,0.5023,0.5076
5/2/2009,0.5076,0.521,0.505,0.517
6/2/2009,0.517,0.5365,0.5111,0.5316
9/2/2009,0.5331,0.5446,0.5243,0.5385
10/2/2009,0.5386,0.5396,0.5181,0.5234
11/2/2009,0.5233,0.5286,0.5212,0.5257
12/2/2009,0.5257,0.5317,0.5139,0.5195
13/2/2009,0.5195,0.5297,0.5195,0.5228
16/2/2009,0.5245,0.5247,0.5158,0.5171
17/2/2009,0.5172,0.5207,0.5064,0.5074
18/2/2009,0.5074,0.5135,0.5061,0.5089
19/2/2009,0.5089,0.519,0.5085,0.5085
20/2/2009,0.5085,0.5156,0.5009,0.5116
23/2/2009,0.5109,0.5183,0.5067,0.5076
24/2/2009,0.5076,0.5162,0.5049,0.5138
25/2/2009,0.5138,0.5194,0.5086,0.5095
26/2/2009,0.5095,0.513,0.508,0.5083
27/2/2009,0.5083,0.5085,0.4985,0.5008
2/3/2009,0.4994,0.4998,0.4913,0.4927
3/3/2009,0.4927,0.5017,0.4918,0.4947
4/3/2009,0.4947,0.5079,0.4895,0.5055
5/3/2009,0.5055,0.506,0.4969,0.4986
6/3/2009,0.4986,0.5092,0.4975,0.5024
9/3/2009,0.5027,0.5062,0.4922,0.493
10/3/2009,0.4928,0.5052,0.4915,0.5033
11/3/2009,0.5033,0.5135,0.4978,0.5134
12/3/2009,0.5134,0.5236,0.5071,0.5204
13/3/2009,0.5205,0.5268,0.5182,0.525
16/3/2009,0.518,0.534,0.5228,0.5299
17/3/2009,0.5298,0.5326,0.5277,0.5306
18/3/2009,0.5305,0.5468,0.5262,0.5446
19/3/2009,0.5446,0.5611,0.5399,0.5535
20/3/2009,0.5535,0.5626,0.553,0.5587
23/3/2009,0.5582,0.5726,0.557,0.5717
24/3/2009,0.5717,0.5747,0.5605,0.563
25/3/2009,0.563,0.572,0.5551,0.5661
26/3/2009,0.5661,0.5802,0.5653,0.5755
27/3/2009,0.5755,0.5791,0.567,0.5706
30/3/2009,0.5704,0.5717,0.5586,0.5634
31/3/2009,0.5634,0.5732,0.5586,0.5595
1/4/2009,0.5595,0.5695,0.553,0.5678
2/4/2009,0.5678,0.5837,0.5637,0.5776
3/4/2009,0.5776,0.59,0.5774,0.5857
6/4/2009,0.5865,0.598,0.5848,0.5883
7/4/2009,0.5883,0.5884,0.5736,0.5759
8/4/2009,0.5759,0.58,0.5692,0.5797
9/4/2009,0.5797,0.5846,0.5769,0.5832
10/4/2009,0.5832,0.5841,0.5811,0.5835
13/4/2009,0.5869,0.5933,0.5831,0.5925
14/4/2009,0.5925,0.5926,0.5824,0.5832
15/4/2009,0.5832,0.5839,0.5738,0.5812
16/4/2009,0.5812,0.5824,0.568,0.5727
17/4/2009,0.5727,0.5753,0.5652,0.568
20/4/2009,0.5674,0.5707,0.5488,0.5525
21/4/2009,0.5525,0.5655,0.5509,0.564
22/4/2009,0.5641,0.5644,0.5534,0.5553
23/4/2009,0.5553,0.5626,0.5529,0.5617
24/4/2009,0.5617,0.5739,0.5602,0.5724
27/4/2009,0.5723,0.5725,0.5624,0.5657
28/4/2009,0.5657,0.5658,0.5529,0.5588
29/4/2009,0.557700,0.578200,0.557400,0.573100
30/4/2009,0.564100,0.575700,0.562400,0.565300
1/5/2009,0.563100,0.574700,0.562800,0.571600
4/5/2009,0.573100,0.576600,0.570900,0.573500
5/5/2009,0.577100,0.586800,0.574100,0.578500
6/5/2009,0.579700,0.586300,0.575000,0.584100
7/5/2009,0.584200,0.599100,0.582300,0.591100
8/5/2009,0.593000,0.605600,0.590500,0.603300
11/5/2009,0.604800,0.613300,0.599600,0.600200
12/5/2009,0.600600,0.609800,0.596400,0.606300
13/5/2009,0.603700,0.610800,0.588200,0.592000
14/5/2009,0.592300,0.599000,0.585900,0.596500
15/5/2009,0.596200,0.597200,0.583300,0.586400
18/5/2009,0.584900,0.596400,0.583200,0.595500
19/5/2009,0.594500,0.606600,0.593500,0.601800
20/5/2009,0.600800,0.611700,0.598900,0.605800
21/5/2009,0.604100,0.611400,0.601500,0.610800
22/5/2009,0.611800,0.624100,0.611000,0.619700
25/5/2009,0.616500,0.621300,0.614700,0.620500
26/5/2009,0.620700,0.626500,0.608800,0.624800
27/5/2009,0.624500,0.624800,0.614400,0.615900
28/5/2009,0.614700,0.627800,0.611600,0.623200
29/5/2009,0.623600,0.641600,0.622600,0.640000
1/6/2009,0.640300,0.657100,0.636400,0.650000
2/6/2009,0.649600,0.659800,0.644400,0.656500
3/6/2009,0.655700,0.656600,0.626800,0.634700
4/6/2009,0.633200,0.638300,0.621900,0.634400
5/6/2009,0.634100,0.642600,0.625100,0.625900
8/6/2009,0.620700,0.621700,0.620700,0.621700
9/6/2009,0.620700,0.629600,0.616800,0.626700
10/6/2009,0.626900,0.636700,0.623500,0.627300
11/6/2009,0.629600,0.647100,0.629500,0.643500
12/6/2009,0.643200,0.645800,0.635900,0.642800
15/6/2009,0.639800,0.639800,0.627900,0.631100
16/6/2009,0.630400,0.639600,0.624000,0.630100
17/6/2009,0.628500,0.636800,0.624500,0.634100
18/6/2009,0.632100,0.644500,0.629500,0.638200
19/6/2009,0.639100,0.648600,0.637300,0.643300
22/6/2009,0.641500,0.641500,0.628900,0.629100
23/6/2009,0.628100,0.641800,0.625600,0.639600
24/6/2009,0.639200,0.648900,0.637800,0.639400
25/6/2009,0.639200,0.646000,0.634900,0.645100
26/6/2009,0.643100,0.648100,0.641700,0.645200
29/6/2009,0.646300,0.652500,0.642300,0.651100
30/6/2009,0.646200,0.646800,0.643100,0.645200
1/7/2009,0.646200,0.647700,0.638800,0.640500
3/7/2009,0.627700,0.634900,0.627300,0.630200
7/7/2009,0.637100,0.639500,0.628900,0.628900
8/7/2009,0.628400,0.630800,0.619800,0.626500
9/7/2009,0.632600,0.632600,0.631600,0.632000
10/7/2009,0.632600,0.632700,0.623500,0.627500
13/7/2009,0.628800,0.633500,0.619500,0.632300
14/7/2009,0.633900,0.639800,0.631900,0.639200
15/7/2009,0.640700,0.651400,0.638900,0.648700
16/7/2009,0.648600,0.650000,0.638700,0.648900
20/7/2009,0.645600,0.658000,0.645600,0.657300
21/7/2009,0.656800,0.661000,0.649600,0.657100
22/7/2009,0.656100,0.663200,0.652800,0.658900
23/7/2009,0.658700,0.663000,0.651700,0.654000
27/7/2009,0.655400,0.661800,0.652900,0.656700
28/7/2009,0.656000,0.663600,0.653900,0.658000
29/7/2009,0.655800,0.659700,0.652300,0.657000
30/7/2009,0.649600,0.654600,0.648400,0.652200
31/7/2009,0.652600,0.662700,0.652500,0.661800
4/8/2009,0.667800,0.674700,0.664700,0.674000
5/8/2009,0.673800,0.676300,0.670800,0.673900
8/9/2009,0.692000,0.698400,0.690800,0.695900
11/9/2009,0.702700,0.708900,0.701300,0.706000
14/9/2009,0.704400,0.704500,0.696500,0.700700
1/10/2009,0.723400,0.724900,0.715300,0.716200
7/10/2009,0.734800,0.739900,0.732100,0.733200
9/10/2009,0.741600,0.741700,0.730300,0.733700
13/10/2009,0.738700,0.741700,0.731300,0.733800
16/10/2009,0.747800,0.749700,0.735100,0.739700
2/11/2009,0.721800,0.726900,0.713600,0.715900
5/11/2009,0.720100,0.724600,0.716000,0.721500
10/11/2009,0.741500,0.744700,0.737600,0.742000
11/11/2009,0.742900,0.744400,0.738700,0.739200
24/11/2009,0.729300,0.730000,0.722200,0.725600
25/11/2009,0.726500,0.733200,0.726500,0.731000
26/11/2009,0.729000,0.729300,0.712900,0.716400
2/12/2009,0.727300,0.729700,0.721200,0.721800
3/12/2009,0.725600,0.730200,0.721200,0.725500
4/12/2009,0.725400,0.727900,0.713400,0.714200
8/12/2009,0.712700,0.717300,0.706700,0.706900
9/12/2009,0.706200,0.714700,0.706200,0.711800
11/12/2009,0.727600,0.729400,0.722300,0.724300
18/12/2009,0.710000,0.713800,0.706700,0.710300
22/12/2009,0.703600,0.707500,0.700200,0.702900
1/1/2010,0.725000,0.729100,0.721200,0.726200
11/1/2010,0.739100,0.743700,0.738000,0.743100
19/1/2010,0.739600,0.740600,0.733400,0.738700
20/1/2010,0.733700,0.734100,0.718700,0.719400
2/2/2010,0.000000,0.000000,0.000000,0.000000
4/2/2010,0.696700,0.699700,0.692400,0.692400
15/2/2010,0.696200,0.699000,0.695900,0.697400
16/2/2010,0.698000,0.705300,0.697700,0.703600
22/2/2010,0.701500,0.703800,0.699600,0.701700
24/2/2010,0.693800,0.694900,0.687200,0.692600
25/2/2010,0.693300,0.693300,0.684800,0.689500
1/3/2010,0.700000,0.700200,0.693200,0.699500
5/3/2010,0.687400,0.697400,0.686700,0.697200
11/3/2010,0.698800,0.701700,0.696400,0.700700
18/3/2010,0.713400,0.717500,0.711900,0.715100
25/3/2010,0.703400,0.710300,0.701600,0.703700
21/4/2010,0.710700,0.713100,0.707600,0.709600
7/5/2010,0.704900,0.716400,0.704100,0.715100
10/5/2010,0.714500,0.729700,0.714300,0.721400
12/5/2010,0.718300,0.720000,0.710400,0.712700
