8/5/2007,20.75,20.9305,20.69,20.8841
9/5/2007,20.864,20.9016,20.8143,20.8833
10/5/2007,20.9052,20.9717,20.8225,20.944
11/5/2007,20.964,20.9922,20.8855,20.8991
14/5/2007,20.932,20.932,20.857,20.8872
15/5/2007,20.909,20.909,20.7811,20.8175
16/5/2007,20.8,20.8532,20.7105,20.8216
17/5/2007,20.8418,20.8887,20.7705,20.861
18/5/2007,20.881,20.945,20.8278,20.8768
21/5/2007,20.8939,20.9753,20.8336,20.913
22/5/2007,20.9337,21.0279,20.8825,20.9847
23/5/2007,20.9581,21.0632,20.9195,21
24/5/2007,20.9781,21.1194,20.9473,21.08
25/5/2007,21.105,21.105,21.0158,21.085
28/5/2007,21.1351,21.1351,21.0451,21.064
29/5/2007,21.084,21.1185,20.9246,21.087
30/5/2007,21.067,21.1483,21.055,21.0994
31/5/2007,21.1173,21.1173,21.0027,21.0222
1/6/2007,21.0024,21.1123,21.0024,21.0223
4/6/2007,21.0006,21.0712,20.9895,21.0365
5/6/2007,21.06,21.06,20.9414,21.026
6/6/2007,21.046,21.0712,20.975,21.0399
7/6/2007,21.0192,21.1808,21.002,21.1596
8/6/2007,21.1759,21.3796,21.1543,21.2849
11/6/2007,21.3157,21.3593,21.2779,21.3255
12/6/2007,21.301,21.4268,21.2977,21.41
13/6/2007,21.435,21.5219,21.397,21.4515
14/6/2007,21.4284,21.5416,21.4284,21.4589
15/6/2007,21.4718,21.4891,21.326,21.329
18/6/2007,21.3147,21.3897,21.2988,21.305
19/6/2007,21.2871,21.3664,21.2737,21.3009
20/6/2007,21.284,21.42,21.2822,21.3494
21/6/2007,21.3721,21.4289,21.3385,21.386
22/6/2007,21.406,21.4061,21.266,21.2975
25/6/2007,21.3399,21.3735,21.2143,21.337
26/6/2007,21.317,21.361,21.295,21.358
27/6/2007,21.338,21.414,21.2276,21.2385
28/6/2007,21.265,21.3928,21.2029,21.335
29/6/2007,21.315,21.3837,21.2155,21.2155
2/7/2007,21.2739,21.2739,21.086,21.1195
3/7/2007,21.145,21.1844,21.081,21.122
4/7/2007,21.142,21.142,21.0596,21.0913
5/7/2007,21.115,21.1154,20.9706,21.0535
6/7/2007,21.032,21.1035,20.9778,21.009
9/7/2007,20.959,21.0599,20.9498,21.0155
10/7/2007,20.9961,21.0662,20.8044,20.8054
11/7/2007,20.825,20.8343,20.5644,20.6299
12/7/2007,20.6488,20.6488,20.4826,20.504
13/7/2007,20.524,20.5831,20.4032,20.461
16/7/2007,20.4866,20.5545,20.4265,20.545
17/7/2007,20.57,20.57,20.4818,20.5126
18/7/2007,20.4892,20.5297,20.4406,20.464
19/7/2007,20.483,20.4899,20.4188,20.466
20/7/2007,20.486,20.4968,20.3915,20.4148
23/7/2007,20.4205,20.445,20.382,20.425
24/7/2007,20.405,20.448,20.3442,20.353
25/7/2007,20.333,20.5437,20.333,20.5141
26/7/2007,20.495,20.5428,20.3389,20.3503
27/7/2007,20.3701,20.581,20.3346,20.5565
30/7/2007,20.5239,20.5915,20.4547,20.4971
31/7/2007,20.475,20.518,20.4274,20.515
1/8/2007,20.5355,20.5585,20.419,20.5004
2/8/2007,20.4758,20.531,20.4382,20.451
3/8/2007,20.431,20.4799,20.3168,20.3851
6/8/2007,20.4268,20.4357,20.2525,20.3525
7/8/2007,20.375,20.4758,20.32,20.4753
8/8/2007,20.494,20.5258,20.3773,20.445
9/8/2007,20.465,20.5867,20.3995,20.5685
10/8/2007,20.597,20.6139,20.471,20.4876
13/8/2007,20.4354,20.5946,20.422,20.5828
14/8/2007,20.6036,20.669,20.5564,20.667
15/8/2007,20.6884,20.7584,20.6492,20.728
16/8/2007,20.7525,20.8154,20.4699,20.4956
17/8/2007,20.5336,20.6232,20.4707,20.5981
20/8/2007,20.6482,20.6482,20.4243,20.456
21/8/2007,20.435,20.553,20.435,20.545
22/8/2007,20.5692,20.602,20.4178,20.4685
23/8/2007,20.527,20.527,20.382,20.412
24/8/2007,20.392,20.431,20.266,20.2805
27/8/2007,20.1867,20.3919,20.1852,20.3499
28/8/2007,20.3749,20.4057,20.2624,20.2981
29/8/2007,20.318,20.345,20.2142,20.2265
30/8/2007,20.258,20.3715,20.2158,20.3425
31/8/2007,20.32,20.3507,20.2043,20.32
4/9/2007,20.328,20.4066,20.3006,20.3291
5/9/2007,20.3097,20.3805,20.217,20.2685
6/9/2007,20.302,20.302,20.128,20.1599
7/9/2007,20.1383,20.205,20.0015,20.0237
10/9/2007,19.9878,20.086,19.975,20.046
11/9/2007,20.075,20.075,19.9132,19.9433
12/9/2007,19.973,19.973,19.7835,19.804
13/9/2007,19.8237,19.8336,19.7456,19.7852
14/9/2007,19.8004,19.8562,19.7572,19.7583
17/9/2007,19.7378,19.8578,19.7313,19.8305
18/9/2007,19.8485,19.8772,19.6532,19.658
19/9/2007,19.638,19.862,19.638,19.805
20/9/2007,19.7837,19.8195,19.4999,19.5687
21/9/2007,19.5905,19.5965,19.4996,19.54
24/9/2007,19.5903,19.5903,19.4826,19.57
25/9/2007,19.595,19.6067,19.4671,19.494
26/9/2007,19.514,19.57,19.4437,19.5466
27/9/2007,19.567,19.5683,19.428,19.488
28/9/2007,19.468,19.5028,19.2775,19.311
1/10/2007,19.365,19.3773,19.2702,19.32
2/10/2007,19.295,19.4954,19.2931,19.477
3/10/2007,19.497,19.553,19.4119,19.547
4/10/2007,19.527,19.5864,19.466,19.5042
5/10/2007,19.48,19.608,19.4455,19.5076
8/10/2007,19.5,19.5779,19.4378,19.5663
9/10/2007,19.583,19.6104,19.4488,19.467
10/10/2007,19.487,19.487,19.3964,19.4295
11/10/2007,19.45,19.45,19.2896,19.3715
12/10/2007,19.343,19.453,19.3355,19.4026
15/10/2007,19.4527,19.4527,19.311,19.412
16/10/2007,19.394,19.4815,19.3814,19.445
17/10/2007,19.425,19.46,19.305,19.3397
18/10/2007,19.3676,19.3676,19.1069,19.1129
19/10/2007,19.1361,19.1487,19.0141,19.0364
22/10/2007,19.0407,19.28,18.9091,19.204
23/10/2007,19.185,19.2097,19.0191,19.054
24/10/2007,19.074,19.1444,19.046,19.0919
25/10/2007,19.0773,19.0989,18.8808,18.895
26/10/2007,18.875,18.909,18.6389,18.66
29/10/2007,18.7188,18.7515,18.5944,18.6958
30/10/2007,18.708,18.765,18.6021,18.6201
31/10/2007,18.5981,18.7312,18.5656,18.6045
1/11/2007,18.635,18.7788,18.603,18.6985
2/11/2007,18.7201,18.7201,18.5306,18.593
5/11/2007,18.4868,18.6686,18.4817,18.6345
6/11/2007,18.61,18.6378,18.4741,18.5031
7/11/2007,18.526,18.526,18.2857,18.425
8/11/2007,18.408,18.4452,18.2613,18.3077
9/11/2007,18.3256,18.3256,18.0775,18.1085
12/11/2007,18.051,18.3693,18.0498,18.353
13/11/2007,18.373,18.373,18.1925,18.2007
14/11/2007,18.1781,18.2148,18.103,18.185
15/11/2007,18.16,18.2234,18.098,18.195
16/11/2007,18.22,18.2816,18.151,18.173
19/11/2007,18.1974,18.2629,18.1444,18.2379
20/11/2007,18.217,18.265,17.9593,17.974
21/11/2007,17.9918,18.1195,17.9699,18.04
22/11/2007,18.021,18.0761,17.9921,18.0145
23/11/2007,17.994,18.104,17.872,18.05
26/11/2007,18.0815,18.0912,17.9656,17.9907
27/11/2007,17.9701,18.064,17.9557,17.9825
28/11/2007,17.949,18.0777,17.825,17.8535
29/11/2007,17.825,17.9784,17.7732,17.8225
30/11/2007,17.8,17.9386,17.7247,17.9297
3/12/2007,17.9523,17.9523,17.8339,17.882
4/12/2007,17.8814,17.9603,17.8198,17.848
5/12/2007,17.848,17.9639,17.8125,17.9372
6/12/2007,17.9367,17.984,17.8392,17.8605
7/12/2007,17.8605,17.9197,17.8111,17.823
10/12/2007,17.8325,17.864,17.6345,17.7056
11/12/2007,17.7056,17.7575,17.6419,17.7465
12/12/2007,17.7462,17.7887,17.6533,17.7328
13/12/2007,17.7319,18.012,17.6934,17.931
14/12/2007,17.931,18.3406,17.9292,18.305
17/12/2007,18.342,18.4186,18.227,18.3379
18/12/2007,18.3367,18.381,18.1156,18.124
19/12/2007,18.1236,18.3651,18.115,18.2774
20/12/2007,18.2755,18.4953,18.2686,18.4846
21/12/2007,18.486,18.4995,18.3631,18.4366
24/12/2007,18.4294,18.4463,18.3725,18.43
25/12/2007,18.43,18.4304,18.2549,18.2699
26/12/2007,18.366,18.4517,18.2651,18.3035
27/12/2007,18.3011,18.369,18.1692,18.1913
28/12/2007,18.1919,18.2369,18.0518,18.0795
31/12/2007,18.0699,18.2503,18.0035,18.1768
1/1/2008,18.1687,18.2111,18.1418,18.192
2/1/2008,18.1907,18.1951,17.857,17.931
3/1/2008,17.9302,17.9593,17.7254,17.7535
4/1/2008,17.7547,17.8015,17.6255,17.7135
7/1/2008,17.7027,17.8265,17.6967,17.776
8/1/2008,17.7759,17.7955,17.69,17.7245
9/1/2008,17.7245,17.7408,17.6298,17.691
10/1/2008,17.691,17.7101,17.4975,17.503
11/1/2008,17.5029,17.5399,17.4642,17.523
14/1/2008,17.5156,17.5192,17.5156,17.3801
15/1/2008,17.38,17.5159,17.3467,17.5125
16/1/2008,17.5125,17.9391,17.434,17.895
17/1/2008,17.895,17.9281,17.7299,17.8657
18/1/2008,17.8664,17.9557,17.7926,17.925
22/1/2008,18.195,18.3313,17.855,17.8945
23/1/2008,17.8945,17.9821,17.7585,17.7635
24/1/2008,17.7635,17.8108,17.5013,17.53
25/1/2008,17.531,17.6619,17.459,17.6266
28/1/2008,17.6229,17.6675,17.4919,17.5375
29/1/2008,17.5374,17.6602,17.5117,17.5904
30/1/2008,17.5904,17.6525,17.432,17.495
31/1/2008,17.495,17.6049,17.3946,17.5105
1/2/2008,17.5156,17.5444,17.2981,17.472
4/2/2008,17.4551,17.517,17.2797,17.305
5/2/2008,17.305,17.6048,17.3,17.5559
6/2/2008,17.5553,17.6395,17.4258,17.485
7/2/2008,17.485,17.8418,17.4592,17.7813
8/2/2008,17.7828,17.8081,17.6414,17.799
11/2/2008,17.733,17.9333,17.598,17.673
12/2/2008,17.6734,17.7413,17.461,17.4845
13/2/2008,17.4847,17.576,17.454,17.5263
14/2/2008,17.5263,17.5545,17.2465,17.2471
15/2/2008,17.2477,17.3568,17.1119,17.168
18/2/2008,17.151,17.2871,17.0962,17.2319
19/2/2008,17.2331,17.2505,17.0879,17.2105
20/2/2008,17.2105,17.3111,17.0951,17.12
21/2/2008,17.12,17.1361,16.9319,16.9591
22/2/2008,16.9596,16.9902,16.8456,16.9035
25/2/2008,16.8869,16.9208,16.8069,16.856
26/2/2008,16.856,16.9288,16.7275,16.75
27/2/2008,16.7481,16.7504,16.503,16.5466
28/2/2008,16.5466,16.721,16.491,16.527
29/2/2008,16.527,16.7104,16.4971,16.543
3/3/2008,16.5464,16.5658,16.3592,16.3705
4/3/2008,16.3707,16.4375,16.2991,16.3609
5/3/2008,16.3604,16.5021,16.312,16.3625
6/3/2008,16.3625,16.459,16.2726,16.3424
7/3/2008,16.3419,16.4275,16.2865,16.3215
10/3/2008,16.3165,16.3624,16.262,16.345
11/3/2008,16.3453,16.4139,16.2205,16.342
12/3/2008,16.342,16.3621,16.1007,16.1092
13/3/2008,16.1131,16.1497,15.9953,15.9965
14/3/2008,15.9965,16.1639,15.99,16.0103
17/3/2008,15.9979,15.9994,15.7435,15.9525
18/3/2008,15.9535,16.294,15.9031,16.2915
19/3/2008,16.2905,16.314,16.1335,16.2751
20/3/2008,16.2753,16.5695,16.2531,16.545
21/3/2008,16.5463,16.57,16.4487,16.4862
24/3/2008,16.4918,16.595,16.47,16.54
25/3/2008,16.54,16.5559,16.268,16.2755
26/3/2008,16.276,16.4223,16.0449,16.0606
27/3/2008,16.0603,16.1399,15.9956,16.0408
28/3/2008,16.041,16.0892,15.9481,16.035
31/3/2008,16.03,16.0826,15.86,15.9847
1/4/2008,15.985,16.1368,15.983,16.0455
2/4/2008,16.0455,16.13,15.9811,15.9902
3/4/2008,15.9904,16.142,15.8738,15.8769
4/4/2008,15.8779,15.9841,15.8584,15.9483
7/4/2008,15.9503,16.0406,15.8714,15.89
8/4/2008,15.89,15.9724,15.8055,15.954
9/4/2008,15.953,16.0475,15.8319,15.87
10/4/2008,15.87,15.9161,15.7857,15.9034
11/4/2008,15.9037,15.9074,15.7526,15.795
14/4/2008,15.795,15.8229,15.6295,15.6295
15/4/2008,15.6299,15.7342,15.5956,15.6971
16/4/2008,15.6976,15.7259,15.5522,15.605
17/4/2008,15.605,15.7658,15.5781,15.7073
18/4/2008,15.7069,15.969,15.6819,15.8655
21/4/2008,15.8503,15.9193,15.7269,15.776
22/4/2008,15.7761,15.8709,15.637,15.6516
23/4/2008,15.65,15.8033,15.6407,15.7803
24/4/2008,15.7799,16.0714,15.7703,16.0592
25/4/2008,16.06,16.2194,16.0135,16.119
28/4/2008,16.1438,16.175,16.0411,16.09
29/4/2008,16.0901,16.2442,16.0848,16.2267
30/4/2008,16.2268,16.2511,16.128,16.1578
1/5/2008,16.1588,16.4407,16.1135,16.36
2/5/2008,16.3725,16.4603,16.3133,16.387
5/5/2008,16.358,16.4046,16.155,16.235
6/5/2008,16.2337,16.2884,16.1472,16.224
7/5/2008,16.2257,16.3653,16.2178,16.332
8/5/2008,16.3345,16.4694,16.2748,16.331
9/5/2008,16.33,16.3367,16.1695,16.172
12/5/2008,16.2662,16.3772,15.98,15.9856
13/5/2008,15.9867,16.1665,15.9753,16.114
14/5/2008,16.1125,16.2519,16.0957,16.1865
15/5/2008,16.19,16.257,16.0791,16.22
16/5/2008,16.225,16.2406,16.0376,16.0635
19/5/2008,16.0609,16.161,16.0195,16.1116
20/5/2008,16.109,16.1185,15.9545,16.001
21/5/2008,16.0009,16.0427,15.8965,15.9355
22/5/2008,15.938,16.021,15.9095,15.975
23/5/2008,15.9742,15.99,15.8768,15.906
26/5/2008,15.8953,15.9426,15.87,15.913
27/5/2008,15.9059,16.0433,15.8555,16.035
28/5/2008,16.0356,16.1605,15.945,16.0954
29/5/2008,16.0925,16.175,15.9806,16.1265
30/5/2008,16.1273,16.235,16.0675,16.0935
2/6/2008,16.0824,16.148,15.9835,16.019
3/6/2008,16.0163,16.1156,15.8775,16.0672
4/6/2008,16.0677,16.0858,15.9229,15.98
5/6/2008,15.98,16.0275,15.7416,15.785
6/6/2008,15.7895,15.8088,15.5808,15.5819
9/6/2008,15.6117,15.7316,15.566,15.7
10/6/2008,15.701,15.8698,15.6968,15.7994
11/6/2008,15.7977,15.83,15.6295,15.6775
12/6/2008,15.6845,15.8486,15.6406,15.6406
13/6/2008,15.6416,15.8159,15.5995,15.716
16/6/2008,16.0365,16.0562,15.6012,15.6502
17/6/2008,15.6511,15.6674,15.5621,15.5793
18/6/2008,15.5779,15.6208,15.4464,15.455
19/6/2008,15.4543,15.5961,15.3916,15.5442
20/6/2008,15.5406,15.5546,15.4293,15.475
23/6/2008,15.4822,15.6068,15.4579,15.4959
24/6/2008,15.4969,15.5395,15.3943,15.4835
25/6/2008,15.4837,15.5296,15.3725,15.3927
26/6/2008,15.3937,15.4175,15.2606,15.2717
27/6/2008,15.2731,15.3208,15.0934,15.0995
30/6/2008,15.1238,15.2026,15.0885,15.16
1/7/2008,15.1601,15.201,15.0405,15.0704
2/7/2008,15.0714,15.1325,15.0082,15.0114
3/7/2008,15.0113,15.1889,14.9583,15.123
4/7/2008,15.1231,15.1547,15.0323,15.04
7/7/2008,15.0327,15.1474,14.895,14.9133
8/7/2008,14.9148,15.085,14.9119,15.055
9/7/2008,15.05,15.0961,14.881,14.8925
10/7/2008,14.8937,14.973,14.8575,14.8764
11/7/2008,14.8758,14.911,14.6799,14.7085
14/7/2008,14.725,14.8125,14.6409,14.6644
15/7/2008,14.663,14.7073,14.543,14.66
16/7/2008,14.6621,14.6895,14.5537,14.6126
17/7/2008,14.6131,14.6355,14.5413,14.559
18/7/2008,14.5576,14.605,14.491,14.508
21/7/2008,14.5495,14.5674,14.3914,14.425
22/7/2008,14.4256,14.912,14.402,14.88
23/7/2008,14.8809,15.2218,14.8698,15.1591
24/7/2008,15.159,15.2,14.9883,15.1336
25/7/2008,15.1341,15.191,14.9735,15.138
28/7/2008,15.1336,15.1421,15.0185,15.0514
29/7/2008,15.0529,15.2515,15.017,15.2164
30/7/2008,15.2163,15.445,15.195,15.3055
31/7/2008,15.3062,15.382,15.265,15.35
1/8/2008,15.3532,15.479,15.3094,15.3461
4/8/2008,15.3629,15.413,15.317,15.4015
5/8/2008,15.4023,15.5328,15.3949,15.5175
6/8/2008,15.52,15.5673,15.4473,15.548
7/8/2008,15.5496,15.8085,15.448,15.7835
8/8/2008,15.7825,16.2445,15.7765,16.2295
11/8/2008,16.2078,16.3356,15.9443,16.19
12/8/2008,16.1889,16.3015,15.8691,15.93
13/8/2008,15.9347,16.2225,15.8749,16.1341
14/8/2008,16.1343,16.557,16.1158,16.495
15/8/2008,16.4997,16.7625,16.495,16.7045
18/8/2008,16.7275,16.7548,16.431,16.511
19/8/2008,16.5081,16.695,16.4732,16.5
20/8/2008,16.4968,16.639,16.4635,16.5546
21/8/2008,16.5535,16.5705,16.314,16.3266
22/8/2008,16.3249,16.541,16.2902,16.5005
25/8/2008,16.5364,16.595,16.456,16.569
26/8/2008,16.5696,16.8205,16.535,16.7675
27/8/2008,16.7703,16.8107,16.609,16.7368
28/8/2008,16.7363,16.8632,16.6292,16.818
29/8/2008,16.8075,16.9332,16.6917,16.897
1/9/2008,16.8662,17.042,16.8291,16.9975
2/9/2008,16.9973,17.2107,16.937,17.025
3/9/2008,17.024,17.2772,17.01,17.1207
4/9/2008,17.1237,17.3786,16.9595,17.36
5/9/2008,17.3631,17.5045,17.3225,17.4205
8/9/2008,17.3355,17.7385,17.21,17.62
9/9/2008,17.615,17.746,17.419,17.5575
10/9/2008,17.5565,17.657,17.385,17.4807
11/9/2008,17.484,17.7645,17.48,17.5575
12/9/2008,17.5474,17.5805,16.9307,16.9775
15/9/2008,16.89,17.274,16.6645,16.887
16/9/2008,16.8895,17.0775,16.7855,16.9125
17/9/2008,16.916,17.129,16.785,16.8565
18/9/2008,16.8575,16.91,16.525,16.7875
19/9/2008,16.7917,17.159,16.5215,16.555
22/9/2008,16.573,16.6292,16.0852,16.1855
23/9/2008,16.194,16.5235,16.1175,16.47
24/9/2008,16.475,16.7335,16.415,16.712
25/9/2008,16.712,16.765,16.5301,16.7175
26/9/2008,16.7225,16.796,16.6282,16.6995
29/9/2008,16.779,17.2453,16.722,17.092
30/9/2008,17.095,17.5345,17.088,17.3845
1/10/2008,17.3835,17.576,17.3272,17.523
2/10/2008,17.523,18.025,17.4947,17.937
3/10/2008,17.9355,18.162,17.8295,18.016
6/10/2008,18.074,18.4332,18.068,18.3435
7/10/2008,18.34,18.389,17.8275,18.1085
8/10/2008,18.1075,18.2795,17.8607,18.0625
9/10/2008,18.0675,18.2615,17.8195,18.2525
10/10/2008,18.2575,18.7553,18.1627,18.548
13/10/2008,18.3342,18.463,17.922,18.2575
14/10/2008,18.2445,18.284,17.847,18.0525
15/10/2008,18.053,18.4485,18.0187,18.435
16/10/2008,18.432,18.7162,18.319,18.5575
17/10/2008,18.55,18.866,18.416,18.579
20/10/2008,18.6115,18.9585,18.3735,18.8525
21/10/2008,18.8625,19.6325,18.8337,19.582
22/10/2008,19.578,20.4515,19.5265,20.3755
23/10/2008,20.3772,20.5525,19.3042,19.445
24/10/2008,19.4439,20.406,19.4312,19.8075
27/10/2008,19.754,20.161,19.589,19.7658
28/10/2008,19.7644,19.995,18.9925,19.1
29/10/2008,19.104,19.196,18.328,18.351
30/10/2008,18.3522,19.0635,17.9195,18.882
31/10/2008,18.8835,19.2755,18.7492,18.877
3/11/2008,18.7995,19.298,18.5569,19.2255
4/11/2008,19.2275,19.3865,18.438,18.5265
5/11/2008,18.5265,19.012,18.4492,18.9505
6/11/2008,18.9495,19.6895,18.9102,19.5927
7/11/2008,19.5955,19.7765,19.394,19.725
10/11/2008,19.5682,19.8855,19.4205,19.835
11/11/2008,19.8305,20.319,19.7947,20.2325
12/11/2008,20.228,20.467,20.053,20.332
13/11/2008,20.334,20.5863,19.694,19.805
14/11/2008,19.8055,20.11,19.7287,20.0702
17/11/2008,20.1835,20.222,19.908,20.073
18/11/2008,20.0739,20.5425,20.0572,20.445
19/11/2008,20.4462,20.604,19.977,20.585
20/11/2008,20.5945,20.69,20.379,20.659
21/11/2008,20.66,20.7527,20.319,20.4255
24/11/2008,20.431,20.493,19.6152,19.6182
25/11/2008,19.6185,19.8717,19.1235,19.3075
26/11/2008,19.3065,19.5545,19.149,19.485
27/11/2008,19.4865,19.6112,19.3417,19.5412
28/11/2008,19.541,20.086,19.423,19.992
1/12/2008,19.973,20.441,19.8995,20.372
2/12/2008,20.3732,20.4625,20.1252,20.2875
3/12/2008,20.2875,20.4172,20.1612,20.219
4/12/2008,20.2195,20.557,19.9337,20.2495
5/12/2008,20.2487,20.4975,20.0465,20.3425
8/12/2008,20.3475,20.3655,19.8107,19.828
9/12/2008,19.8275,20.1132,19.804,19.9215
10/12/2008,19.9222,20.0865,19.72,19.8235
11/12/2008,19.8235,19.871,19.231,19.2992
12/12/2008,19.3025,19.6075,19.229,19.4982
15/12/2008,19.4355,19.4615,19.0645,19.118
16/12/2008,19.118,19.355,18.244,18.4925
17/12/2008,18.5035,18.795,18.2215,18.3282
18/12/2008,18.3301,18.5755,18.0065,18.4405
19/12/2008,18.4405,19.16,18.356,19.0145
22/12/2008,19.015,19.0365,18.6912,18.8037
23/12/2008,18.8042,18.9485,18.695,18.922
24/12/2008,18.922,19.0585,18.806,18.904
25/12/2008,18.9242,18.9242,18.7442,18.8155
26/12/2008,18.8155,18.8615,18.6675,18.803
29/12/2008,18.7425,19.1065,18.4835,19.089
30/12/2008,19.0902,19.102,18.678,18.915
31/12/2008,18.9147,19.3925,18.7805,19.2177
1/1/2009,19.2192,19.2605,19.117,19.1195
2/1/2009,19.1182,19.4465,19.0907,19.31
5/1/2009,19.321,19.7545,19.2085,19.3555
6/1/2009,19.354,19.8262,19.1665,19.175
7/1/2009,19.164,19.3505,18.919,19.2545
8/1/2009,19.2545,19.4185,19.0652,19.2032
9/1/2009,19.2047,19.8445,19.156,19.739
12/1/2009,19.7745,20.0915,19.637,20.032
13/1/2009,20.035,20.3225,19.957,20.1405
14/1/2009,20.141,20.7085,19.9125,20.5595
15/1/2009,20.5585,21.033,20.535,20.718
16/1/2009,20.718,20.935,20.3155,20.775
19/1/2009,20.69,21.146,20.5625,21.142
20/1/2009,21.142,21.632,21.089,21.4675
21/1/2009,21.468,21.591,21.0375,21.138
22/1/2009,21.138,21.5725,20.9625,21.5175
23/1/2009,21.5181,22.0905,21.4215,21.5192
26/1/2009,21.7775,21.931,20.953,21.103
27/1/2009,21.103,21.2265,20.544,21.015
28/1/2009,21.0166,21.029,20.5225,20.8385
29/1/2009,20.8387,21.4513,20.8155,21.3643
30/1/2009,21.3675,21.8655,21.333,21.8045
2/2/2009,21.8785,22.1522,21.8681,22.012
3/2/2009,22.0154,22.1812,21.834,21.8945
4/2/2009,21.8895,22.2415,21.7955,22.056
5/2/2009,22.056,22.195,21.5869,21.804
6/2/2009,21.8015,22.0027,21.444,21.57
9/2/2009,21.5995,21.822,21.0455,21.3181
10/2/2009,21.323,22.3249,21.2515,22.189
11/2/2009,22.19,22.3027,21.938,22.1146
12/2/2009,22.1146,22.6455,22.037,22.2945
13/2/2009,22.2945,22.359,21.9715,22.2689
16/2/2009,22.4145,22.9512,22.405,22.8145
17/2/2009,22.81,23.577,22.787,23.4875
18/2/2009,23.4905,23.5175,22.8195,23.0956
19/2/2009,23.09,23.0959,22.394,22.8065
20/2/2009,22.8075,23.1279,22.3671,22.483
23/2/2009,22.551,22.572,21.7925,22.396
24/2/2009,22.3925,22.478,22.0272,22.0585
25/2/2009,22.06,22.5106,21.9057,22.4455
26/2/2009,22.4455,22.5597,22.028,22.122
27/2/2009,22.119,22.464,21.9955,22.1905
2/3/2009,22.428,22.6982,22.234,22.4588
3/3/2009,22.4589,22.507,21.996,22.2527
4/3/2009,22.2527,22.428,21.5704,21.6215
5/3/2009,21.622,22.4063,21.4385,22.3276
6/3/2009,22.328,22.3324,21.6414,21.9221
9/3/2009,21.774,22.1049,21.592,21.8141
10/3/2009,21.8141,21.877,21.0867,21.2195
11/3/2009,21.2195,21.4368,21.0019,21.0475
12/3/2009,21.0475,21.3385,20.357,20.4315
13/3/2009,20.4315,20.7238,20.362,20.4285
16/3/2009,20.4858,20.6601,20.285,20.5367
17/3/2009,20.5367,20.6358,20.3021,20.4202
18/3/2009,20.4202,20.7475,19.7991,19.882
19/3/2009,19.882,20.1195,19.562,19.6645
20/3/2009,19.6645,19.8705,19.499,19.6231
23/3/2009,19.555,19.934,19.415,19.6515
24/3/2009,19.6515,20.1748,19.619,20.1405
25/3/2009,20.1405,20.3755,19.9468,20.1619
26/3/2009,20.1619,20.2792,19.9427,20.0578
27/3/2009,20.0578,20.6673,19.9377,20.622
30/3/2009,20.632,21.0855,20.624,20.9013
31/3/2009,20.9014,20.961,20.4178,20.6452
1/4/2009,20.6457,20.788,20.372,20.372
2/4/2009,20.3732,20.4532,19.6075,19.6546
3/4/2009,19.6546,19.9445,19.6122,19.6255
6/4/2009,19.5875,19.9489,19.5051,19.821
7/4/2009,19.8214,20.1352,19.793,20.0995
8/4/2009,20.0995,20.3194,19.9299,19.9629
9/4/2009,19.9642,20.2078,19.8925,20.0845
10/4/2009,20.0371,20.211,20.0371,20.052
13/4/2009,20.048,20.1372,19.7196,19.7535
14/4/2009,19.7525,20.17,19.7235,20.1477
15/4/2009,20.1477,20.4807,20.081,20.2552
16/4/2009,20.2689,20.5167,20.2139,20.292
17/4/2009,20.29,20.622,20.2777,20.5353
20/4/2009,20.562,20.9942,20.534,20.9455
21/4/2009,20.946,21.1165,20.666,20.7514
22/4/2009,20.7514,20.9827,20.6169,20.6978
23/4/2009,20.6978,20.7655,20.4771,20.5142
24/4/2009,20.5147,20.5635,19.9721,20.1105
27/4/2009,20.1605,20.5595,20.138,20.511
28/4/2009,20.511,20.7028,20.2772,20.3385
29/4/2009,20.3423,20.3705,19.9965,20.1445
30/4/2009,20.1445,20.3007,19.887,20.2188
1/5/2009,20.2188,20.25,20.0422,20.0943
4/5/2009,20.074,20.169,19.745,19.7855
5/5/2009,19.7855,20.0501,19.7117,19.961
6/5/2009,19.9645,20.1982,19.9575,20.0582
7/5/2009,20.0582,20.1597,19.665,19.9361
8/5/2009,19.9336,19.977,19.8152,19.864
11/5/2009,19.557000,19.808000,19.446000,19.743000
12/5/2009,19.729000,19.829000,19.469000,19.639000
13/5/2009,19.631000,19.951000,19.433000,19.842000
14/5/2009,19.761000,19.983000,19.686000,19.852000
15/5/2009,19.707000,20.076000,19.631000,19.981000
18/5/2009,19.974000,20.142000,19.665000,19.711000
19/5/2009,19.765000,19.851000,19.447000,19.558000
20/5/2009,19.570000,19.691000,19.175000,19.347000
21/5/2009,19.357000,19.599000,19.078000,19.185000
22/5/2009,19.191000,19.365000,18.928000,19.049000
25/5/2009,19.021000,19.172000,18.952000,19.030000
26/5/2009,19.027000,19.370000,18.906000,19.068000
27/5/2009,19.073000,19.335000,18.947000,19.274000
28/5/2009,19.324000,19.447000,19.137000,19.293000
29/5/2009,19.312000,19.369000,18.913000,18.963000
1/6/2009,19.021000,19.146000,18.681000,18.852000
2/6/2009,18.860000,19.024000,18.640000,18.731000
3/6/2009,18.722000,19.103000,18.609000,18.986000
4/6/2009,19.006000,19.199000,18.823000,18.991000
8/6/2009,19.358000,19.372000,19.337000,19.357000
9/6/2009,19.358000,19.436000,18.962000,19.016000
10/6/2009,19.007000,19.244000,18.863000,19.132000
11/6/2009,19.162000,19.185000,18.797000,18.923000
12/6/2009,18.927000,19.146000,18.871000,19.019000
15/6/2009,19.031000,19.516000,19.009000,19.453000
16/6/2009,19.459000,19.527000,19.184000,19.307000
17/6/2009,19.315000,19.356000,19.095000,19.160000
18/6/2009,19.156000,19.197000,18.821000,18.996000
19/6/2009,18.997000,19.036000,18.700000,18.798000
22/6/2009,18.806000,19.113000,18.657000,18.778000
23/6/2009,18.773000,18.905000,18.587000,18.628000
24/6/2009,19.761000,19.983000,19.686000,19.852000
25/6/2009,18.675000,18.791000,18.543000,18.565000
26/6/2009,18.513000,18.557000,18.424000,18.494000
29/6/2009,18.505000,18.673000,18.378000,18.408000
30/6/2009,18.498000,18.548000,18.489000,18.520000
1/7/2009,18.498000,18.548000,18.108000,18.205000
3/7/2009,18.551000,18.590000,18.436000,18.524000
7/7/2009,18.563000,18.662000,18.401000,18.655000
8/7/2009,18.637000,18.886000,18.481000,18.751000
9/7/2009,18.600000,18.606000,18.599000,18.600000
10/7/2009,18.600000,18.753000,18.481000,18.657000
13/7/2009,18.602000,18.792000,18.593000,18.618000
14/7/2009,18.617000,18.658000,18.516000,18.577000
15/7/2009,18.589000,18.675000,18.299000,18.339000
16/7/2009,18.372000,18.438000,18.265000,18.308000
20/7/2009,18.315000,18.367000,18.099000,18.106000
21/7/2009,18.159000,18.246000,18.092000,18.136000
22/7/2009,18.177000,18.258000,18.083000,18.130000
23/7/2009,18.170000,18.187000,17.892000,18.068000
27/7/2009,17.899000,17.902000,17.897000,17.902000
28/7/2009,17.899000,18.084000,17.798000,17.997000
29/7/2009,18.017000,18.272000,17.902000,18.198000
30/7/2009,18.218000,18.267000,18.093000,18.184000
31/7/2009,18.167000,18.193000,17.913000,17.924000
4/8/2009,17.788000,18.037000,17.708000,17.917000
5/8/2009,17.934000,18.124000,17.809000,18.012000
8/9/2009,17.755000,17.764000,17.534000,17.602000
11/9/2009,17.487000,17.502000,17.396000,17.463000
14/9/2009,17.466000,17.582000,17.381000,17.428000
1/10/2009,17.254000,17.507000,17.162000,17.507000
7/10/2009,17.432000,17.541000,17.432000,17.501000
9/10/2009,17.562000,17.620000,17.499000,17.620000
13/10/2009,17.466000,17.494000,17.455000,17.459000
16/10/2009,17.272000,17.396000,17.240000,17.373000
2/11/2009,17.896000,18.024000,17.850000,17.912000
5/11/2009,17.477000,17.615000,17.342000,17.408000
10/11/2009,17.060000,17.110000,16.966000,17.027000
11/11/2009,17.020000,17.045000,16.869000,17.022000
24/11/2009,17.293000,17.418000,17.265000,17.392000
25/11/2009,17.396000,17.419000,17.172000,17.181000
26/11/2009,17.186000,17.614000,17.111000,17.569000
2/12/2009,17.185000,17.389000,17.130000,17.219000
3/12/2009,17.155000,17.216000,17.041000,17.118000
4/12/2009,17.167000,17.374000,17.100000,17.270000
8/12/2009,17.287000,17.532000,17.236000,17.508000
9/12/2009,17.493000,17.580000,17.403000,17.492000
11/12/2009,17.514000,17.656000,17.419000,17.631000
18/12/2009,18.303000,18.476000,18.137000,18.438000
22/12/2009,18.345000,18.522000,18.274000,18.481000
1/1/2010,18.356000,18.445000,18.354000,18.405000
11/1/2010,18.050000,18.108000,17.976000,18.035000
19/1/2010,17.973000,18.145000,17.961000,18.113000
20/1/2010,18.171000,18.484000,18.171000,18.444000
2/2/2010,0.000000,0.000000,0.000000,0.000000
4/2/2010,18.752000,18.934000,18.682000,18.914000
15/2/2010,19.118000,19.182000,19.059000,19.077000
16/2/2010,0.000000,0.000000,0.000000,0.000000
22/2/2010,18.853000,19.034000,18.844000,18.914000
24/2/2010,19.063000,19.141000,18.962000,19.130000
25/2/2010,19.108000,19.332000,19.074000,19.184000
1/3/2010,19.025000,19.235000,18.963000,19.035000
5/3/2010,18.978000,19.032000,18.907000,18.910000
11/3/2010,18.729000,18.729000,18.710000,18.710000
18/3/2010,18.487000,18.669000,18.472000,18.669000
25/3/2010,19.021000,19.072000,18.942000,18.967000
21/4/2010,18.811000,18.934000,18.742000,18.859000
7/5/2010,20.742000,20.838000,20.210000,20.403000
10/5/2010,19.850000,20.050000,19.553500,20.013000
12/5/2010,20.193000,20.246000,20.050000,20.050000
