8/5/2007,2.7503,2.7785,2.7495,2.7758
9/5/2007,2.7693,2.7803,2.7637,2.7659
10/5/2007,2.7668,2.7919,2.7597,2.7884
11/5/2007,2.7979,2.8103,2.7779,2.7815
14/5/2007,2.7803,2.7844,2.7733,2.7779
15/5/2007,2.779,2.7974,2.7769,2.7804
16/5/2007,2.7788,2.7968,2.7736,2.7955
17/5/2007,2.8052,2.8126,2.7957,2.8073
18/5/2007,2.8073,2.8175,2.8045,2.8101
21/5/2007,2.8009,2.81,2.7945,2.8053
22/5/2007,2.8064,2.8165,2.8003,2.8116
23/5/2007,2.8091,2.83,2.803,2.8044
24/5/2007,2.8183,2.8392,2.8141,2.839
25/5/2007,2.8403,2.8441,2.8272,2.8295
28/5/2007,2.834,2.834,2.8244,2.8276
29/5/2007,2.833,2.8364,2.8221,2.8363
30/5/2007,2.8505,2.8606,2.8456,2.8526
31/5/2007,2.8401,2.8463,2.8292,2.8357
1/6/2007,2.8313,2.8449,2.8313,2.8354
4/6/2007,2.8204,2.8275,2.8154,2.8191
5/6/2007,2.8194,2.8251,2.8133,2.823
6/6/2007,2.828,2.8403,2.824,2.8403
7/6/2007,2.8299,2.8501,2.8299,2.8494
8/6/2007,2.858,2.8962,2.858,2.8676
11/6/2007,2.875,2.8787,2.869,2.8743
12/6/2007,2.8664,2.88,2.8605,2.8753
13/6/2007,2.8813,2.8991,2.8711,2.8728
14/6/2007,2.871,2.8811,2.863,2.8687
15/6/2007,2.8677,2.8721,2.8386,2.84
18/6/2007,2.8383,2.8405,2.8317,2.8396
19/6/2007,2.8309,2.8437,2.8213,2.823
20/6/2007,2.8132,2.8245,2.8116,2.8177
21/6/2007,2.8329,2.84,2.8273,2.8273
22/6/2007,2.8294,2.8305,2.8075,2.8183
25/6/2007,2.8151,2.8208,2.8096,2.8166
26/6/2007,2.8153,2.8315,2.814,2.8213
27/6/2007,2.8302,2.8364,2.8091,2.8164
28/6/2007,2.8092,2.812,2.7939,2.7949
29/6/2007,2.7965,2.8032,2.7783,2.7846
2/7/2007,2.7809,2.7833,2.7515,2.7522
3/7/2007,2.7525,2.7653,2.7499,2.7627
4/7/2007,2.7607,2.7643,2.7567,2.7573
5/7/2007,2.758,2.7742,2.7564,2.7719
6/7/2007,2.7717,2.7783,2.7552,2.7565
9/7/2007,2.7566,2.7608,2.7504,2.7558
10/7/2007,2.7697,2.7718,2.7436,2.7465
11/7/2007,2.745,2.7498,2.7346,2.7353
12/7/2007,2.7342,2.7379,2.723,2.7254
13/7/2007,2.7159,2.7277,2.7154,2.7268
16/7/2007,2.7302,2.7308,2.7176,2.7214
17/7/2007,2.718,2.7263,2.718,2.7191
18/7/2007,2.7116,2.7323,2.7111,2.7204
19/7/2007,2.7211,2.7237,2.7124,2.7156
20/7/2007,2.717,2.726,2.7158,2.7237
23/7/2007,2.7219,2.7308,2.7182,2.722
24/7/2007,2.72,2.7323,2.7151,2.731
25/7/2007,2.7439,2.7705,2.7403,2.7688
26/7/2007,2.7675,2.7861,2.764,2.7709
27/7/2007,2.7796,2.7974,2.7754,2.7831
30/7/2007,2.7847,2.7914,2.7665,2.77
31/7/2007,2.7679,2.7682,2.7611,2.7679
1/8/2007,2.7932,2.7957,2.7681,2.7766
2/8/2007,2.7744,2.7801,2.7696,2.7705
3/8/2007,2.7623,2.7663,2.7479,2.7568
6/8/2007,2.7365,2.75,2.7365,2.7499
7/8/2007,2.7419,2.7532,2.7365,2.7508
8/8/2007,2.7477,2.7541,2.7259,2.7274
9/8/2007,2.7242,2.7728,2.7242,2.7506
10/8/2007,2.7708,2.7708,2.755,2.7624
13/8/2007,2.7526,2.7776,2.749,2.7734
14/8/2007,2.7745,2.8054,2.7741,2.8052
15/8/2007,2.8243,2.849,2.8173,2.8334
16/8/2007,2.8575,2.8705,2.8446,2.8603
17/8/2007,2.856,2.8785,2.8247,2.8332
20/8/2007,2.8296,2.8505,2.8294,2.8451
21/8/2007,2.8462,2.8621,2.8439,2.8548
22/8/2007,2.8537,2.8572,2.8367,2.8376
23/8/2007,2.8266,2.8319,2.8146,2.8287
24/8/2007,2.8299,2.8381,2.8075,2.8105
27/8/2007,2.8005,2.8079,2.7978,2.8061
28/8/2007,2.8075,2.8131,2.8,2.8076
29/8/2007,2.8264,2.8315,2.8053,2.8096
30/8/2007,2.8044,2.8174,2.7995,2.8038
31/8/2007,2.7918,2.8089,2.7824,2.8086
3/9/2007,2.7973,2.8067,2.7956,2.806
4/9/2007,2.8047,2.8226,2.8016,2.8141
5/9/2007,2.8116,2.818,2.7972,2.7974
6/9/2007,2.8053,2.8063,2.7873,2.7877
7/9/2007,2.7838,2.79,2.7636,2.7725
10/9/2007,2.7715,2.7727,2.7427,2.7564
11/9/2007,2.756,2.7565,2.7281,2.7291
12/9/2007,2.7197,2.7285,2.7186,2.7219
13/9/2007,2.72,2.7284,2.7106,2.7238
14/9/2007,2.7232,2.7343,2.7197,2.7247
17/9/2007,2.7243,2.7324,2.7169,2.7297
18/9/2007,2.7297,2.7421,2.7203,2.7239
19/9/2007,2.6945,2.7071,2.6935,2.7002
20/9/2007,2.6974,2.6983,2.6752,2.6753
21/9/2007,2.6739,2.6838,2.6673,2.6677
24/9/2007,2.6614,2.6714,2.6604,2.6696
25/9/2007,2.671,2.6832,2.6676,2.6729
26/9/2007,2.6638,2.6777,2.6636,2.6764
27/9/2007,2.6755,2.6758,2.6625,2.6684
28/9/2007,2.6677,2.6703,2.6487,2.6504
1/10/2007,2.6402,2.6531,2.6399,2.6443
2/10/2007,2.6458,2.6693,2.6456,2.6662
3/10/2007,2.665,2.6665,2.6564,2.6665
4/10/2007,2.6821,2.6821,2.6609,2.6647
5/10/2007,2.6643,2.6805,2.6563,2.6582
8/10/2007,2.6575,2.6685,2.657,2.6683
9/10/2007,2.6763,2.6793,2.6574,2.6578
10/10/2007,2.6544,2.6562,2.6439,2.6482
11/10/2007,2.6471,2.6502,2.618,2.6183
12/10/2007,2.6335,2.6379,2.6237,2.6275
15/10/2007,2.627,2.627,2.6026,2.6099
16/10/2007,2.6136,2.6309,2.6104,2.6239
17/10/2007,2.6245,2.6254,2.6016,2.6113
18/10/2007,2.6116,2.6158,2.5812,2.5832
19/10/2007,2.58,2.5905,2.5705,2.5905
22/10/2007,2.5747,2.6149,2.5672,2.5868
23/10/2007,2.5715,2.5761,2.5618,2.572
24/10/2007,2.5735,2.5783,2.5615,2.5722
25/10/2007,2.5586,2.5632,2.5289,2.5388
26/10/2007,2.531,2.5369,2.5116,2.5143
29/10/2007,2.507,2.522,2.4983,2.518
30/10/2007,2.5102,2.5266,2.5099,2.5206
31/10/2007,2.5199,2.5279,2.5069,2.5077
1/11/2007,2.5076,2.5435,2.5029,2.5272
2/11/2007,2.5243,2.533,2.5124,2.52
5/11/2007,2.52,2.5281,2.5147,2.521
6/11/2007,2.5221,2.5221,2.4909,2.4962
7/11/2007,2.4988,2.4993,2.4578,2.4803
8/11/2007,2.4916,2.498,2.471,2.4714
9/11/2007,2.4703,2.4839,2.4583,2.4792
12/11/2007,2.489,2.5079,2.4825,2.5037
13/11/2007,2.5047,2.5061,2.4859,2.4944
14/11/2007,2.4922,2.4922,2.4721,2.482
15/11/2007,2.4833,2.5116,2.4788,2.4994
16/11/2007,2.5059,2.5203,2.5023,2.5151
19/11/2007,2.4935,2.5155,2.4935,2.5111
20/11/2007,2.5094,2.5161,2.4818,2.4853
21/11/2007,2.4779,2.4986,2.474,2.4888
22/11/2007,2.4872,2.4924,2.479,2.4821
23/11/2007,2.4812,2.4942,2.4712,2.4913
26/11/2007,2.4902,2.491,2.4686,2.4822
27/11/2007,2.4829,2.493,2.4765,2.4777
28/11/2007,2.4798,2.4919,2.4674,2.4681
29/11/2007,2.4562,2.4809,2.4531,2.4682
30/11/2007,2.4676,2.4676,2.4422,2.4608
3/12/2007,2.4586,2.4753,2.4548,2.4631
4/12/2007,2.4595,2.4709,2.4485,2.4486
5/12/2007,2.4504,2.4539,2.4443,2.4515
6/12/2007,2.4527,2.4642,2.4492,2.4505
7/12/2007,2.4494,2.454,2.4395,2.4411
10/12/2007,2.4429,2.447,2.4222,2.4228
11/12/2007,2.4247,2.4391,2.4192,2.4295
12/12/2007,2.4421,2.4455,2.4201,2.4331
13/12/2007,2.4281,2.4641,2.4273,2.4588
14/12/2007,2.457,2.5074,2.4544,2.5
17/12/2007,2.5066,2.5298,2.4944,2.5218
18/12/2007,2.5142,2.5181,2.5045,2.5128
19/12/2007,2.5096,2.5166,2.5067,2.5129
20/12/2007,2.516,2.5304,2.515,2.5177
21/12/2007,2.5132,2.5218,2.513,2.518
24/12/2007,2.5175,2.5175,2.5008,2.5121
25/12/2007,2.5064,2.5064,2.4974,2.5031
26/12/2007,2.5043,2.5047,2.4882,2.4891
27/12/2007,2.4867,2.496,2.4727,2.4747
28/12/2007,2.4565,2.4577,2.4458,2.4508
31/12/2007,2.4452,2.4595,2.434,2.4594
2/1/2008,2.4518,2.4652,2.4469,2.4555
3/1/2008,2.453,2.46,2.4401,2.4482
4/1/2008,2.4463,2.4541,2.4308,2.4433
7/1/2008,2.4477,2.462,2.4466,2.4503
8/1/2008,2.453,2.4532,2.4358,2.442
9/1/2008,2.4395,2.4602,2.4354,2.4556
10/1/2008,2.452,2.4564,2.4307,2.4349
11/1/2008,2.4208,2.4269,2.4174,2.4213
14/1/2008,2.408,2.4134,2.3998,2.3998
15/1/2008,2.3983,2.4108,2.3971,2.4078
16/1/2008,2.417,2.4531,2.4167,2.4531
17/1/2008,2.4521,2.4673,2.4447,2.4524
18/1/2008,2.4688,2.4837,2.4644,2.4766
21/1/2008,2.5,2.5269,2.4959,2.5237
22/1/2008,2.5324,2.5553,2.4764,2.4824
23/1/2008,2.476,2.5087,2.4734,2.4957
24/1/2008,2.4772,2.4871,2.4515,2.4582
25/1/2008,2.4453,2.4631,2.4427,2.4622
28/1/2008,2.4663,2.471,2.4433,2.4437
29/1/2008,2.4477,2.4595,2.444,2.4546
30/1/2008,2.4525,2.4583,2.4378,2.4453
31/1/2008,2.4276,2.4466,2.4263,2.4355
1/2/2008,2.4233,2.4288,2.4043,2.4264
4/2/2008,2.4211,2.4211,2.3966,2.4108
5/2/2008,2.4073,2.453,2.4036,2.4509
6/2/2008,2.457,2.4643,2.4494,2.452
7/2/2008,2.4624,2.5004,2.4538,2.4844
8/2/2008,2.4897,2.5045,2.4865,2.4956
11/2/2008,2.485,2.4998,2.4805,2.4969
12/2/2008,2.4831,2.4923,2.4651,2.4676
13/2/2008,2.4778,2.4812,2.4629,2.4713
14/2/2008,2.4662,2.4683,2.4479,2.4542
15/2/2008,2.4486,2.4532,2.434,2.4352
18/2/2008,2.4345,2.4484,2.4323,2.4409
19/2/2008,2.4285,2.4323,2.4198,2.4247
20/2/2008,2.4364,2.4518,2.4325,2.4421
21/2/2008,2.4253,2.432,2.4119,2.4125
22/2/2008,2.4121,2.4159,2.4006,2.4113
25/2/2008,2.4055,2.4085,2.3834,2.384
26/2/2008,2.3828,2.3943,2.3702,2.3754
27/2/2008,2.3501,2.3577,2.3357,2.3369
28/2/2008,2.3298,2.3371,2.3142,2.3144
29/2/2008,2.3169,2.3311,2.3128,2.3176
5/3/2008,2.3234,2.3299,2.3085,2.3099
6/3/2008,2.3041,2.3207,2.2999,2.3136
11/3/2008,2.3268,2.3268,2.2846,2.312
12/3/2008,2.302,2.3022,2.2742,2.2777
13/3/2008,2.2764,2.2799,2.2685,2.2725
14/3/2008,2.268,2.28,2.2564,2.2642
17/3/2008,2.2512,2.263,2.2434,2.2474
18/3/2008,2.2439,2.2473,2.2342,2.2422
19/3/2008,2.2512,2.2614,2.238,2.2599
20/3/2008,2.2747,2.2945,2.2714,2.294
21/3/2008,2.2869,2.2894,2.2824,2.2885
24/3/2008,2.2975,2.2977,2.2857,2.2931
25/3/2008,2.2715,2.276,2.2602,2.2634
26/3/2008,2.2613,2.265,2.2384,2.2388
27/3/2008,2.2341,2.242,2.2283,2.2333
28/3/2008,2.2363,2.2407,2.2232,2.2347
31/3/2008,2.2307,2.2366,2.2133,2.2187
1/4/2008,2.2368,2.2527,2.2367,2.2486
2/4/2008,2.2523,2.2528,2.2285,2.2365
3/4/2008,2.2328,2.2469,2.2261,2.2263
4/4/2008,2.2194,2.2216,2.2039,2.2071
7/4/2008,2.2164,2.2187,2.1971,2.2032
8/4/2008,2.1989,2.2072,2.1955,2.1998
9/4/2008,2.2014,2.2032,2.1862,2.1876
10/4/2008,2.1794,2.1827,2.1666,2.1778
11/4/2008,2.1739,2.1763,2.1577,2.1687
14/4/2008,2.1856,2.1877,2.1474,2.1485
15/4/2008,2.149,2.1591,2.1478,2.1586
16/4/2008,2.1505,2.1535,2.1386,2.1434
17/4/2008,2.1439,2.1576,2.1379,2.1501
18/4/2008,2.1555,2.1823,2.1443,2.1811
21/4/2008,2.1666,2.1721,2.1425,2.1456
22/4/2008,2.1531,2.1575,2.1341,2.1355
23/4/2008,2.1362,2.1537,2.1305,2.1482
24/4/2008,2.1527,2.1785,2.1505,2.1762
25/4/2008,2.1896,2.2084,2.1865,2.1921
28/4/2008,2.1945,2.2051,2.1901,2.1983
29/4/2008,2.1998,2.2217,2.1988,2.2168
30/4/2008,2.2209,2.2279,2.2158,2.2181
1/5/2008,2.2081,2.2444,2.2059,2.2402
2/5/2008,2.237,2.246,2.2271,2.2342
5/5/2008,2.2241,2.2318,2.2188,2.2252
6/5/2008,2.2215,2.2258,2.205,2.21
7/5/2008,2.2204,2.2258,2.2118,2.2169
8/5/2008,2.2305,2.2335,2.2109,2.2139
9/5/2008,2.2109,2.2132,2.195,2.1976
12/5/2008,2.2034,2.2098,2.1838,2.1842
13/5/2008,2.1751,2.1914,2.1745,2.1853
14/5/2008,2.1887,2.2076,2.1844,2.1938
15/5/2008,2.1898,2.1986,2.1805,2.1933
16/5/2008,2.1894,2.1962,2.1746,2.177
19/5/2008,2.1733,2.188,2.1634,2.1848
20/5/2008,2.1801,2.1811,2.1613,2.1653
21/5/2008,2.1599,2.1675,2.1482,2.1609
22/5/2008,2.1618,2.1748,2.1588,2.1734
23/5/2008,2.1672,2.1745,2.1536,2.1625
26/5/2008,2.1622,2.1632,2.1491,2.1498
27/5/2008,2.1445,2.1632,2.1442,2.1606
28/5/2008,2.1635,2.175,2.1525,2.1733
29/5/2008,2.17,2.1805,2.1608,2.1753
30/5/2008,2.1759,2.1871,2.1686,2.1734
2/6/2008,2.1755,2.1814,2.1699,2.1765
3/6/2008,2.1732,2.1868,2.1566,2.1795
4/6/2008,2.1826,2.1934,2.1783,2.1842
5/6/2008,2.1896,2.1975,2.1696,2.178
6/6/2008,2.1696,2.1751,2.153,2.1605
9/6/2008,2.1577,2.1634,2.1412,2.15
10/6/2008,2.1685,2.188,2.1597,2.183
11/6/2008,2.1839,2.1857,2.1719,2.1781
12/6/2008,2.188,2.2065,2.1867,2.1981
13/6/2008,2.1966,2.2204,2.1959,2.2092
16/6/2008,2.201,2.2094,2.1813,2.1901
17/6/2008,2.1804,2.1888,2.1759,2.1795
18/6/2008,2.1851,2.1856,2.1719,2.1761
19/6/2008,2.1686,2.1828,2.1652,2.1751
20/6/2008,2.1693,2.1696,2.1527,2.1554
23/6/2008,2.1599,2.1772,2.1574,2.1702
24/6/2008,2.1658,2.1662,2.1544,2.158
25/6/2008,2.1619,2.1652,2.1478,2.1539
26/6/2008,2.1384,2.1448,2.1314,2.1327
27/6/2008,2.1435,2.1439,2.1303,2.131
30/6/2008,2.127,2.1298,2.1185,2.127
1/7/2008,2.127,2.133,2.1249,2.1281
2/7/2008,2.1209,2.1264,2.1113,2.1144
3/7/2008,2.1132,2.1247,2.1038,2.1217
4/7/2008,2.1211,2.1252,2.1098,2.1108
7/7/2008,2.1198,2.1326,2.1083,2.1083
8/7/2008,2.1049,2.1094,2.0989,2.1003
9/7/2008,2.0926,2.0998,2.076,2.0806
10/7/2008,2.0839,2.0867,2.0706,2.0714
11/7/2008,2.0724,2.0765,2.045,2.0483
14/7/2008,2.0526,2.0564,2.0452,2.0466
15/7/2008,2.0422,2.0451,2.0298,2.035
16/7/2008,2.0385,2.0402,2.0236,2.0357
17/7/2008,2.026,2.0376,2.0253,2.0323
18/7/2008,2.0326,2.0375,2.0264,2.0281
21/7/2008,2.0275,2.033,2.019,2.031
22/7/2008,2.0235,2.0493,2.0222,2.0475
23/7/2008,2.0521,2.0789,2.051,2.0785
24/7/2008,2.0744,2.0782,2.0529,2.0573
25/7/2008,2.0496,2.0499,2.035,2.0447
28/7/2008,2.041,2.0443,2.0322,2.0364
29/7/2008,2.0362,2.0608,2.0338,2.0599
30/7/2008,2.0615,2.0707,2.0532,2.0613
31/7/2008,2.0567,2.0573,2.0468,2.0568
1/8/2008,2.0677,2.0703,2.0604,2.0624
4/8/2008,2.0587,2.065,2.0546,2.0591
5/8/2008,2.0646,2.0884,2.0619,2.0877
6/8/2008,2.0824,2.1053,2.0728,2.104
7/8/2008,2.1038,2.1231,2.0914,2.1201
8/8/2008,2.1202,2.1856,2.1168,2.1827
11/8/2008,2.1803,2.2038,2.16,2.2019
12/8/2008,2.2022,2.2172,2.1786,2.1888
13/8/2008,2.1887,2.2269,2.1778,2.2133
14/8/2008,2.2132,2.2487,2.2093,2.2384
15/8/2008,2.2386,2.2754,2.238,2.2697
18/8/2008,2.2696,2.2756,2.2457,2.2555
19/8/2008,2.2556,2.278,2.2435,2.2467
20/8/2008,2.2471,2.2574,2.2394,2.2491
21/8/2008,2.2491,2.2512,2.2097,2.2117
22/8/2008,2.2114,2.2409,2.2097,2.23
25/8/2008,2.2336,2.2521,2.2295,2.2372
26/8/2008,2.2374,2.2834,2.237,2.2711
27/8/2008,2.2712,2.2754,2.2527,2.2666
28/8/2008,2.2667,2.2843,2.2497,2.2809
29/8/2008,2.2807,2.2835,2.2604,2.2711
1/9/2008,2.2658,2.2949,2.2594,2.2885
2/9/2008,2.2884,2.3252,2.2884,2.3073
3/9/2008,2.3075,2.3428,2.3038,2.3288
4/9/2008,2.3291,2.3847,2.3157,2.3826
5/9/2008,2.3827,2.4318,2.3789,2.4179
8/9/2008,2.3893,2.4775,2.3676,2.4643
9/9/2008,2.4645,2.4801,2.4267,2.455
10/9/2008,2.4551,2.4702,2.3974,2.4202
11/9/2008,2.4202,2.4658,2.4175,2.4176
12/9/2008,2.4175,2.4227,2.3409,2.3409
15/9/2008,2.3225,2.3861,2.311,2.3597
16/9/2008,2.36,2.414,2.3437,2.3575
17/9/2008,2.3579,2.4004,2.3273,2.3543
18/9/2008,2.3543,2.3628,2.3036,2.3139
19/9/2008,2.314,2.3494,2.2678,2.2743
22/9/2008,2.2692,2.2796,2.2164,2.2379
23/9/2008,2.2376,2.2652,2.2261,2.2607
24/9/2008,2.2607,2.2835,2.243,2.2817
25/9/2008,2.2817,2.2913,2.2525,2.2839
26/9/2008,2.2841,2.3137,2.2696,2.3003
29/9/2008,2.2957,2.3784,2.2921,2.3546
30/9/2008,2.3551,2.4209,2.3527,2.4097
1/10/2008,2.4104,2.4317,2.3844,2.4256
2/10/2008,2.4263,2.4919,2.4187,2.4816
3/10/2008,2.4809,2.5031,2.4418,2.4703
6/10/2008,2.4818,2.5819,2.475,2.5574
7/10/2008,2.5574,2.5689,2.4793,2.5287
8/10/2008,2.5287,2.5752,2.5125,2.5337
9/10/2008,2.5337,2.638,2.4821,2.6357
10/10/2008,2.6365,2.7109,2.5985,2.6832
13/10/2008,2.656,2.6563,2.5708,2.6022
14/10/2008,2.6017,2.6156,2.4903,2.5511
15/10/2008,2.551,2.6771,2.5467,2.6748
16/10/2008,2.6747,2.7118,2.6229,2.6498
17/10/2008,2.6497,2.693,2.611,2.6509
20/10/2008,2.6475,2.704,2.5987,2.6786
21/10/2008,2.6794,2.8229,2.6741,2.8206
22/10/2008,2.8205,2.9827,2.8078,2.9654
23/10/2008,2.9651,3.1121,2.9466,3.0022
24/10/2008,3.0022,3.1565,2.956,3.0279
27/10/2008,3.041,3.133,3.0143,3.0854
28/10/2008,3.0856,3.1122,2.8703,2.8899
29/10/2008,2.8954,2.9109,2.7273,2.7366
30/10/2008,2.7362,2.8212,2.6162,2.7895
31/10/2008,2.7895,2.8835,2.7416,2.7764
3/11/2008,2.7677,2.8186,2.7126,2.8028
4/11/2008,2.8028,2.8182,2.6867,2.7104
5/11/2008,2.7104,2.7581,2.6791,2.7274
6/11/2008,2.7274,2.8731,2.7181,2.8636
7/11/2008,2.8636,2.8981,2.8,2.8745
10/11/2008,2.8643,2.9587,2.7931,2.9581
11/11/2008,2.9581,3.036,2.9377,3.0248
12/11/2008,3.0248,3.0334,2.9551,3.0125
13/11/2008,3.0125,3.056,2.8739,2.8779
14/11/2008,2.8779,2.9598,2.8657,2.9206
17/11/2008,2.9576,3.0022,2.9275,2.9733
18/11/2008,2.9732,3.0746,2.97,3.0354
19/11/2008,3.0354,3.0724,2.955,3.0496
20/11/2008,3.0496,3.0945,3.032,3.0794
21/11/2008,3.0794,3.124,3.0072,3.0784
24/11/2008,3.08,3.0941,2.9771,2.9804
25/11/2008,2.9804,3.0053,2.8919,2.8987
26/11/2008,2.8987,2.9431,2.8941,2.9316
27/11/2008,2.9336,2.9344,2.8966,2.9152
28/11/2008,2.9152,3.0028,2.9005,2.9786
1/12/2008,2.9772,3.0637,2.9738,3.0288
2/12/2008,3.0291,3.0649,3.0103,3.0307
3/12/2008,3.0307,3.0635,3.0176,3.0319
4/12/2008,3.0321,3.0941,2.9991,3.0396
5/12/2008,3.0398,3.0847,3.0228,3.0529
8/12/2008,3.0569,3.0671,2.9859,2.9995
9/12/2008,2.9991,3.0667,2.9971,3.0422
10/12/2008,3.0421,3.0704,3.0162,3.0325
11/12/2008,3.0325,3.0416,2.8811,2.9172
12/12/2008,2.9175,2.9963,2.9025,2.9507
15/12/2008,2.9531,2.9673,2.8994,2.9077
16/12/2008,2.9077,2.9805,2.8712,2.8872
17/12/2008,2.8872,2.9262,2.842,2.8476
18/12/2008,2.8476,2.9121,2.822,2.8864
19/12/2008,2.8864,2.9929,2.8652,2.9727
22/12/2008,2.9367,2.9681,2.8955,2.959
23/12/2008,2.959,2.9684,2.923,2.9473
24/12/2008,2.9473,2.9567,2.9149,2.9272
25/12/2008,2.9273,2.9739,2.8507,2.9358
26/12/2008,2.9285,2.957,2.898,2.9404
29/12/2008,2.9256,2.9632,2.8608,2.9619
30/12/2008,2.9619,2.9718,2.9014,2.9705
31/12/2008,2.9705,3.0006,2.946,2.9696
1/1/2009,2.9696,2.9908,2.9379,2.9512
2/1/2009,2.9512,3.0142,2.945,2.9979
5/1/2009,2.9967,3.0629,2.9717,2.9991
6/1/2009,2.9992,3.0576,2.9256,2.9277
7/1/2009,2.9277,2.9673,2.8611,2.9544
8/1/2009,2.9544,2.9968,2.9316,2.9486
9/1/2009,2.9486,3.008,2.9351,2.9913
12/1/2009,2.9895,3.1132,2.982,3.0963
13/1/2009,3.0963,3.1675,3.0891,3.1389
14/1/2009,3.1389,3.195,3.0886,3.1658
15/1/2009,3.1658,3.238,3.1563,3.1833
16/1/2009,3.1833,3.2569,3.1185,3.23
19/1/2009,3.2178,3.2978,3.1885,3.2976
20/1/2009,3.2976,3.4031,3.2875,3.371
21/1/2009,3.371,3.3905,3.2896,3.3099
22/1/2009,3.3099,3.3905,3.2852,3.3594
23/1/2009,3.3594,3.4948,3.3526,3.3944
26/1/2009,3.3899,3.4315,3.2916,3.3268
27/1/2009,3.327,3.3683,3.236,3.3423
28/1/2009,3.3423,3.3456,3.2531,3.2988
29/1/2009,3.2988,3.4008,3.295,3.3921
30/1/2009,3.3921,3.4968,3.3901,3.4833
2/2/2009,3.4896,3.5226,3.4604,3.4911
3/2/2009,3.4911,3.5994,3.4587,3.5594
4/2/2009,3.5594,3.6541,3.5214,3.6309
5/2/2009,3.6309,3.6493,3.5761,3.6021
6/2/2009,3.6021,3.6151,3.4814,3.5007
9/2/2009,3.5052,3.5673,3.3803,3.4101
10/2/2009,3.4101,3.5463,3.4024,3.5255
11/2/2009,3.5255,3.5628,3.4832,3.5192
12/2/2009,3.5192,3.6592,3.507,3.5919
13/2/2009,3.5919,3.6316,3.5512,3.6137
16/2/2009,3.6219,3.7997,3.6188,3.7844
17/2/2009,3.7844,3.9124,3.7774,3.8963
18/2/2009,3.8963,3.9151,3.7773,3.812
19/2/2009,3.812,3.8133,3.6434,3.7833
20/2/2009,3.7833,3.8461,3.6575,3.7
23/2/2009,3.7108,3.7192,3.5604,3.6681
24/2/2009,3.6679,3.6967,3.5907,3.6024
25/2/2009,3.6024,3.7212,3.5467,3.687
26/2/2009,3.687,3.7385,3.6541,3.6949
27/2/2009,3.6949,3.7476,3.6489,3.668
2/3/2009,3.6968,3.8101,3.686,3.7895
3/3/2009,3.7895,3.8226,3.7181,3.7993
4/3/2009,3.7993,3.839,3.6877,3.6902
5/3/2009,3.6902,3.7949,3.6857,3.7824
6/3/2009,3.7824,3.79,3.6718,3.7321
9/3/2009,3.7245,3.7818,3.6647,3.7618
10/3/2009,3.7618,3.7708,3.6441,3.6531
11/3/2009,3.6531,3.698,3.571,3.5942
12/3/2009,3.5942,3.6449,3.4671,3.475
13/3/2009,3.475,3.52,3.438,3.4704
16/3/2009,3.4945,3.5116,3.387,3.4401
17/3/2009,3.4401,3.5152,3.4151,3.461
18/3/2009,3.461,3.5039,3.33,3.337
19/3/2009,3.337,3.3909,3.3098,3.389
20/3/2009,3.3894,3.4208,3.3392,3.3848
23/3/2009,3.364,3.3856,3.3255,3.331
24/3/2009,3.331,3.3787,3.2994,3.3645
25/3/2009,3.3645,3.4193,3.3359,3.3635
26/3/2009,3.3635,3.3809,3.3415,3.3689
27/3/2009,3.3689,3.5296,3.3565,3.5207
30/3/2009,3.5333,3.6162,3.5195,3.5798
31/3/2009,3.5798,3.587,3.4736,3.4992
1/4/2009,3.498,3.5496,3.3897,3.3955
2/4/2009,3.3955,3.4064,3.2638,3.2808
3/4/2009,3.281,3.3528,3.2702,3.3094
6/4/2009,3.2955,3.3543,3.2487,3.3252
7/4/2009,3.3252,3.4023,3.3199,3.386
8/4/2009,3.3868,3.4379,3.3323,3.3323
9/4/2009,3.332,3.364,3.282,3.2831
10/4/2009,3.2831,3.3401,3.2821,3.3144
13/4/2009,3.3079,3.3165,3.2444,3.2497
14/4/2009,3.2497,3.3102,3.1876,3.2237
15/4/2009,3.2238,3.2665,3.1863,3.229
16/4/2009,3.229,3.2814,3.2229,3.2447
17/4/2009,3.2447,3.3138,3.2413,3.3004
20/4/2009,3.2996,3.4204,3.2986,3.4184
21/4/2009,3.4185,3.4529,3.3659,3.3913
22/4/2009,3.3913,3.4327,3.3747,3.3873
23/4/2009,3.3873,3.4642,3.3649,3.4085
24/4/2009,3.4085,3.4364,3.3584,3.3903
27/4/2009,3.384,3.5095,3.3818,3.4973
28/4/2009,3.4973,3.5227,3.4003,3.4091
29/4/2009,3.4096,3.4149,3.2832,3.3125
30/4/2009,3.3122,3.3701,3.2635,3.3463
1/5/2009,3.3463,3.3495,3.2909,3.2928
4/5/2009,3.3092,3.3351,3.2412,3.248
5/5/2009,3.2479,3.2915,3.2273,3.2776
6/5/2009,3.2776,3.3222,3.2724,3.2804
7/5/2009,3.2804,3.3063,3.2001,3.2634
8/5/2009,3.2634,3.279,3.2367,3.2396
11/5/2009,3.196600,3.248100,3.171700,3.229000
12/5/2009,3.233300,3.260900,3.191100,3.223300
13/5/2009,3.218900,3.296900,3.187200,3.276600
14/5/2009,3.282000,3.325700,3.263800,3.282500
15/5/2009,3.283600,3.335400,3.265500,3.322300
18/5/2009,3.310300,3.343500,3.246700,3.256200
19/5/2009,3.263300,3.275200,3.185900,3.200900
20/5/2009,3.201400,3.228400,3.125400,3.160800
21/5/2009,3.163900,3.218100,3.141400,3.162700
22/5/2009,3.245000,3.282400,3.225300,3.250800
25/5/2009,3.141200,3.173900,3.125000,3.147300
26/5/2009,3.145900,3.214200,3.132400,3.157600
27/5/2009,3.160600,3.210300,3.147900,3.200400
28/5/2009,3.213800,3.278200,3.203700,3.240800
29/5/2009,3.248600,3.257000,3.152600,3.184300
1/6/2009,3.188500,3.205100,3.104500,3.151600
2/6/2009,3.153600,3.186400,3.111300,3.127000
3/6/2009,3.125200,3.221000,3.098600,3.195600
4/6/2009,3.203800,3.217700,3.155500,3.174800
8/6/2009,3.250900,3.252100,3.248500,3.249600
9/6/2009,3.250900,3.262900,3.180300,3.186500
10/6/2009,3.181300,3.227800,3.147200,3.209700
11/6/2009,3.214800,3.214800,3.144400,3.167700
12/6/2009,3.171800,3.215500,3.156000,3.202400
15/6/2009,3.187000,3.302000,3.187000,3.284800
16/6/2009,3.286400,3.296300,3.238200,3.268400
17/6/2009,3.269100,3.279500,3.199500,3.250000
18/6/2009,3.250800,3.285300,3.233500,3.262600
19/6/2009,3.258700,3.283500,3.208900,3.253500
22/6/2009,3.245600,3.281000,3.199500,3.273700
23/6/2009,3.278300,3.301400,3.225800,3.235500
24/6/2009,3.233600,3.265900,3.204200,3.254600
25/6/2009,3.248900,3.271700,3.210600,3.215900
26/6/2009,3.206300,3.213900,3.186600,3.200500
29/6/2009,3.204500,3.234400,3.181600,3.184900
30/6/2009,3.172900,3.181600,3.171500,3.176900
1/7/2009,3.172900,3.181600,3.070900,3.075400
3/7/2009,3.140900,3.141800,3.099600,3.117200
7/7/2009,3.131300,3.167500,3.107900,3.165900
8/7/2009,3.159100,3.208500,3.109100,3.188400
9/7/2009,3.105800,3.108800,3.105800,3.107900
10/7/2009,3.105800,3.156600,3.105800,3.137500
13/7/2009,3.134400,3.174100,3.125300,3.130200
14/7/2009,3.140800,3.145500,3.078100,3.085700
15/7/2009,3.079700,3.089500,3.029000,3.033200
16/7/2009,3.038500,3.077400,3.014700,3.052000
20/7/2009,3.068800,3.069400,2.966900,2.985200
21/7/2009,2.982300,3.027500,2.976600,3.001900
22/7/2009,3.008500,3.022600,2.986900,2.996800
23/7/2009,2.997600,2.998900,2.949500,2.989100
27/7/2009,2.920300,2.941000,2.920300,2.920900
28/7/2009,2.920300,2.967000,2.905600,2.949700
29/7/2009,2.949300,2.996100,2.944800,2.987700
30/7/2009,2.988100,2.992400,2.950800,2.958400
31/7/2009,2.958700,2.959000,2.897600,2.906700
4/8/2009,2.829900,2.877000,2.827700,2.846100
5/8/2009,2.849800,2.870600,2.838400,2.853800
8/9/2009,2.860100,2.866300,2.811900,2.826900
11/9/2009,2.841300,2.876600,2.834400,2.858900
14/9/2009,2.853800,2.921800,2.853400,2.863700
1/10/2009,2.876400,2.925500,2.868600,2.924600
7/10/2009,2.845100,2.880500,2.845100,2.880500
9/10/2009,2.863600,2.881600,2.863600,2.880500
13/10/2009,2.856200,2.862500,2.852500,2.862500
16/10/2009,2.803600,2.840400,2.795600,2.827500
2/11/2009,2.886900,2.901600,2.870000,2.866800
5/11/2009,2.859000,2.882000,2.844500,2.862800
10/11/2009,2.799400,2.813200,2.776500,2.789000
11/11/2009,2.786500,2.789200,2.739800,2.762900
24/11/2009,2.751100,2.775900,2.745600,2.749800
25/11/2009,2.755900,2.757300,2.705400,2.707800
26/11/2009,2.709600,2.776700,2.709200,2.771700
2/12/2009,2.728600,2.761900,2.715900,2.733600
3/12/2009,2.720100,2.733600,2.703900,2.717200
4/12/2009,2.723600,2.744100,2.703100,2.734500
8/12/2009,2.743700,2.817700,2.733900,2.817200
9/12/2009,2.800700,2.841100,2.789500,2.828200
11/12/2009,2.821100,2.845000,2.797600,2.841500
18/12/2009,2.932200,2.949900,2.901100,2.945200
22/12/2009,2.934400,2.941500,2.914500,2.923900
1/1/2010,2.881000,2.881000,2.848600,2.852000
11/1/2010,2.822000,2.822000,2.785400,2.804500
19/1/2010,2.789100,2.816300,2.786600,2.813200
20/1/2010,2.806500,2.881100,2.806500,2.869400
2/2/2010,0.000000,0.000000,0.000000,0.000000
4/2/2010,2.890500,2.927900,2.879700,2.925800
15/2/2010,2.947200,2.957100,2.947200,2.956400
16/2/2010,2.956500,2.956500,2.929500,2.933800
22/2/2010,2.910600,2.963500,2.904900,2.910500
24/2/2010,2.960200,2.966600,2.923400,2.945900
25/2/2010,2.936800,2.976900,2.930500,2.937600
1/3/2010,2.895200,2.924500,2.885300,2.890700
5/3/2010,2.869900,2.871200,2.849300,2.855800
11/3/2010,2.846500,2.862800,2.845100,2.856900
18/3/2010,2.814700,2.853500,2.813300,2.835500
25/3/2010,2.901800,2.921500,2.901800,2.907500
21/4/2010,2.890400,2.901400,2.872300,2.887300
7/5/2010,3.330500,3.367500,3.229500,3.285400
10/5/2010,3.267100,3.267100,3.051600,3.144100
12/5/2010,3.185400,3.201800,3.134500,3.134500
