8/5/2007,7.8185,7.8198,7.817,7.8183
9/5/2007,7.818,7.8214,7.818,7.8201
10/5/2007,7.8184,7.8221,7.8184,7.8218
11/5/2007,7.8214,7.8223,7.8184,7.8196
14/5/2007,7.8183,7.8207,7.8103,7.811
15/5/2007,7.8105,7.8163,7.8096,7.8134
16/5/2007,7.8125,7.8189,7.8124,7.8181
17/5/2007,7.8175,7.8211,7.8175,7.8205
18/5/2007,7.8204,7.8236,7.8161,7.8184
21/5/2007,7.8176,7.8224,7.8176,7.8214
22/5/2007,7.8211,7.8247,7.821,7.8237
23/5/2007,7.8227,7.8263,7.8225,7.8239
24/5/2007,7.8236,7.8246,7.8222,7.8226
25/5/2007,7.8222,7.8271,7.8214,7.8234
28/5/2007,7.8241,7.8246,7.8195,7.8202
29/5/2007,7.8198,7.8211,7.8166,7.8204
30/5/2007,7.8201,7.8225,7.8007,7.8061
31/5/2007,7.8058,7.8108,7.8042,7.808
1/6/2007,7.8075,7.8153,7.8073,7.81
4/6/2007,7.8121,7.8121,7.8036,7.8067
5/6/2007,7.8063,7.8094,7.805,7.8087
6/6/2007,7.8085,7.8127,7.8072,7.8122
7/6/2007,7.8117,7.8159,7.8105,7.8153
8/6/2007,7.8149,7.8164,7.8135,7.8151
11/6/2007,7.8165,7.8165,7.8115,7.8144
12/6/2007,7.814,7.8176,7.8124,7.8171
13/6/2007,7.8165,7.8176,7.8132,7.8171
14/6/2007,7.8167,7.8179,7.8139,7.8174
15/6/2007,7.817,7.8208,7.8163,7.8176
18/6/2007,7.8174,7.8196,7.817,7.8173
19/6/2007,7.817,7.8189,7.8165,7.8181
20/6/2007,7.8171,7.8185,7.8123,7.8152
21/6/2007,7.815,7.8155,7.8103,7.8126
22/6/2007,7.8119,7.816,7.8119,7.8133
25/6/2007,7.813,7.8152,7.811,7.8129
26/6/2007,7.8127,7.8138,7.812,7.8123
27/6/2007,7.8122,7.817,7.8122,7.8162
28/6/2007,7.8161,7.8172,7.8141,7.817
29/6/2007,7.8168,7.8193,7.8158,7.8175
2/7/2007,7.8189,7.8189,7.8151,7.8162
3/7/2007,7.8166,7.8168,7.8121,7.8138
4/7/2007,7.8134,7.8138,7.8112,7.8136
5/7/2007,7.8135,7.8184,7.8119,7.8181
6/7/2007,7.8176,7.8189,7.8162,7.8163
9/7/2007,7.8159,7.8182,7.8147,7.816
10/7/2007,7.8154,7.8173,7.8151,7.8172
11/7/2007,7.817,7.8174,7.8159,7.817
12/7/2007,7.8168,7.8171,7.8141,7.8161
13/7/2007,7.815,7.821,7.815,7.82
16/7/2007,7.8189,7.8215,7.8189,7.8208
17/7/2007,7.8205,7.8216,7.819,7.8203
18/7/2007,7.82,7.8217,7.8199,7.8212
19/7/2007,7.8209,7.822,7.8191,7.8212
20/7/2007,7.821,7.8219,7.8195,7.8207
23/7/2007,7.8202,7.8218,7.8191,7.8214
24/7/2007,7.8212,7.823,7.8205,7.8224
25/7/2007,7.8228,7.825,7.8216,7.8244
26/7/2007,7.8245,7.8255,7.8224,7.8239
27/7/2007,7.8225,7.8254,7.8212,7.8249
30/7/2007,7.8239,7.826,7.8225,7.8251
31/7/2007,7.8247,7.827,7.8235,7.8262
1/8/2007,7.8259,7.8304,7.8255,7.8295
2/8/2007,7.829,7.8298,7.8273,7.8278
3/8/2007,7.8274,7.8299,7.8272,7.8293
6/8/2007,7.8297,7.8304,7.8284,7.8298
7/8/2007,7.8293,7.8299,7.8282,7.8286
8/8/2007,7.8284,7.8296,7.8263,7.8267
9/8/2007,7.8265,7.8289,7.8216,7.8233
10/8/2007,7.8225,7.824,7.8152,7.8199
13/8/2007,7.8207,7.825,7.8197,7.8239
14/8/2007,7.823,7.824,7.8192,7.8227
15/8/2007,7.8223,7.8264,7.8119,7.8226
16/8/2007,7.8205,7.8249,7.8135,7.818
17/8/2007,7.816,7.82,7.7986,7.8127
20/8/2007,7.8099,7.8194,7.8095,7.8167
21/8/2007,7.8164,7.8179,7.8042,7.8068
22/8/2007,7.8085,7.8099,7.8048,7.8088
23/8/2007,7.8081,7.8146,7.8051,7.8078
24/8/2007,7.8074,7.8113,7.7988,7.7998
27/8/2007,7.7989,7.8068,7.7985,7.8028
28/8/2007,7.8024,7.805,7.7982,7.7986
29/8/2007,7.7983,7.805,7.7954,7.801
30/8/2007,7.802,7.8038,7.7963,7.7975
31/8/2007,7.797,7.8011,7.7951,7.7978
3/9/2007,7.7996,7.8017,7.7931,7.7934
4/9/2007,7.7929,7.7966,7.7928,7.794
5/9/2007,7.7937,7.7953,7.7922,7.7922
6/9/2007,7.7919,7.7936,7.7861,7.7906
7/9/2007,7.7901,7.791,7.7838,7.7848
10/9/2007,7.786,7.786,7.7807,7.7806
11/9/2007,7.781,7.7885,7.7776,7.7875
12/9/2007,7.7882,7.7897,7.7825,7.7878
13/9/2007,7.7885,7.7913,7.7869,7.7897
14/9/2007,7.789,7.7909,7.7866,7.7885
17/9/2007,7.7884,7.7895,7.7871,7.7882
18/9/2007,7.7877,7.7921,7.7873,7.7897
19/9/2007,7.7885,7.7898,7.7832,7.7832
20/9/2007,7.7835,7.7873,7.7817,7.7872
21/9/2007,7.787,7.7874,7.7826,7.7839
24/9/2007,7.7845,7.7861,7.7728,7.775
25/9/2007,7.7749,7.7778,7.7664,7.7702
26/9/2007,7.7695,7.7705,7.764,7.7645
27/9/2007,7.764,7.7694,7.7558,7.7592
28/9/2007,7.7585,7.775,7.7558,7.7747
1/10/2007,7.775,7.7784,7.755,7.7698
2/10/2007,7.7687,7.7707,7.7606,7.7618
3/10/2007,7.7615,7.7636,7.757,7.7603
4/10/2007,7.7597,7.7636,7.756,7.7597
5/10/2007,7.7593,7.7613,7.7555,7.7561
8/10/2007,7.7555,7.7607,7.7555,7.758
9/10/2007,7.7576,7.7614,7.7576,7.76
10/10/2007,7.7596,7.7617,7.7553,7.7557
11/10/2007,7.7554,7.7568,7.7532,7.7543
12/10/2007,7.7534,7.7566,7.752,7.756
15/10/2007,7.7566,7.7566,7.7516,7.7533
16/10/2007,7.7527,7.757,7.7524,7.7568
17/10/2007,7.7565,7.7569,7.7523,7.7536
18/10/2007,7.7532,7.7545,7.7505,7.751
19/10/2007,7.7508,7.7518,7.7502,7.7507
22/10/2007,7.7502,7.7516,7.7501,7.7508
23/10/2007,7.7504,7.752,7.7501,7.7507
24/10/2007,7.7504,7.7522,7.7504,7.7507
25/10/2007,7.7505,7.7516,7.7501,7.7503
26/10/2007,7.7501,7.7512,7.75,7.7508
29/10/2007,7.7513,7.7515,7.7501,7.7503
30/10/2007,7.7501,7.7513,7.75,7.7502
31/10/2007,7.75,7.751,7.7499,7.7502
1/11/2007,7.75,7.7579,7.75,7.7565
2/11/2007,7.756,7.7632,7.7558,7.7578
5/11/2007,7.7582,7.7679,7.7575,7.7637
6/11/2007,7.7635,7.7663,7.7628,7.7656
7/11/2007,7.7653,7.7709,7.7625,7.7651
8/11/2007,7.7638,7.7727,7.7624,7.771
9/11/2007,7.77,7.7838,7.7697,7.7825
12/11/2007,7.7833,7.795,7.7804,7.7945
13/11/2007,7.7943,7.7947,7.7807,7.7864
14/11/2007,7.7857,7.7908,7.7841,7.7893
15/11/2007,7.788,7.7902,7.7812,7.7843
16/11/2007,7.784,7.7869,7.7762,7.785
19/11/2007,7.7863,7.7867,7.7771,7.7786
20/11/2007,7.7772,7.7861,7.7772,7.7853
21/11/2007,7.7848,7.7859,7.7766,7.7817
22/11/2007,7.7813,7.7819,7.7773,7.7805
23/11/2007,7.7792,7.7813,7.775,7.776
26/11/2007,7.7774,7.7849,7.7742,7.7811
27/11/2007,7.7809,7.7874,7.7798,7.7836
28/11/2007,7.7832,7.789,7.7832,7.7862
29/11/2007,7.7854,7.7909,7.7846,7.7872
30/11/2007,7.787,7.7911,7.7847,7.787
3/12/2007,7.7827,7.7902,7.7827,7.7897
4/12/2007,7.7897,7.7925,7.7878,7.7895
5/12/2007,7.7896,7.7973,7.7894,7.7962
6/12/2007,7.7961,7.7969,7.7921,7.7933
7/12/2007,7.7933,7.7972,7.793,7.7938
10/12/2007,7.7938,7.7975,7.7935,7.7967
11/12/2007,7.7967,7.7995,7.7951,7.799
12/12/2007,7.7989,7.7997,7.7965,7.7996
13/12/2007,7.7996,7.7997,7.7951,7.7965
14/12/2007,7.7965,7.7998,7.7955,7.7977
17/12/2007,7.798,7.8019,7.795,7.7954
18/12/2007,7.7954,7.8029,7.7953,7.8021
19/12/2007,7.8021,7.8029,7.799,7.8004
20/12/2007,7.8006,7.8029,7.8001,7.8018
21/12/2007,7.8011,7.8038,7.8001,7.8008
24/12/2007,7.8018,7.8065,7.8005,7.805
25/12/2007,7.8053,7.8064,7.8051,7.8058
26/12/2007,7.8058,7.8079,7.8047,7.8071
27/12/2007,7.8072,7.8074,7.7979,7.8031
28/12/2007,7.8031,7.8064,7.7965,7.8039
31/12/2007,7.8039,7.8047,7.7965,7.8
1/1/2008,7.7994,7.8011,7.7986,7.8003
2/1/2008,7.8003,7.8149,7.7994,7.8117
3/1/2008,7.8117,7.8165,7.8024,7.8067
4/1/2008,7.8067,7.8067,7.7957,7.8021
7/1/2008,7.8011,7.8033,7.795,7.8015
8/1/2008,7.8015,7.8041,7.7991,7.8019
9/1/2008,7.8019,7.8083,7.8007,7.8073
10/1/2008,7.8073,7.8078,7.802,7.8035
11/1/2008,7.8035,7.8095,7.8012,7.8063
14/1/2008,7.8064,7.8073,7.8022,7.8046
15/1/2008,7.8046,7.8052,7.7954,7.7993
16/1/2008,7.7995,7.8008,7.7939,7.7963
17/1/2008,7.7963,7.8066,7.7963,7.8065
18/1/2008,7.8065,7.8084,7.8034,7.8064
21/1/2008,7.8071,7.8146,7.8054,7.8143
22/1/2008,7.8143,7.8147,7.8066,7.8089
23/1/2008,7.809,7.8109,7.8035,7.8077
24/1/2008,7.8057,7.8109,7.8046,7.8066
25/1/2008,7.8066,7.8113,7.806,7.8076
28/1/2008,7.8087,7.8097,7.8054,7.8064
29/1/2008,7.8064,7.8068,7.8025,7.8048
30/1/2008,7.8048,7.8049,7.8007,7.8014
31/1/2008,7.8014,7.8029,7.7961,7.7971
1/2/2008,7.7971,7.7995,7.7934,7.7961
4/2/2008,7.7958,7.8043,7.7949,7.8003
5/2/2008,7.8002,7.8021,7.7985,7.7996
6/2/2008,7.7996,7.8046,7.7965,7.8023
7/2/2008,7.8023,7.8028,7.7988,7.7994
8/2/2008,7.7994,7.8027,7.7991,7.8013
11/2/2008,7.7988,7.8034,7.7954,7.797
12/2/2008,7.797,7.7996,7.7944,7.7993
13/2/2008,7.7993,7.8019,7.7979,7.7991
14/2/2008,7.7991,7.8011,7.7983,7.8006
15/2/2008,7.8006,7.8017,7.7975,7.8001
18/2/2008,7.7997,7.8013,7.7986,7.8001
19/2/2008,7.8001,7.8029,7.799,7.8026
20/2/2008,7.8026,7.8027,7.7999,7.8005
21/2/2008,7.8005,7.8017,7.798,7.7982
22/2/2008,7.7982,7.7996,7.7952,7.7968
25/2/2008,7.7969,7.7992,7.7951,7.7966
26/2/2008,7.7966,7.7976,7.7932,7.7935
27/2/2008,7.7935,7.7948,7.7838,7.7851
28/2/2008,7.7851,7.7925,7.7802,7.7823
29/2/2008,7.7823,7.7835,7.7756,7.7813
3/3/2008,7.7799,7.7849,7.7795,7.7847
4/3/2008,7.7847,7.7858,7.7823,7.7844
5/3/2008,7.7844,7.7905,7.7829,7.7898
6/3/2008,7.7898,7.7899,7.7861,7.7863
7/3/2008,7.7863,7.7885,7.783,7.7849
10/3/2008,7.7847,7.7915,7.7829,7.7907
11/3/2008,7.7907,7.7915,7.7872,7.7875
12/3/2008,7.7875,7.791,7.785,7.7864
13/3/2008,7.7864,7.7904,7.7813,7.7847
14/3/2008,7.7847,7.7865,7.7786,7.7815
17/3/2008,7.7813,7.7843,7.7617,7.7643
18/3/2008,7.7643,7.7741,7.7616,7.7739
19/3/2008,7.7739,7.7773,7.7711,7.7752
20/3/2008,7.7752,7.7817,7.7725,7.7772
21/3/2008,7.7772,7.7828,7.7761,7.7801
24/3/2008,7.7778,7.7813,7.7763,7.7778
25/3/2008,7.7778,7.7849,7.7772,7.7779
26/3/2008,7.7779,7.7845,7.7776,7.7827
27/3/2008,7.7827,7.7828,7.7781,7.7799
28/3/2008,7.7799,7.7825,7.7787,7.7811
31/3/2008,7.7815,7.7853,7.7802,7.783
1/4/2008,7.7832,7.7903,7.7823,7.7883
2/4/2008,7.7879,7.7918,7.7867,7.7868
3/4/2008,7.7867,7.7927,7.7858,7.7895
4/4/2008,7.7894,7.7939,7.7893,7.7907
7/4/2008,7.7913,7.7922,7.7891,7.7902
8/4/2008,7.7902,7.7909,7.7875,7.7887
9/4/2008,7.7887,7.7917,7.7882,7.79
10/4/2008,7.79,7.7906,7.7823,7.7877
11/4/2008,7.7877,7.7907,7.7861,7.7894
14/4/2008,7.79,7.7942,7.7884,7.793
15/4/2008,7.793,7.7951,7.791,7.7934
16/4/2008,7.7934,7.7956,7.7906,7.7937
17/4/2008,7.7937,7.7943,7.791,7.7933
18/4/2008,7.7933,7.7951,7.7922,7.7941
21/4/2008,7.7939,7.7972,7.7929,7.7936
22/4/2008,7.7936,7.7962,7.793,7.7933
23/4/2008,7.7933,7.7969,7.7917,7.795
24/4/2008,7.7952,7.7969,7.7886,7.7894
25/4/2008,7.7894,7.7946,7.7888,7.7916
28/4/2008,7.793,7.7944,7.7874,7.7898
29/4/2008,7.7898,7.794,7.7869,7.7939
30/4/2008,7.7939,7.7964,7.7918,7.7936
1/5/2008,7.7936,7.795,7.792,7.7949
2/5/2008,7.795,7.7973,7.793,7.7945
5/5/2008,7.7945,7.7972,7.7925,7.7931
6/5/2008,7.7932,7.7961,7.7924,7.7926
7/5/2008,7.7926,7.7955,7.7924,7.7943
8/5/2008,7.7943,7.7965,7.7934,7.7952
9/5/2008,7.7951,7.7975,7.7945,7.7957
12/5/2008,7.7962,7.7977,7.7946,7.7951
13/5/2008,7.7952,7.798,7.7949,7.7961
14/5/2008,7.7962,7.8011,7.7946,7.7994
15/5/2008,7.799,7.8026,7.7984,7.8
16/5/2008,7.8,7.8013,7.799,7.8001
19/5/2008,7.8002,7.8019,7.7983,7.7999
20/5/2008,7.7997,7.8014,7.7966,7.8005
21/5/2008,7.8006,7.8015,7.7996,7.8007
22/5/2008,7.8007,7.8014,7.7988,7.8006
23/5/2008,7.8007,7.8036,7.7998,7.8021
26/5/2008,7.802,7.8049,7.799,7.8033
27/5/2008,7.8032,7.8069,7.8021,7.8066
28/5/2008,7.8066,7.8068,7.8027,7.8057
29/5/2008,7.8057,7.8063,7.8035,7.804
30/5/2008,7.804,7.8059,7.8028,7.8042
2/6/2008,7.8047,7.8056,7.8025,7.8046
3/6/2008,7.8045,7.8056,7.8032,7.8049
4/6/2008,7.8051,7.8098,7.8046,7.8068
5/6/2008,7.8068,7.8099,7.8058,7.8068
6/6/2008,7.8069,7.8116,7.8062,7.8084
9/6/2008,7.8073,7.8097,7.8067,7.8092
10/6/2008,7.8092,7.8114,7.8088,7.8095
11/6/2008,7.8096,7.811,7.808,7.8109
12/6/2008,7.8108,7.8176,7.8043,7.8152
13/6/2008,7.8152,7.8161,7.8106,7.8142
16/6/2008,7.814,7.8152,7.8074,7.8099
17/6/2008,7.81,7.8112,7.807,7.8088
18/6/2008,7.8089,7.8097,7.8027,7.8047
19/6/2008,7.8045,7.8094,7.8038,7.8063
20/6/2008,7.8062,7.808,7.8037,7.8043
23/6/2008,7.8052,7.8083,7.8035,7.8082
24/6/2008,7.8083,7.8085,7.8064,7.8074
25/6/2008,7.8073,7.8085,7.8033,7.8082
26/6/2008,7.8084,7.8087,7.8022,7.8034
27/6/2008,7.8031,7.805,7.7994,7.8031
30/6/2008,7.802,7.8039,7.7965,7.7967
1/7/2008,7.7968,7.8007,7.7961,7.8
2/7/2008,7.8,7.8005,7.7971,7.7974
3/7/2008,7.7975,7.7994,7.7972,7.7982
4/7/2008,7.7982,7.7998,7.7948,7.7996
7/7/2008,7.7987,7.8032,7.7963,7.8018
8/7/2008,7.8019,7.8029,7.7993,7.8021
9/7/2008,7.8022,7.8033,7.8007,7.8016
10/7/2008,7.8014,7.804,7.7998,7.8038
11/7/2008,7.8038,7.8051,7.8019,7.8046
14/7/2008,7.804,7.8048,7.8021,7.8024
15/7/2008,7.8024,7.8039,7.7964,7.7967
16/7/2008,7.7968,7.8005,7.7962,7.8002
17/7/2008,7.8002,7.8008,7.7967,7.7977
18/7/2008,7.7979,7.7994,7.7967,7.7982
21/7/2008,7.7988,7.8,7.7966,7.7972
22/7/2008,7.7972,7.7981,7.7958,7.7966
23/7/2008,7.7966,7.8025,7.7961,7.7988
24/7/2008,7.7987,7.8014,7.7983,7.7993
25/7/2008,7.7993,7.8005,7.7984,7.7996
28/7/2008,7.7992,7.8014,7.7979,7.799
29/7/2008,7.799,7.8035,7.7988,7.8027
30/7/2008,7.8028,7.8045,7.8017,7.8026
31/7/2008,7.8026,7.8034,7.8013,7.8016
1/8/2008,7.8017,7.805,7.8012,7.8049
4/8/2008,7.8028,7.805,7.8028,7.8039
5/8/2008,7.8038,7.8054,7.8033,7.8038
6/8/2008,7.8039,7.8058,7.8037,7.8044
7/8/2008,7.8044,7.8064,7.8038,7.8038
8/8/2008,7.8039,7.8148,7.8035,7.8112
11/8/2008,7.811,7.8141,7.8061,7.8092
12/8/2008,7.8092,7.8108,7.8074,7.8088
13/8/2008,7.8088,7.8094,7.8057,7.808
14/8/2008,7.808,7.8115,7.8068,7.8093
15/8/2008,7.8095,7.8149,7.8092,7.8126
18/8/2008,7.8137,7.8146,7.8113,7.812
19/8/2008,7.8119,7.8133,7.8104,7.8107
20/8/2008,7.8107,7.8119,7.8083,7.8118
21/8/2008,7.8118,7.8118,7.8057,7.8059
22/8/2008,7.8059,7.8086,7.8054,7.8056
25/8/2008,7.8057,7.8099,7.8054,7.8074
26/8/2008,7.8074,7.8089,7.8067,7.8071
27/8/2008,7.807,7.8089,7.8066,7.8072
28/8/2008,7.8074,7.809,7.8059,7.8061
29/8/2008,7.8062,7.8082,7.8031,7.8039
1/9/2008,7.804,7.8066,7.8039,7.8055
2/9/2008,7.8054,7.8084,7.8049,7.8078
3/9/2008,7.8079,7.8097,7.8069,7.8086
4/9/2008,7.8084,7.8089,7.806,7.8077
5/9/2008,7.8074,7.8099,7.8059,7.8065
8/9/2008,7.8067,7.8078,7.8003,7.8006
9/9/2008,7.8005,7.8025,7.7962,7.8009
10/9/2008,7.8009,7.8012,7.798,7.7984
11/9/2008,7.7984,7.8002,7.7968,7.7977
12/9/2008,7.7972,7.7994,7.7961,7.7981
15/9/2008,7.7982,7.7982,7.7839,7.7902
16/9/2008,7.7901,7.7954,7.7731,7.7758
17/9/2008,7.7757,7.7875,7.7754,7.7789
18/9/2008,7.7788,7.7839,7.7758,7.7808
19/9/2008,7.7807,7.7853,7.7756,7.7778
22/9/2008,7.7785,7.7807,7.7685,7.769
23/9/2008,7.769,7.7715,7.7571,7.7575
24/9/2008,7.7575,7.7672,7.7571,7.7661
25/9/2008,7.7664,7.779,7.7639,7.7783
26/9/2008,7.7784,7.7838,7.7698,7.7765
29/9/2008,7.7767,7.7779,7.7606,7.7614
30/9/2008,7.7614,7.773,7.7611,7.7653
1/10/2008,7.7651,7.7697,7.7643,7.7683
2/10/2008,7.7683,7.7737,7.7673,7.7731
3/10/2008,7.7731,7.7735,7.7681,7.7699
6/10/2008,7.7709,7.7733,7.765,7.7656
7/10/2008,7.7658,7.7747,7.7652,7.771
8/10/2008,7.771,7.773,7.7613,7.7643
9/10/2008,7.7649,7.7694,7.7599,7.7615
10/10/2008,7.7615,7.7666,7.7535,7.763
13/10/2008,7.7622,7.7642,7.7563,7.7591
14/10/2008,7.759,7.765,7.757,7.7574
15/10/2008,7.7574,7.7622,7.7557,7.7571
16/10/2008,7.7568,7.7597,7.7545,7.7563
17/10/2008,7.7562,7.7591,7.754,7.7556
20/10/2008,7.7567,7.7606,7.7539,7.7557
21/10/2008,7.7563,7.7576,7.7526,7.753
22/10/2008,7.7528,7.7567,7.7518,7.7532
23/10/2008,7.7532,7.7561,7.7519,7.7542
24/10/2008,7.7542,7.7562,7.7504,7.7532
27/10/2008,7.7524,7.7542,7.7502,7.7538
28/10/2008,7.7538,7.7547,7.7503,7.7516
29/10/2008,7.7516,7.7554,7.7508,7.7513
30/10/2008,7.7513,7.7532,7.7508,7.7511
31/10/2008,7.751,7.7527,7.7478,7.75
3/11/2008,7.751,7.7519,7.7497,7.7502
4/11/2008,7.7502,7.7509,7.7497,7.7501
5/11/2008,7.7501,7.7517,7.7496,7.7504
6/11/2008,7.7505,7.7516,7.7496,7.7499
7/11/2008,7.7499,7.7509,7.7495,7.7501
10/11/2008,7.7502,7.7509,7.7494,7.7498
11/11/2008,7.7501,7.7507,7.7494,7.7503
12/11/2008,7.7502,7.7529,7.7497,7.7511
13/11/2008,7.7511,7.7517,7.7497,7.751
14/11/2008,7.751,7.7512,7.7497,7.75
17/11/2008,7.7505,7.7509,7.7499,7.7505
18/11/2008,7.7505,7.7511,7.7498,7.7503
19/11/2008,7.7503,7.7508,7.7498,7.7502
20/11/2008,7.7502,7.7509,7.7498,7.7503
21/11/2008,7.7503,7.752,7.7495,7.7505
24/11/2008,7.7509,7.753,7.7505,7.7516
25/11/2008,7.7516,7.7576,7.7515,7.7551
26/11/2008,7.7551,7.7574,7.7531,7.7535
27/11/2008,7.7535,7.7549,7.751,7.7514
28/11/2008,7.7514,7.7532,7.75,7.7502
1/12/2008,7.7504,7.7524,7.7501,7.7512
2/12/2008,7.7512,7.752,7.7505,7.751
3/12/2008,7.7511,7.753,7.7509,7.7522
4/12/2008,7.7522,7.7524,7.7511,7.7516
5/12/2008,7.7516,7.7521,7.7504,7.7507
8/12/2008,7.7516,7.7516,7.7503,7.7508
9/12/2008,7.7508,7.751,7.75,7.7502
10/12/2008,7.7502,7.7509,7.7499,7.75
11/12/2008,7.75,7.7504,7.7499,7.7502
12/12/2008,7.7502,7.7504,7.7498,7.7501
15/12/2008,7.7502,7.7507,7.7494,7.7503
16/12/2008,7.7504,7.7509,7.7499,7.7501
17/12/2008,7.7501,7.7507,7.7498,7.75
18/12/2008,7.75,7.7503,7.7499,7.7499
19/12/2008,7.7499,7.7511,7.7499,7.7506
22/12/2008,7.751,7.7512,7.7499,7.751
23/12/2008,7.751,7.7511,7.75,7.7502
24/12/2008,7.7502,7.751,7.7498,7.7505
25/12/2008,7.7507,7.751,7.7496,7.7502
26/12/2008,7.7506,7.7508,7.7499,7.7504
29/12/2008,7.7506,7.7508,7.7499,7.7504
30/12/2008,7.7504,7.7507,7.7498,7.7501
31/12/2008,7.7501,7.7506,7.7499,7.7502
1/1/2009,7.7503,7.7504,7.7498,7.7502
2/1/2009,7.7502,7.7517,7.7501,7.751
5/1/2009,7.7512,7.7547,7.7506,7.7529
6/1/2009,7.7529,7.7541,7.7522,7.7538
7/1/2009,7.7538,7.7539,7.7511,7.7518
8/1/2009,7.7518,7.7564,7.7514,7.7556
9/1/2009,7.7556,7.7619,7.7552,7.7577
12/1/2009,7.7575,7.7587,7.7537,7.7538
13/1/2009,7.7537,7.7574,7.7536,7.7572
14/1/2009,7.7572,7.7583,7.7549,7.7573
15/1/2009,7.7573,7.7619,7.7567,7.76
16/1/2009,7.76,7.761,7.7581,7.7597
19/1/2009,7.7594,7.7601,7.7578,7.7582
20/1/2009,7.7581,7.7597,7.7572,7.7587
21/1/2009,7.7586,7.76,7.7582,7.7598
22/1/2009,7.7598,7.7599,7.7588,7.7593
23/1/2009,7.7593,7.7596,7.755,7.7552
26/1/2009,7.7549,7.7598,7.7549,7.7581
27/1/2009,7.7581,7.76,7.7567,7.7585
28/1/2009,7.7585,7.7594,7.7572,7.7573
29/1/2009,7.7573,7.7587,7.7563,7.7567
30/1/2009,7.7567,7.7573,7.754,7.7545
2/2/2009,7.7545,7.7572,7.7538,7.7539
3/2/2009,7.7539,7.7549,7.7526,7.7534
4/2/2009,7.7534,7.7549,7.7533,7.7536
5/2/2009,7.7536,7.7545,7.753,7.7533
6/2/2009,7.7533,7.7552,7.7528,7.753
9/2/2009,7.7535,7.7543,7.7519,7.7527
10/2/2009,7.7527,7.7536,7.7514,7.752
11/2/2009,7.752,7.7527,7.7509,7.752
12/2/2009,7.7519,7.7525,7.7511,7.7518
13/2/2009,7.7518,7.7536,7.7515,7.753
16/2/2009,7.7538,7.754,7.7526,7.7536
17/2/2009,7.7536,7.7548,7.7531,7.7544
18/2/2009,7.7544,7.756,7.7538,7.7557
19/2/2009,7.7557,7.7559,7.7537,7.7549
20/2/2009,7.7548,7.7552,7.7531,7.7537
23/2/2009,7.7537,7.7545,7.7526,7.7535
24/2/2009,7.7535,7.7539,7.7525,7.7527
25/2/2009,7.7528,7.755,7.7527,7.7548
26/2/2009,7.7548,7.755,7.7535,7.7538
27/2/2009,7.7538,7.7554,7.7534,7.7552
2/3/2009,7.7547,7.7582,7.7543,7.7574
3/3/2009,7.7573,7.7591,7.7563,7.7587
4/3/2009,7.7587,7.76,7.7579,7.7592
5/3/2009,7.7592,7.7596,7.757,7.7571
6/3/2009,7.7571,7.7583,7.7547,7.7555
9/3/2009,7.7559,7.7575,7.7551,7.7557
10/3/2009,7.7557,7.7564,7.7554,7.7557
11/3/2009,7.7557,7.7568,7.755,7.755
12/3/2009,7.755,7.7558,7.753,7.7533
13/3/2009,7.7533,7.7543,7.7522,7.7524
16/3/2009,7.7514,7.7535,7.7514,7.752
17/3/2009,7.752,7.7527,7.7517,7.7522
18/3/2009,7.7522,7.7527,7.752,7.7523
19/3/2009,7.7522,7.7527,7.7505,7.7509
20/3/2009,7.7509,7.7519,7.75,7.7505
23/3/2009,7.7505,7.7508,7.7499,7.75
24/3/2009,7.75,7.7503,7.7499,7.7501
25/3/2009,7.7501,7.7502,7.7486,7.75
26/3/2009,7.75,7.7504,7.7499,7.75
27/3/2009,7.75,7.7508,7.7498,7.7501
30/3/2009,7.7505,7.7505,7.7499,7.7502
31/3/2009,7.7502,7.7507,7.75,7.7503
1/4/2009,7.7503,7.751,7.75,7.75
2/4/2009,7.75,7.7509,7.7499,7.7501
3/4/2009,7.7501,7.751,7.7499,7.75
6/4/2009,7.7504,7.752,7.75,7.7502
7/4/2009,7.7502,7.7514,7.75,7.7501
8/4/2009,7.7501,7.751,7.75,7.7501
9/4/2009,7.75,7.7509,7.7499,7.7502
10/4/2009,7.7502,7.751,7.7501,7.7504
13/4/2009,7.7507,7.751,7.7501,7.7502
14/4/2009,7.7502,7.7509,7.7499,7.75
15/4/2009,7.75,7.7504,7.7499,7.7502
16/4/2009,7.7502,7.7507,7.7499,7.7502
17/4/2009,7.7502,7.7505,7.7496,7.7501
20/4/2009,7.7502,7.7504,7.75,7.75
21/4/2009,7.75,7.7505,7.7498,7.7501
22/4/2009,7.7501,7.7503,7.7498,7.75
23/4/2009,7.75,7.7502,7.7497,7.75
24/4/2009,7.75,7.7503,7.7497,7.7501
27/4/2009,7.75,7.7505,7.7497,7.75
28/4/2009,7.75,7.7519,7.7499,7.75
29/4/2009,7.75,7.7509,7.7497,7.7501
30/4/2009,7.75,7.7505,7.7499,7.7501
1/5/2009,7.75,7.7504,7.7497,7.7502
4/5/2009,7.75,7.7504,7.7498,7.7501
5/5/2009,7.7501,7.7503,7.7498,7.75
6/5/2009,7.75,7.7505,7.7499,7.7501
7/5/2009,7.75,7.7505,7.7499,7.7501
8/5/2009,7.7501,7.7504,7.7499,7.75
11/5/2009,7.750200,7.750900,7.749500,7.750200
12/5/2009,7.750200,7.750800,7.749500,7.750300
13/5/2009,7.750300,7.751400,7.749500,7.750500
14/5/2009,7.750200,7.751300,7.749500,7.750000
15/5/2009,7.750200,7.752500,7.749500,7.751300
18/5/2009,7.751000,7.755100,7.749600,7.753500
19/5/2009,7.752500,7.754000,7.750700,7.751600
20/5/2009,7.751700,7.754000,7.751200,7.752200
21/5/2009,7.752200,7.754000,7.751200,7.752800
22/5/2009,7.752900,7.753400,7.751000,7.752100
25/5/2009,7.751500,7.753900,7.750500,7.751500
26/5/2009,7.751400,7.753300,7.750000,7.752600
27/5/2009,7.752200,7.754300,7.751500,7.753400
28/5/2009,7.753000,7.754000,7.751900,7.753300
29/5/2009,7.752800,7.753700,7.750300,7.752300
1/6/2009,7.752600,7.753100,7.750000,7.750800
2/6/2009,7.750000,7.750800,7.749500,7.750300
3/6/2009,7.750000,7.750800,7.749500,7.750300
4/6/2009,7.750000,7.750800,7.749500,7.750300
8/6/2009,7.751000,7.752600,7.750500,7.751700
9/6/2009,7.751700,7.752400,7.750800,7.751500
10/6/2009,7.751400,7.752000,7.750800,7.751900
11/6/2009,7.751600,7.752000,7.750600,7.750700
12/6/2009,7.751100,7.752500,7.750100,7.750400
15/6/2009,7.750300,7.751000,7.750200,7.750800
16/6/2009,7.750700,7.751300,7.750000,7.750300
17/6/2009,7.750400,7.750800,7.750100,7.750400
18/6/2009,7.750400,7.750700,7.750100,7.750100
19/6/2009,7.750300,7.750700,7.750000,7.750200
22/6/2009,7.750200,7.750700,7.750000,7.750700
23/6/2009,7.750900,7.751300,7.750100,7.750300
24/6/2009,7.750400,7.750400,7.750000,7.750200
25/6/2009,7.750100,7.750500,7.750100,7.750100
26/6/2009,7.750100,7.750400,7.750100,7.750400
29/6/2009,7.750200,7.750200,7.749900,7.750200
30/6/2009,7.750100,7.750400,7.750100,7.750200
1/7/2009,7.750100,7.750500,7.750000,7.750200
3/7/2009,7.750300,7.750400,7.750000,7.750100
7/7/2009,7.750200,7.750300,7.750000,7.750300
8/7/2009,7.750300,7.750800,7.750200,7.750700
9/7/2009,7.750700,7.750800,7.750200,7.750500
10/7/2009,7.750400,7.750800,7.750200,7.750500
13/7/2009,7.750400,7.750700,7.750300,7.750500
14/7/2009,7.750500,7.750600,7.750200,7.750200
15/7/2009,7.750100,7.750500,7.750100,7.750400
16/7/2009,7.750200,7.750400,7.750000,7.750100
20/7/2009,7.750300,7.750300,7.750100,7.750100
21/7/2009,7.750000,7.750300,7.750000,7.750200
22/7/2009,7.750000,7.750200,7.750000,7.750100
23/7/2009,7.750000,7.750200,7.750000,7.750200
27/7/2009,7.750100,7.750200,7.750000,7.750100
28/7/2009,7.750100,7.751000,7.750100,7.750200
29/7/2009,7.750200,7.750200,7.750100,7.750200
30/7/2009,7.750200,7.750200,7.750000,7.750100
31/7/2009,7.750100,7.750300,7.750100,7.750200
4/8/2009,7.750100,7.750200,7.750000,7.750100
5/8/2009,7.750200,7.750600,7.750000,7.750300
8/9/2009,7.750500,7.750600,7.750000,7.750100
11/9/2009,7.750600,7.750600,7.750000,7.750100
14/9/2009,7.750100,7.750300,7.750000,7.750000
1/10/2009,7.750000,7.750200,7.750000,7.750200
7/10/2009,7.750200,7.750200,7.749900,7.749900
9/10/2009,7.750500,7.750500,7.749800,7.749800
13/10/2009,7.749800,7.750300,7.749800,7.750200
16/10/2009,7.750100,7.750400,7.750000,7.750200
2/11/2009,7.750100,7.750300,7.750000,7.750200
5/11/2009,7.750000,7.750100,7.750000,7.750100
10/11/2009,7.750000,7.750100,7.750000,7.750000
11/11/2009,7.750000,7.750100,7.750000,7.750100
24/11/2009,7.750100,7.750200,7.749800,7.750000
25/11/2009,7.750100,7.750200,7.749800,7.750200
26/11/2009,7.750000,7.750300,7.749900,7.750200
2/12/2009,7.750100,7.750300,7.749800,7.750000
3/12/2009,7.750200,7.750200,7.749800,7.750000
4/12/2009,7.750100,7.750200,7.749800,7.750000
8/12/2009,7.750200,7.750700,7.750100,7.750400
9/12/2009,7.750600,7.750900,7.750200,7.750200
11/12/2009,7.750500,7.751000,7.750200,7.750300
18/12/2009,7.756200,7.758300,7.755800,7.756500
22/12/2009,7.755300,7.756900,7.752000,7.755700
1/1/2010,7.754500,7.755400,7.753700,7.755100
11/1/2010,7.755500,7.756000,7.754400,7.754500
19/1/2010,7.762800,7.765200,7.759400,7.763300
20/1/2010,7.762500,7.768800,7.762500,7.768800
2/2/2010,0.000000,0.000000,0.000000,0.000000
4/2/2010,7.767000,7.770200,7.765000,7.769100
15/2/2010,7.770200,7.771600,7.769200,7.771300
16/2/2010,7.772300,7.772300,7.770500,7.770600
22/2/2010,7.765500,7.767000,7.762800,7.762900
24/2/2010,7.763200,7.766300,7.761800,7.766000
25/2/2010,7.764900,7.766200,7.763500,7.765000
1/3/2010,7.762900,7.765900,7.761800,7.764900
5/3/2010,7.763200,7.763900,7.762400,7.763100
11/3/2010,7.758700,7.759900,7.758600,7.759000
18/3/2010,7.761300,7.761800,7.760400,7.760700
25/3/2010,7.761400,7.762100,7.760800,7.761100
21/4/2010,7.763500,7.764000,7.762500,7.763400
7/5/2010,7.774100,7.782200,7.774000,7.781300
10/5/2010,7.779400,7.781500,7.776600,7.780700
12/5/2010,7.781100,7.783500,7.780000,7.782500
