30/4/2007,5.9663,5.9839,5.935,5.9507
1/5/2007,5.9475,5.9771,5.9367,5.9723
2/5/2007,5.9711,5.9894,5.96,5.977
3/5/2007,5.9734,5.9975,5.9618,5.9929
4/5/2007,5.988,6.0034,5.9644,5.9763
7/5/2007,5.9781,5.981,5.9592,5.9784
8/5/2007,5.976,6.0204,5.9626,6.0056
9/5/2007,6.0033,6.019,5.9977,6.0154
10/5/2007,6.0132,6.074,5.9883,6.0669
11/5/2007,6.065,6.0787,6.0349,6.037
14/5/2007,6.0494,6.06,6.024,6.0454
15/5/2007,6.0437,6.0576,6.0072,6.0128
16/5/2007,6.0106,6.0594,5.9999,6.0526
17/5/2007,6.0498,6.0687,6.0322,6.0573
18/5/2007,6.0534,6.0712,6.0433,6.0461
21/5/2007,6.053,6.0805,6.0364,6.0548
22/5/2007,6.0529,6.0642,6.0381,6.0479
23/5/2007,6.0448,6.06,6.0116,6.0245
24/5/2007,6.0225,6.0425,6.0199,6.0381
25/5/2007,6.0365,6.0452,6.0062,6.0264
28/5/2007,6.0316,6.0316,6.0111,6.0166
29/5/2007,6.0134,6.0374,5.9902,6.034
30/5/2007,6.032,6.0748,6.0253,6.0721
31/5/2007,6.0703,6.0726,6.0263,6.0323
1/6/2007,6.0305,6.0544,6.0192,6.0212
4/6/2007,6.0147,6.0319,5.9796,5.982
5/6/2007,5.9805,5.9886,5.9647,5.9755
6/6/2007,5.9732,5.9955,5.9637,5.9893
7/6/2007,5.9873,6.0109,5.9758,6.0054
8/6/2007,6.0041,6.0803,6.0021,6.0595
11/6/2007,6.0565,6.096,6.0527,6.0632
12/6/2007,6.0615,6.1052,6.0605,6.1047
13/6/2007,6.1028,6.1175,6.0751,6.0859
14/6/2007,6.0833,6.1068,6.0802,6.094
15/6/2007,6.0916,6.0942,6.0264,6.03
18/6/2007,6.0278,6.0348,6.016,6.0172
19/6/2007,6.0154,6.0399,6.0064,6.0133
20/6/2007,6.0117,6.0243,5.9781,5.998
21/6/2007,5.9929,6.0114,5.9616,5.9701
22/6/2007,5.9687,5.9727,5.9218,5.9243
25/6/2007,5.8894,5.958,5.8894,5.9442
26/6/2007,5.9427,5.9694,5.9417,5.9674
27/6/2007,5.9654,5.9923,5.9122,5.9176
28/6/2007,5.9158,5.9183,5.8961,5.9046
29/6/2007,5.903,5.9205,5.8864,5.8944
2/7/2007,5.874,5.9049,5.8067,5.8142
3/7/2007,5.8114,5.8438,5.8084,5.8315
4/7/2007,5.8292,5.8335,5.816,5.8278
5/7/2007,5.825,5.834,5.8041,5.8221
6/7/2007,5.8205,5.8315,5.7986,5.8078
9/7/2007,5.8007,5.8252,5.79,5.8157
10/7/2007,5.8143,5.8432,5.7957,5.796
11/7/2007,5.7938,5.8068,5.7633,5.7768
12/7/2007,5.7733,5.784,5.7305,5.7329
13/7/2007,5.7306,5.7529,5.7288,5.7414
16/7/2007,5.7276,5.7467,5.7195,5.729
17/7/2007,5.7277,5.7339,5.7099,5.7293
18/7/2007,5.7274,5.7611,5.7085,5.7312
19/7/2007,5.7292,5.7385,5.7123,5.7317
20/7/2007,5.7302,5.7441,5.7038,5.7284
23/7/2007,5.6958,5.734,5.6958,5.7287
24/7/2007,5.727,5.7512,5.7118,5.745
25/7/2007,5.741,5.813,5.7373,5.7986
26/7/2007,5.7968,5.8415,5.7799,5.8374
27/7/2007,5.8351,5.8971,5.8286,5.8795
30/7/2007,5.8763,5.8966,5.8236,5.8396
31/7/2007,5.8381,5.8447,5.8007,5.8282
1/8/2007,5.8309,5.8763,5.826,5.8335
2/8/2007,5.8319,5.8498,5.7866,5.7943
3/8/2007,5.7906,5.8012,5.7528,5.7908
6/8/2007,5.7733,5.7871,5.7419,5.7766
7/8/2007,5.7735,5.82,5.7667,5.8079
8/8/2007,5.8063,5.8246,5.7469,5.7521
9/8/2007,5.7499,5.8267,5.746,5.8129
10/8/2007,5.81,5.8599,5.8098,5.822
13/8/2007,5.7827,5.8705,5.7827,5.8611
14/8/2007,5.8589,5.9003,5.8589,5.8969
15/8/2007,5.8953,5.9548,5.8826,5.9136
16/8/2007,5.9105,6.0049,5.9105,5.9717
17/8/2007,5.9683,6.0365,5.9037,5.9487
20/8/2007,5.8994,5.9488,5.8994,5.9264
21/8/2007,5.9243,5.9636,5.9144,5.9589
22/8/2007,5.9565,5.963,5.8951,5.9007
23/8/2007,5.8986,5.9064,5.8571,5.8604
24/8/2007,5.8585,5.8733,5.8073,5.81
27/8/2007,5.822,5.8377,5.8063,5.8324
28/8/2007,5.8371,5.8543,5.8083,5.8526
29/8/2007,5.85,5.8729,5.8181,5.8184
30/8/2007,5.8156,5.8615,5.8138,5.825
31/8/2007,5.8218,5.8344,5.7909,5.8242
3/9/2007,5.8168,5.8426,5.8104,5.8315
4/9/2007,5.8282,5.8509,5.7853,5.8015
5/9/2007,5.7991,5.8294,5.781,5.7872
6/9/2007,5.7849,5.7961,5.7585,5.7687
7/9/2007,5.7662,5.8011,5.7346,5.7481
10/9/2007,5.7567,5.7567,5.6924,5.6926
11/9/2007,5.6909,5.7188,5.6734,5.6747
12/9/2007,5.6728,5.6835,5.6166,5.6195
13/9/2007,5.6174,5.6527,5.6103,5.6449
14/9/2007,5.6428,5.6664,5.6208,5.6354
17/9/2007,5.6121,5.6455,5.6116,5.6247
18/9/2007,5.6222,5.648,5.5557,5.5585
19/9/2007,5.5562,5.5909,5.5562,5.5735
20/9/2007,5.5752,5.5815,5.52,5.5233
21/9/2007,5.5218,5.5472,5.5027,5.529
24/9/2007,5.5233,5.5323,5.5012,5.513
25/9/2007,5.5112,5.542,5.5061,5.509
26/9/2007,5.5068,5.5296,5.4851,5.5021
27/9/2007,5.5002,5.5169,5.4494,5.4526
28/9/2007,5.4504,5.4572,5.3839,5.3869
1/10/2007,5.3805,5.425,5.3581,5.3731
2/10/2007,5.3716,5.4475,5.3716,5.4287
3/10/2007,5.4267,5.4625,5.4095,5.4578
4/10/2007,5.4559,5.4693,5.4301,5.4395
5/10/2007,5.4355,5.4521,5.4032,5.4116
8/10/2007,5.3876,5.4727,5.3876,5.4611
9/10/2007,5.4591,5.5033,5.4306,5.4333
10/10/2007,5.4316,5.4516,5.423,5.439
11/10/2007,5.437,5.4451,5.3652,5.396
12/10/2007,5.3941,5.4287,5.3797,5.4152
15/10/2007,5.422,5.4313,5.3707,5.3888
16/10/2007,5.385,5.421,5.3815,5.4111
17/10/2007,5.4091,5.421,5.3813,5.3977
18/10/2007,5.3957,5.404,5.3557,5.3651
19/10/2007,5.3637,5.383,5.3531,5.3547
22/10/2007,5.361,5.4843,5.3429,5.4544
23/10/2007,5.4525,5.4602,5.3902,5.3963
24/10/2007,5.3984,5.4688,5.3906,5.4302
25/10/2007,5.4287,5.4463,5.3849,5.3957
26/10/2007,5.3942,5.3974,5.3546,5.3684
29/10/2007,5.3571,5.3799,5.3309,5.3441
30/10/2007,5.3416,5.3711,5.3409,5.348
31/10/2007,5.3461,5.407,5.3342,5.3671
1/11/2007,5.3651,5.4422,5.3626,5.4356
2/11/2007,5.4334,5.4396,5.3849,5.3921
5/11/2007,5.3859,5.4116,5.3704,5.3901
6/11/2007,5.3881,5.3913,5.3303,5.3474
7/11/2007,5.3501,5.3501,5.2735,5.3051
8/11/2007,5.3026,5.3173,5.2562,5.2715
9/11/2007,5.2695,5.3353,5.2428,5.3056
12/11/2007,5.3123,5.4478,5.3061,5.4409
13/11/2007,5.4439,5.4488,5.3903,5.4348
14/11/2007,5.4319,5.4374,5.3577,5.4141
15/11/2007,5.4115,5.4937,5.3898,5.4932
16/11/2007,5.4906,5.5181,5.4575,5.4692
19/11/2007,5.4651,5.5226,5.4512,5.5004
20/11/2007,5.4955,5.5174,5.3676,5.3747
21/11/2007,5.3727,5.4528,5.3708,5.4071
22/11/2007,5.3986,5.421,5.3906,5.4032
23/11/2007,5.3963,5.445,5.354,5.4047
26/11/2007,5.4015,5.4259,5.3795,5.4106
27/11/2007,5.4071,5.4641,5.4,5.4565
28/11/2007,5.4545,5.5118,5.4375,5.4435
29/11/2007,5.4414,5.5175,5.4363,5.5067
30/11/2007,5.5038,5.5527,5.4785,5.543
3/12/2007,5.5352,5.5459,5.5099,5.5287
4/12/2007,5.5287,5.5487,5.4777,5.4806
5/12/2007,5.4806,5.5216,5.4718,5.5156
6/12/2007,5.5156,5.543,5.4626,5.4746
7/12/2007,5.4746,5.4935,5.4558,5.4703
10/12/2007,5.4717,5.4827,5.4225,5.4432
11/12/2007,5.4432,5.4684,5.4186,5.4639
12/12/2007,5.4639,5.4641,5.3881,5.4033
13/12/2007,5.4033,5.4787,5.3974,5.4298
14/12/2007,5.4298,5.5404,5.4218,5.5353
17/12/2007,5.5312,5.5744,5.5207,5.5605
18/12/2007,5.5605,5.5935,5.5403,5.5627
19/12/2007,5.5627,5.6086,5.56,5.5658
20/12/2007,5.5658,5.6153,5.5617,5.6076
21/12/2007,5.6076,5.6129,5.5662,5.5824
24/12/2007,5.5859,5.5859,5.5436,5.5652
25/12/2007,5.5646,5.58,5.5422,5.5599
26/12/2007,5.5599,5.5747,5.5144,5.5294
27/12/2007,5.5294,5.55,5.4451,5.4584
28/12/2007,5.4584,5.4728,5.3935,5.4117
31/12/2007,5.4055,5.4456,5.398,5.4371
1/1/2008,5.4368,5.4512,5.4161,5.4388
2/1/2008,5.4388,5.4489,5.3928,5.3999
3/1/2008,5.3999,5.4117,5.3405,5.3505
4/1/2008,5.3505,5.3657,5.3057,5.3451
7/1/2008,5.3414,5.3907,5.3343,5.3715
8/1/2008,5.3715,5.3799,5.353,5.3698
9/1/2008,5.3698,5.394,5.3568,5.3842
10/1/2008,5.3843,5.3875,5.2722,5.2822
11/1/2008,5.2822,5.2982,5.2676,5.2962
14/1/2008,5.2889,5.2935,5.251,5.2677
15/1/2008,5.2677,5.3341,5.2467,5.3324
16/1/2008,5.3325,5.45,5.3063,5.4208
17/1/2008,5.4208,5.4707,5.3923,5.4699
18/1/2008,5.4702,5.4976,5.4373,5.4757
21/1/2008,5.4746,5.5786,5.4721,5.5628
22/1/2008,5.5628,5.6254,5.4785,5.4935
23/1/2008,5.4935,5.5843,5.4668,5.5075
24/1/2008,5.5075,5.5252,5.422,5.4266
25/1/2008,5.4266,5.501,5.405,5.4977
28/1/2008,5.4927,5.5103,5.4478,5.4562
29/1/2008,5.4562,5.4757,5.4268,5.4271
30/1/2008,5.4271,5.4561,5.3827,5.4138
31/1/2008,5.4138,5.4584,5.401,5.4095
1/2/2008,5.4095,5.4461,5.374,5.4382
4/2/2008,5.4349,5.4424,5.3949,5.405
5/2/2008,5.405,5.5082,5.4001,5.5056
6/2/2008,5.5056,5.535,5.4943,5.5165
7/2/2008,5.5165,5.5763,5.4995,5.5565
8/2/2008,5.5565,5.5672,5.5171,5.5391
11/2/2008,5.5331,5.5502,5.4932,5.5171
12/2/2008,5.5171,5.5295,5.4644,5.4766
13/2/2008,5.4766,5.5058,5.464,5.4651
14/2/2008,5.4651,5.472,5.4025,5.4057
15/2/2008,5.4057,5.4135,5.3795,5.3847
18/2/2008,5.389,5.4123,5.3735,5.3883
19/2/2008,5.3883,5.3947,5.3278,5.3327
20/2/2008,5.3327,5.3908,5.3308,5.3424
21/2/2008,5.3424,5.3492,5.3062,5.3174
22/2/2008,5.3174,5.3301,5.2951,5.3067
25/2/2008,5.3118,5.3358,5.3033,5.3131
26/2/2008,5.3131,5.3367,5.2474,5.2502
27/2/2008,5.2502,5.2515,5.1864,5.2098
28/2/2008,5.2098,5.2308,5.1615,5.1748
29/2/2008,5.1748,5.2284,5.1664,5.2131
3/3/2008,5.218,5.2285,5.1644,5.1678
4/3/2008,5.1678,5.1854,5.1401,5.1517
5/3/2008,5.1517,5.1855,5.1237,5.1333
6/3/2008,5.1333,5.1425,5.1068,5.1279
7/3/2008,5.1279,5.1758,5.1048,5.1626
10/3/2008,5.1621,5.1629,5.1159,5.1429
11/3/2008,5.1431,5.1592,5.0899,5.146
12/3/2008,5.146,5.1515,5.0788,5.0855
13/3/2008,5.0855,5.1201,5.0652,5.0875
14/3/2008,5.0875,5.1408,5.0816,5.1052
17/3/2008,5.1087,5.1417,5.0327,5.1228
18/3/2008,5.1232,5.1611,5.0967,5.1555
19/3/2008,5.1553,5.178,5.0958,5.1755
20/3/2008,5.1755,5.2825,5.1684,5.263
21/3/2008,5.263,5.2718,5.2469,5.2616
24/3/2008,5.263,5.3006,5.2564,5.2725
25/3/2008,5.2725,5.2761,5.1671,5.1697
26/3/2008,5.1697,5.1872,5.0593,5.0653
27/3/2008,5.0653,5.1044,5.0624,5.0833
28/3/2008,5.0833,5.1168,5.0708,5.1041
31/3/2008,5.0982,5.1138,5.0628,5.095
1/4/2008,5.095,5.2033,5.0897,5.1888
2/4/2008,5.1888,5.2041,5.1212,5.1249
3/4/2008,5.1249,5.1601,5.0995,5.117
4/4/2008,5.117,5.1308,5.0661,5.0702
7/4/2008,5.0737,5.098,5.0536,5.0608
8/4/2008,5.0608,5.0763,5.0339,5.0648
9/4/2008,5.0649,5.0755,5.0025,5.0085
10/4/2008,5.0085,5.0564,4.985,5.0438
11/4/2008,5.0438,5.0446,4.9975,5.0362
14/4/2008,5.0812,5.0828,4.9893,5.0092
15/4/2008,5.0092,5.0257,4.9829,5.016
16/4/2008,5.016,5.0252,4.9459,4.9638
17/4/2008,4.9638,4.9909,4.9439,4.9764
18/4/2008,4.9764,5.0784,4.9629,5.0322
21/4/2008,5.0344,5.0554,4.9806,4.9992
22/4/2008,4.9992,5.0169,4.9462,4.9641
23/4/2008,4.9641,5.0199,4.9464,4.9952
24/4/2008,4.9952,5.1073,4.9927,5.0897
25/4/2008,5.0897,5.1492,5.0821,5.1221
28/4/2008,5.1223,5.1306,5.0801,5.0907
29/4/2008,5.0907,5.1508,5.0859,5.1487
30/4/2008,5.1486,5.1552,5.082,5.0842
1/5/2008,5.0841,5.1602,5.067,5.1431
2/5/2008,5.1422,5.1721,5.1189,5.1237
5/5/2008,5.1296,5.1315,5.0663,5.0717
6/5/2008,5.0716,5.1021,5.0383,5.0661
7/5/2008,5.0663,5.128,5.0593,5.1231
8/5/2008,5.1233,5.149,5.1078,5.1184
9/5/2008,5.1182,5.1222,5.0712,5.0778
12/5/2008,5.0791,5.1162,5.0338,5.0502
13/5/2008,5.0501,5.0841,5.0426,5.067
14/5/2008,5.066,5.0943,5.062,5.0807
15/5/2008,5.0811,5.1175,5.052,5.0939
16/5/2008,5.0939,5.1034,5.0131,5.028
19/5/2008,5.0266,5.0419,4.9921,5.0364
20/5/2008,5.0365,5.0377,4.9845,5.0044
21/5/2008,5.0042,5.0236,4.9706,4.9711
22/5/2008,4.9717,5.0224,4.966,5.0093
23/5/2008,5.0093,5.0356,4.9974,5.0031
26/5/2008,5.009,5.0203,4.9956,5.0159
27/5/2008,5.0162,5.0251,4.9922,5.0165
28/5/2008,5.0168,5.0516,4.9899,5.0369
29/5/2008,5.0368,5.0904,5.0275,5.0839
30/5/2008,5.0841,5.1316,5.0705,5.1039
2/6/2008,5.0953,5.1414,5.091,5.1257
3/6/2008,5.126,5.1689,5.0953,5.1639
4/6/2008,5.164,5.1743,5.1465,5.1679
5/6/2008,5.1678,5.187,5.0988,5.1
6/6/2008,5.1005,5.1091,5.0188,5.0211
9/6/2008,5.0198,5.0885,5.0076,5.0726
10/6/2008,5.073,5.1759,5.0715,5.1708
11/6/2008,5.1709,5.1828,5.1316,5.1508
12/6/2008,5.1507,5.2255,5.1411,5.1943
13/6/2008,5.1949,5.2603,5.1803,5.229
16/6/2008,5.2153,5.2428,5.1619,5.1807
17/6/2008,5.1806,5.1962,5.15,5.187
18/6/2008,5.1873,5.2016,5.1658,5.1681
19/6/2008,5.168,5.1979,5.1488,5.19
20/6/2008,5.1895,5.1906,5.1392,5.1541
23/6/2008,5.1518,5.1823,5.1422,5.1516
24/6/2008,5.1516,5.1593,5.0998,5.1146
25/6/2008,5.1147,5.1262,5.0638,5.0714
26/6/2008,5.0715,5.0905,5.0421,5.05
27/6/2008,5.0502,5.0753,5.0484,5.0622
30/6/2008,5.0606,5.0987,5.0442,5.0891
1/7/2008,5.0889,5.0996,5.0549,5.0703
2/7/2008,5.0704,5.0993,5.0564,5.0601
3/7/2008,5.06,5.1064,5.0545,5.091
4/7/2008,5.0912,5.0982,5.0756,5.0781
7/7/2008,5.0807,5.1059,5.0691,5.0801
8/7/2008,5.0801,5.1433,5.0738,5.1339
9/7/2008,5.1338,5.1446,5.1039,5.114
10/7/2008,5.1145,5.1445,5.1011,5.1021
11/7/2008,5.1022,5.1132,5.0542,5.0623
14/7/2008,5.0577,5.0869,5.0444,5.0635
15/7/2008,5.0635,5.0682,5.0082,5.0497
16/7/2008,5.0497,5.1091,5.045,5.0989
17/7/2008,5.0995,5.1043,5.0665,5.0752
18/7/2008,5.0753,5.0976,5.0701,5.0835
21/7/2008,5.0835,5.0907,5.0583,5.0617
22/7/2008,5.0623,5.1164,5.0487,5.1057
23/7/2008,5.1059,5.1651,5.0998,5.1523
24/7/2008,5.1523,5.1839,5.1502,5.1686
25/7/2008,5.1689,5.1779,5.1306,5.1462
28/7/2008,5.1496,5.1547,5.1248,5.1316
29/7/2008,5.1322,5.1925,5.1241,5.1816
30/7/2008,5.1817,5.1907,5.1436,5.1531
31/7/2008,5.1533,5.1535,5.1108,5.1322
1/8/2008,5.1309,5.1547,5.1275,5.1385
4/8/2008,5.1433,5.1463,5.1174,5.1301
5/8/2008,5.1298,5.2035,5.1285,5.2009
6/8/2008,5.201,5.216,5.1754,5.213
7/8/2008,5.2131,5.2226,5.1583,5.217
8/8/2008,5.2172,5.3602,5.2153,5.3591
11/8/2008,5.3571,5.395,5.3135,5.3763
12/8/2008,5.3763,5.4155,5.3532,5.3687
13/8/2008,5.3686,5.3991,5.3414,5.3835
14/8/2008,5.3834,5.4117,5.3548,5.3916
15/8/2008,5.3917,5.4395,5.3917,5.4255
18/8/2008,5.4248,5.4407,5.3921,5.4168
19/8/2008,5.4165,5.4395,5.376,5.3824
20/8/2008,5.3826,5.4262,5.3742,5.3934
21/8/2008,5.3937,5.3984,5.3197,5.3201
22/8/2008,5.32,5.3802,5.3171,5.3678
25/8/2008,5.3735,5.4031,5.3538,5.37
26/8/2008,5.3701,5.4279,5.3679,5.4143
27/8/2008,5.4145,5.4248,5.3611,5.3658
28/8/2008,5.3659,5.395,5.3382,5.3855
29/8/2008,5.3853,5.4342,5.3642,5.4194
1/9/2008,5.4206,5.463,5.3961,5.4492
2/9/2008,5.449,5.5397,5.4489,5.5112
3/9/2008,5.5111,5.5674,5.5047,5.5299
4/9/2008,5.5301,5.5817,5.5141,5.5681
5/9/2008,5.5682,5.6365,5.5679,5.6095
8/9/2008,5.6066,5.7043,5.5398,5.673
9/9/2008,5.6728,5.7167,5.6438,5.6971
10/9/2008,5.697,5.7632,5.6723,5.7598
11/9/2008,5.7607,5.8565,5.76,5.8094
12/9/2008,5.8094,5.8227,5.7094,5.7158
15/9/2008,5.6571,5.8106,5.6256,5.7748
16/9/2008,5.7745,5.9037,5.7612,5.8614
17/9/2008,5.8621,5.9444,5.7748,5.8381
18/9/2008,5.8379,5.8671,5.7333,5.7768
19/9/2008,5.7766,5.8519,5.6709,5.6883
22/9/2008,5.6656,5.6907,5.5001,5.5411
23/9/2008,5.5404,5.6293,5.5045,5.6187
24/9/2008,5.619,5.6442,5.5783,5.6423
25/9/2008,5.6423,5.6734,5.5861,5.6515
26/9/2008,5.6517,5.6906,5.6283,5.6546
29/9/2008,5.6712,5.8048,5.6497,5.7989
30/9/2008,5.7993,5.93,5.7651,5.8628
1/10/2008,5.8626,5.9283,5.8372,5.9069
2/10/2008,5.9075,6.0232,5.8732,5.9957
3/10/2008,5.9958,6.0541,5.9602,6.03
6/10/2008,6.039,6.2868,6.0321,6.2276
7/10/2008,6.2279,6.2624,6.0849,6.1952
8/10/2008,6.1951,6.2422,6.0953,6.1289
9/10/2008,6.1289,6.1931,6.0658,6.1904
10/10/2008,6.1901,6.402,6.1596,6.3177
13/10/2008,6.25,6.2919,6.1427,6.2193
14/10/2008,6.219,6.2784,6.1261,6.2716
15/10/2008,6.271,6.4184,6.2569,6.4138
16/10/2008,6.4136,6.6632,6.4132,6.5249
17/10/2008,6.5228,6.6769,6.4818,6.5844
20/10/2008,6.5738,6.6656,6.4667,6.5888
21/10/2008,6.5886,6.928,6.5836,6.9175
22/10/2008,6.9173,7.2673,6.8807,7.207
23/10/2008,7.2076,7.3133,6.8541,6.8575
24/10/2008,6.8577,7.1065,6.7592,6.9951
27/10/2008,7.02,7.1504,6.9048,6.9657
28/10/2008,6.9662,7.0332,6.7275,6.7602
29/10/2008,6.7605,6.8366,6.577,6.6282
30/10/2008,6.6286,6.7161,6.4803,6.6219
31/10/2008,6.622,6.7761,6.6167,6.727
3/11/2008,6.7118,6.7615,6.5709,6.7322
4/11/2008,6.7322,6.8064,6.582,6.623
5/11/2008,6.623,6.7664,6.5908,6.7656
6/11/2008,6.7654,6.9194,6.7361,6.9052
7/11/2008,6.9052,6.9513,6.7817,6.9077
10/11/2008,6.8611,6.8647,6.7276,6.8314
11/11/2008,6.8314,7.0177,6.791,6.9988
12/11/2008,6.9988,7.1276,6.912,7.1027
13/11/2008,7.1027,7.2062,6.8389,6.8677
14/11/2008,6.8677,6.9889,6.8289,6.9539
17/11/2008,6.9887,7.0339,6.8978,6.9906
18/11/2008,6.9909,7.1052,6.9781,7.0754
19/11/2008,7.0754,7.0935,6.8804,7.0762
20/11/2008,7.0762,7.2135,7.0527,7.2129
21/11/2008,7.2129,7.2984,7.049,7.1708
24/11/2008,7.1593,7.1943,6.9148,6.9172
25/11/2008,6.9172,7.0899,6.8915,6.9248
26/11/2008,6.9248,7.0614,6.9135,6.9854
27/11/2008,6.9854,6.9907,6.8792,6.9379
28/11/2008,6.9379,7.0444,6.8693,7.0131
1/12/2008,6.9785,7.1408,6.9525,7.1276
2/12/2008,7.1275,7.1978,7.0112,7.0355
3/12/2008,7.0355,7.1431,7.0308,7.1089
4/12/2008,7.109,7.2189,7.0353,7.1391
5/12/2008,7.1394,7.3144,7.1211,7.2228
8/12/2008,7.2159,7.2435,7.0326,7.0326
9/12/2008,7.0319,7.1458,7.0284,7.084
10/12/2008,7.084,7.0907,6.9781,7.0461
11/12/2008,7.0458,7.061,6.8293,6.8764
12/12/2008,6.8771,6.9578,6.828,6.9293
15/12/2008,6.9242,6.9544,6.841,6.884
16/12/2008,6.884,7.009,6.7873,6.8521
17/12/2008,6.8518,6.8647,6.5505,6.5534
18/12/2008,6.5534,6.8903,6.5433,6.8674
19/12/2008,6.867,7.102,6.8355,7.0159
22/12/2008,7.0097,7.1226,6.9507,7.1064
23/12/2008,7.1064,7.1528,6.9705,7.1026
24/12/2008,7.1026,7.271,7.0113,7.1032
25/12/2008,7.092,7.245,6.8197,7.0435
26/12/2008,6.9613,7.2193,6.859,7.1235
29/12/2008,7.1055,7.1411,6.9307,7.1362
30/12/2008,7.1362,7.1556,6.9468,7.0166
31/12/2008,7.0166,7.0437,6.9428,6.9538
1/1/2009,6.9489,6.9817,6.945,6.9451
2/1/2009,6.9206,7.0257,6.8596,6.8818
5/1/2009,6.885,6.9948,6.8366,6.9398
6/1/2009,6.9396,7.056,6.9265,6.9502
7/1/2009,6.9502,7.0193,6.8445,6.9147
8/1/2009,6.914,7.0404,6.8999,6.9934
9/1/2009,6.9934,7.042,6.9055,6.9908
12/1/2009,7.0104,7.0883,6.9792,7.0141
13/1/2009,7.0141,7.1589,7.0075,7.1459
14/1/2009,7.1459,7.2602,7.0255,7.179
15/1/2009,7.1784,7.2969,7.1089,7.127
16/1/2009,7.127,7.1384,6.8873,6.9395
19/1/2009,6.9156,6.9982,6.8091,6.9981
20/1/2009,6.9981,7.1616,6.9715,7.1201
21/1/2009,7.1176,7.1809,6.8803,6.9071
22/1/2009,6.9071,7.0115,6.8485,6.9422
23/1/2009,6.9422,7.0914,6.8786,6.9168
26/1/2009,6.9211,6.9817,6.6964,6.7188
27/1/2009,6.7188,6.8235,6.6469,6.7758
28/1/2009,6.7758,6.7926,6.6664,6.7297
29/1/2009,6.7297,6.88,6.6907,6.8773
30/1/2009,6.8773,6.9544,6.8654,6.9091
2/2/2009,6.9384,7.0722,6.9215,7.0346
3/2/2009,7.0336,7.0678,6.8919,6.8968
4/2/2009,6.8968,6.9957,6.8496,6.9112
5/2/2009,6.9112,6.9328,6.793,6.8509
6/2/2009,6.8509,6.8696,6.712,6.7759
9/2/2009,6.7563,6.8026,6.6073,6.6631
10/2/2009,6.6631,6.8049,6.6238,6.7577
11/2/2009,6.7577,6.8035,6.685,6.759
12/2/2009,6.759,6.9414,6.7386,6.8419
13/2/2009,6.8417,6.8692,6.749,6.8143
16/2/2009,6.8259,6.9167,6.8201,6.8864
17/2/2009,6.8864,7.0589,6.87,7.0217
18/2/2009,7.0217,7.0549,6.9723,7.0506
19/2/2009,7.0508,7.0524,6.8115,6.8748
20/2/2009,6.8748,6.9826,6.7748,6.8133
23/2/2009,6.806,6.8558,6.6926,6.8495
24/2/2009,6.8491,6.907,6.7835,6.8146
25/2/2009,6.8146,6.9168,6.791,6.8974
26/2/2009,6.8974,6.9745,6.8542,6.956
27/2/2009,6.956,7.106,6.9047,7.0421
2/3/2009,7.083,7.219,7.0714,7.2014
3/3/2009,7.2014,7.2831,7.09,7.2152
4/3/2009,7.2152,7.2679,7.0136,7.0216
5/3/2009,7.0216,7.1674,7.0163,7.1107
6/3/2009,7.1107,7.1371,6.9996,7.052
9/3/2009,7.0576,7.1601,7.0146,7.1487
10/3/2009,7.1484,7.1748,6.9515,7.0126
11/3/2009,7.0117,7.0264,6.8739,6.8983
12/3/2009,6.8984,7.0152,6.8475,6.8597
13/3/2009,6.8593,6.8809,6.7922,6.8231
16/3/2009,6.8659,6.8928,6.701,6.8544
17/3/2009,6.8546,6.8785,6.734,6.7351
18/3/2009,6.7347,6.793,6.5102,6.5405
19/3/2009,6.5406,6.5574,6.2866,6.3355
20/3/2009,6.3355,6.4052,6.2999,6.3773
23/3/2009,6.3548,6.3903,6.2649,6.2838
24/3/2009,6.2841,6.422,6.2575,6.379
25/3/2009,6.379,6.5472,6.3653,6.5268
26/3/2009,6.5268,6.5396,6.433,6.5001
27/3/2009,6.5001,6.6574,6.4605,6.6289
30/3/2009,6.6673,6.8606,6.6342,6.797
31/3/2009,6.797,6.8185,6.6672,6.7369
1/4/2009,6.7369,6.7878,6.6947,6.7067
2/4/2009,6.7068,6.7249,6.5132,6.5525
3/4/2009,6.5501,6.6177,6.5145,6.5325
6/4/2009,6.5257,6.6179,6.4621,6.5644
7/4/2009,6.5645,6.7027,6.561,6.6905
8/4/2009,6.6903,6.7737,6.6558,6.6676
9/4/2009,6.6676,6.7107,6.5937,6.6451
10/4/2009,6.6482,6.7284,6.6298,6.6314
13/4/2009,6.6399,6.688,6.5565,6.568
14/4/2009,6.5679,6.653,6.549,6.6331
15/4/2009,6.6331,6.7611,6.624,6.6831
16/4/2009,6.6832,6.738,6.654,6.6705
17/4/2009,6.6708,6.7414,6.6614,6.7002
20/4/2009,6.704,6.8449,6.6739,6.8341
21/4/2009,6.8341,6.8442,6.7714,6.7856
22/4/2009,6.7856,6.8014,6.694,6.7292
23/4/2009,6.7295,6.7473,6.6057,6.6157
24/4/2009,6.6157,6.6489,6.5347,6.5694
27/4/2009,6.5686,6.7811,6.5445,6.7354
28/4/2009,6.7351,6.808,6.6592,6.679
29/4/2009,6.686000,6.703800,6.535700,6.588000
30/4/2009,6.593100,6.623600,6.511100,6.560300
1/5/2009,6.561300,6.575800,6.510000,6.550800
4/5/2009,6.542000,6.586300,6.466200,6.478500
5/5/2009,6.476000,6.594500,6.454000,6.557600
6/5/2009,6.565700,6.615200,6.479600,6.524600
7/5/2009,6.531100,6.581000,6.430400,6.477800
8/5/2009,6.467600,6.512900,6.325700,6.335200
11/5/2009,6.347800,6.476500,6.317000,6.459800
12/5/2009,6.456600,6.505600,6.371000,6.444200
13/5/2009,6.443400,6.545000,6.392600,6.525100
14/5/2009,6.476000,6.532500,6.454000,6.506500
15/5/2009,6.464900,6.562900,6.438500,6.536000
18/5/2009,6.540800,6.595500,6.443900,6.453800
19/5/2009,6.458700,6.499800,6.394000,6.418500
20/5/2009,6.431800,6.478500,6.366100,6.420600
21/5/2009,6.420200,6.449400,6.363600,6.383000
22/5/2009,6.374900,6.425000,6.301500,6.334900
25/5/2009,6.334500,6.365200,6.270600,6.332200
26/5/2009,6.327500,6.488600,6.311500,6.395700
27/5/2009,6.395500,6.442300,6.350300,6.430500
28/5/2009,6.441100,6.537700,6.394200,6.431200
29/5/2009,6.434800,6.445700,6.270900,6.299000
1/6/2009,6.314900,6.338700,6.112900,6.164700
2/6/2009,6.169500,6.261800,6.138300,6.182400
3/6/2009,6.181700,6.377400,6.110500,6.342300
4/6/2009,6.355300,6.371800,6.257700,6.281900
8/6/2009,6.440000,6.446200,6.440000,6.444400
9/6/2009,6.440000,6.468800,6.309000,6.329200
10/6/2009,6.328700,6.436800,6.249300,6.375800
11/6/2009,6.392600,6.394500,6.273000,6.317600
12/6/2009,6.321000,6.384000,6.276000,6.333200
15/6/2009,6.354300,6.494600,6.347100,6.460000
16/6/2009,6.474700,6.507600,6.393500,6.414700
17/6/2009,6.415100,6.493200,6.353300,6.371300
18/6/2009,6.368900,6.421200,6.334400,6.408600
19/6/2009,6.402600,6.411500,6.362500,6.402100
22/6/2009,6.404800,6.571200,6.403100,6.552300
23/6/2009,6.555100,6.605000,6.452800,6.479000
24/6/2009,6.474700,6.503500,6.385100,6.481700
25/6/2009,6.480000,6.544700,6.443500,6.475000
26/6/2009,6.473900,6.476000,6.403500,6.456100
29/6/2009,6.456700,6.536500,6.399300,6.405600
30/6/2009,6.434700,6.453000,6.424000,6.441500
1/7/2009,6.434700,6.453000,6.310000,6.338600
3/7/2009,6.428400,6.447000,6.386000,6.419500
7/7/2009,6.477300,6.541100,6.440000,6.540100
8/7/2009,6.530700,6.630100,6.508700,6.575000
9/7/2009,6.492700,6.498000,6.487500,6.495000
10/7/2009,6.492700,6.634600,6.478000,6.520400
13/7/2009,6.506300,6.572500,6.420600,6.495200
14/7/2009,6.487200,6.501400,6.444200,6.456700
15/7/2009,6.454800,6.475500,6.366500,6.387000
16/7/2009,6.393400,6.418500,6.349000,6.364700
20/7/2009,6.376700,6.397400,6.296400,6.302800
21/7/2009,6.306900,6.331600,6.258500,6.281300
22/7/2009,6.281600,6.325600,6.273100,6.302600
23/7/2009,6.308500,6.311600,6.229500,6.282700
27/7/2009,6.236700,6.255500,6.157000,6.181800
28/7/2009,6.183900,6.225100,6.122000,6.196000
29/7/2009,6.204500,6.349900,6.178500,6.262400
30/7/2009,6.272300,6.277700,6.202000,6.233600
31/7/2009,6.223100,6.261300,6.112000,6.117300
4/8/2009,6.017200,6.066500,6.011800,6.049800
5/8/2009,6.044500,6.063600,6.003000,6.014900
8/9/2009,5.989100,5.994000,5.903000,5.929700
11/9/2009,5.947300,5.950000,5.895500,5.941200
14/9/2009,5.935100,6.000500,5.902300,5.909100
1/10/2009,5.766100,5.833100,5.759000,5.817100
7/10/2009,5.684600,5.718500,5.646000,5.690900
9/10/2009,5.653500,5.679500,5.617000,5.645200
13/10/2009,5.617200,5.646200,5.595000,5.611800
16/10/2009,5.555000,5.646000,5.543000,5.612200
2/11/2009,5.735800,5.782500,5.684000,5.761100
5/11/2009,5.674800,5.726000,5.654500,5.678800
10/11/2009,5.582000,5.625200,5.575900,5.586900
11/11/2009,5.584500,5.618100,5.554300,5.600800
24/11/2009,5.594300,5.647600,5.587500,5.629700
25/11/2009,5.622200,5.627500,5.555700,5.561700
26/11/2009,5.568900,5.675500,5.563000,5.652200
2/12/2009,5.619200,5.624100,5.564500,5.618500
3/12/2009,5.600200,5.634000,5.562200,5.621200
4/12/2009,5.623100,5.708400,5.600100,5.696400
8/12/2009,5.710100,5.803800,5.689700,5.791300
9/12/2009,5.796700,5.798400,5.729600,5.751900
11/12/2009,5.732700,5.787200,5.719200,5.770800
18/12/2009,5.874400,5.885100,5.770500,5.844600
22/12/2009,5.860300,5.896200,5.837300,5.871600
1/1/2010,5.795700,5.808600,5.749800,5.781000
11/1/2010,5.641700,5.641700,5.597200,5.611500
19/1/2010,5.647700,5.719400,5.639500,5.686600
20/1/2010,5.691000,5.787300,5.685400,5.779700
2/2/2010,0.000000,0.000000,0.000000,0.000000
4/2/2010,5.868500,5.932400,5.868100,5.931400
15/2/2010,5.919300,5.935400,5.904900,5.929900
16/2/2010,5.924100,5.926700,5.880500,5.895200
22/2/2010,5.932000,5.940100,5.889200,5.911700
24/2/2010,5.956700,5.959800,5.894100,5.944800
25/2/2010,5.931300,5.993700,5.931300,5.937300
1/3/2010,5.903600,5.976300,5.896500,5.939000
5/3/2010,5.925200,5.945500,5.886700,5.898300
11/3/2010,5.878300,5.890900,5.855600,5.865800
18/3/2010,5.826100,5.886800,5.822500,5.873800
25/3/2010,6.039100,6.101200,6.027500,6.093600
21/4/2010,5.906700,5.922600,5.887100,5.908800
7/5/2010,6.257800,6.318300,6.186200,6.225200
10/5/2010,6.174100,6.231100,6.012200,6.146000
12/5/2010,6.199800,6.217500,6.122300,6.158600
