30/4/2007,41.1,41.4537,41.1,41.1775
1/5/2007,41.22,41.23,41.15,41.19
2/5/2007,41.27,41.27,41.155,41.205
3/5/2007,41.2,41.255,41.0962,41.1
4/5/2007,41.13,41.13,40.8575,40.8675
7/5/2007,40.68,40.85,40.5344,40.845
8/5/2007,40.81,40.86,40.714,40.84
9/5/2007,40.85,40.99,40.85,40.9175
10/5/2007,40.93,41.2775,40.93,41.275
11/5/2007,41.48,41.5,41.185,41.2587
14/5/2007,40.99,40.99,40.87,40.88
15/5/2007,40.77,40.9675,40.77,40.9575
16/5/2007,40.81,40.905,40.76,40.8087
17/5/2007,40.825,40.875,40.7675,40.875
18/5/2007,40.87,40.925,40.74,40.74
21/5/2007,40.78,40.79,40.525,40.6675
22/5/2007,40.685,40.685,40.5225,40.615
23/5/2007,40.5925,40.615,40.55,40.5625
24/5/2007,40.555,40.6175,40.5356,40.5981
25/5/2007,40.64,40.6675,40.5587,40.5787
28/5/2007,40.5555,40.5825,40.2712,40.515
29/5/2007,40.52,40.545,40.4137,40.49
30/5/2007,40.54,40.84,40.535,40.81
31/5/2007,40.77,40.805,40.6025,40.6115
1/6/2007,40.6,40.6,40.4915,40.5375
4/6/2007,40.495,40.5525,40.44,40.534
5/6/2007,40.5,40.5825,40.5,40.53
6/6/2007,40.555,40.7137,40.5287,40.6362
7/6/2007,40.68,40.73,40.5925,40.7187
8/6/2007,40.94,41.1675,40.855,41.1275
11/6/2007,41.035,41.04,40.7737,40.8069
12/6/2007,40.75,40.7925,40.6512,40.7394
13/6/2007,40.88,41.0825,40.825,40.9525
14/6/2007,40.81,40.9712,40.805,40.9462
15/6/2007,40.9,41.02,40.87,40.9
18/6/2007,40.7525,40.799,40.705,40.7837
19/6/2007,40.68,40.815,40.6775,40.8075
20/6/2007,40.77,40.8675,40.7487,40.7575
21/6/2007,40.775,40.7925,40.6975,40.7025
22/6/2007,40.715,40.7875,40.6837,40.755
25/6/2007,40.74,40.8875,40.74,40.8662
26/6/2007,40.9425,40.9962,40.8912,40.9325
27/6/2007,40.9975,41.0375,40.9412,40.9975
28/6/2007,41,41,40.815,40.835
29/6/2007,40.81,40.81,40.715,40.7225
2/7/2007,40.645,40.6837,40.62,40.66
3/7/2007,40.56,40.6,40.46,40.55
4/7/2007,40.52,40.585,40.4425,40.4637
5/7/2007,40.4525,40.4969,40.3925,40.4375
6/7/2007,40.475,40.4877,40.3965,40.4375
9/7/2007,40.37,40.435,40.3675,40.404
10/7/2007,40.41,40.4202,40.3575,40.375
11/7/2007,40.395,40.435,40.355,40.3925
12/7/2007,40.39,40.695,40.34,40.4931
13/7/2007,40.5,40.5,40.415,40.4225
16/7/2007,40.4,40.425,40.305,40.3725
17/7/2007,40.36,40.3762,40.325,40.3575
18/7/2007,40.37,40.44,40.37,40.405
19/7/2007,40.39,40.4475,40.3162,40.3475
20/7/2007,40.335,40.3437,40.2862,40.31
23/7/2007,40.38,40.385,40.2525,40.29
24/7/2007,40.28,40.2831,40.2075,40.25
25/7/2007,40.3,40.36,40.2662,40.35
26/7/2007,40.32,40.3662,40.2612,40.3344
27/7/2007,40.57,40.57,40.4356,40.53
30/7/2007,40.55,40.6,40.425,40.5375
31/7/2007,40.51,40.51,40.36,40.3675
1/8/2007,40.3812,40.5562,40.3812,40.445
2/8/2007,40.43,40.4875,40.3812,40.4237
3/8/2007,40.415,40.43,40.3162,40.35
6/8/2007,40.51,40.5212,40.4075,40.425
7/8/2007,40.4,40.435,40.3465,40.415
8/8/2007,40.78,40.78,40.4512,40.5512
9/8/2007,40.45,40.5525,40.399,40.5415
10/8/2007,40.67,40.695,40.595,40.6425
13/8/2007,40.63,40.65,40.525,40.6437
14/8/2007,40.67,40.775,40.6325,40.7575
16/8/2007,41.06,41.2875,41.01,41.275
17/8/2007,41.65,41.7225,41.1975,41.3162
20/8/2007,41.35,41.35,41.02,41.07
21/8/2007,41.23,41.2675,40.965,41.0912
22/8/2007,41.09,41.09,40.905,40.9237
23/8/2007,40.8,41.1975,40.7825,41.0075
24/8/2007,41.01,41.2062,41.01,41.0975
27/8/2007,40.92,41.065,40.89,41.0125
28/8/2007,41.13,41.1825,41.0825,41.1662
29/8/2007,41.335,41.365,41.1112,41.1112
30/8/2007,40.99,41.1487,40.9812,41.1387
31/8/2007,41.14,41.14,40.9087,40.93
3/9/2007,40.93,40.9555,40.8307,40.89
4/9/2007,40.86,40.995,40.86,40.985
5/9/2007,40.99,40.99,40.8915,40.9325
6/9/2007,40.95,40.9787,40.729,40.795
7/9/2007,40.79,40.79,40.6675,40.6905
10/9/2007,40.75,40.77,40.5962,40.6775
11/9/2007,40.595,40.6425,40.54,40.565
12/9/2007,40.48,40.5362,40.435,40.445
13/9/2007,40.47,40.4775,40.41,40.465
14/9/2007,40.485,40.5265,40.433,40.4575
17/9/2007,40.45,40.585,40.42,40.5562
18/9/2007,40.57,40.64,40.459,40.4862
19/9/2007,40.26,40.3512,40.185,40.2
20/9/2007,40.21,40.21,39.8525,39.885
21/9/2007,39.92,39.985,39.8475,39.9025
24/9/2007,39.93,39.93,39.7487,39.765
25/9/2007,39.75,39.8425,39.7227,39.735
26/9/2007,39.75,39.7515,39.61,39.7035
27/9/2007,39.68,39.8925,39.6297,39.719
28/9/2007,39.73,39.849,39.695,39.845
1/10/2007,39.76,39.8525,39.7175,39.8475
2/10/2007,39.895,39.9,39.865,39.87
3/10/2007,39.8875,39.935,39.579,39.5925
4/10/2007,39.59,39.6362,39.36,39.4888
5/10/2007,39.49,39.5462,39.4287,39.4938
8/10/2007,39.47,39.4925,39.3857,39.454
9/10/2007,39.4575,39.553,39.425,39.4275
10/10/2007,39.41,39.41,39.2975,39.315
11/10/2007,39.3,39.332,39.265,39.305
12/10/2007,39.29,39.46,39.28,39.3675
15/10/2007,39.3675,39.37,39.2985,39.3069
16/10/2007,39.315,39.3917,39.305,39.355
17/10/2007,39.375,39.97,39.35,39.5625
18/10/2007,39.597,39.805,39.4025,39.77
19/10/2007,39.76,39.85,39.665,39.7325
22/10/2007,39.73,39.925,39.73,39.9
23/10/2007,39.888,39.9175,39.585,39.6
24/10/2007,39.56,39.6757,39.4587,39.58
25/10/2007,39.62,39.65,39.415,39.535
26/10/2007,39.49,39.613,39.4387,39.452
29/10/2007,39.47,39.47,39.3525,39.4275
30/10/2007,39.432,39.49,39.31,39.3772
31/10/2007,39.372,39.395,39.2855,39.3256
1/11/2007,39.327,39.3425,39.23,39.3105
2/11/2007,39.31,39.455,39.2711,39.3165
5/11/2007,39.32,39.3925,39.2225,39.3125
6/11/2007,39.3,39.325,39.2467,39.3122
7/11/2007,39.32,39.3335,39.1737,39.308
8/11/2007,39.33,39.375,39.235,39.3256
9/11/2007,39.305,39.35,39.27,39.2775
12/11/2007,39.35,39.42,39.284,39.3725
13/11/2007,39.39,39.4537,39.355,39.4265
14/11/2007,39.35,39.3675,39.285,39.29
15/11/2007,39.34,39.34,39.2725,39.3062
16/11/2007,39.28,39.3925,39.28,39.325
19/11/2007,39.315,39.3535,39.275,39.341
20/11/2007,39.335,39.4357,39.315,39.36
21/11/2007,39.355,39.4187,39.355,39.3922
22/11/2007,39.415,39.5412,39.393,39.535
23/11/2007,39.51,39.715,39.487,39.7015
26/11/2007,39.68,39.795,39.56,39.7937
27/11/2007,39.88,39.9015,39.71,39.7975
28/11/2007,39.7,39.8075,39.6595,39.79
29/11/2007,39.7,39.7975,39.6565,39.7572
30/11/2007,39.75,39.755,39.5812,39.5987
3/12/2007,39.61,39.6525,39.4925,39.4962
4/12/2007,39.48,39.48,39.4,39.4282
5/12/2007,39.405,39.5025,39.405,39.4975
6/12/2007,39.4925,39.5532,39.4387,39.4875
7/12/2007,39.4582,39.4687,39.382,39.4075
10/12/2007,39.38,39.4265,39.37,39.41
11/12/2007,39.395,39.4,39.34,39.349
12/12/2007,39.3872,39.4225,39.333,39.365
13/12/2007,39.3512,39.4064,39.3512,39.4025
14/12/2007,39.41,39.42,39.325,39.3475
17/12/2007,39.3375,39.5565,39.3375,39.5445
18/12/2007,39.6225,39.6312,39.475,39.5375
19/12/2007,39.4995,39.6683,39.4925,39.59
20/12/2007,39.56,39.5975,39.5062,39.55
21/12/2007,39.5825,39.6,39.4687,39.4962
24/12/2007,39.47,39.54,39.424,39.446
26/12/2007,39.43,39.45,39.3775,39.42
27/12/2007,39.41,39.4575,39.3937,39.4175
28/12/2007,39.4506,39.4688,39.4207,39.4312
31/12/2007,39.4065,39.4337,39.3825,39.4125
1/1/2008,39.415,39.4375,39.3725,39.4175
2/1/2008,39.43,39.449,39.389,39.4364
3/1/2008,39.4525,39.4907,39.36,39.395
4/1/2008,39.38,39.3875,39.295,39.3337
7/1/2008,39.3425,39.3525,39.2057,39.2955
8/1/2008,39.27,39.3077,39.2175,39.275
9/1/2008,39.285,39.321,39.2725,39.285
10/1/2008,39.28,39.315,39.26,39.285
11/1/2008,39.26,39.3047,39.2535,39.295
14/1/2008,39.295,39.2975,39.275,39.2925
15/1/2008,39.279,39.2855,39.2425,39.265
16/1/2008,39.285,39.2994,39.245,39.295
17/1/2008,39.3165,39.345,39.265,39.303
18/1/2008,39.3337,39.346,39.264,39.305
21/1/2008,39.335,39.595,39.335,39.555
22/1/2008,39.8,39.8,39.45,39.4665
23/1/2008,39.465,39.5925,39.4465,39.5805
24/1/2008,39.5072,39.5265,39.41,39.4557
25/1/2008,39.3575,39.43,39.349,39.3645
28/1/2008,39.3975,39.485,39.38,39.3845
29/1/2008,39.365,39.415,39.3612,39.3811
30/1/2008,39.3775,39.4415,39.37,39.39
31/1/2008,39.385,39.4482,39.3567,39.3685
1/2/2008,39.3875,39.39,39.3255,39.3526
4/2/2008,39.335,39.4762,39.33,39.455
5/2/2008,39.429,39.57,39.4125,39.56
6/2/2008,39.59,39.6912,39.504,39.52
7/2/2008,39.5075,39.565,39.4565,39.5409
8/2/2008,39.5594,39.6565,39.495,39.6265
11/2/2008,39.63,39.745,39.5825,39.6964
12/2/2008,39.695,39.695,39.6062,39.6672
13/2/2008,39.6087,39.8925,39.595,39.7725
14/2/2008,39.7425,39.775,39.5975,39.5975
15/2/2008,39.6212,39.7045,39.6112,39.6779
18/2/2008,39.655,39.782,39.633,39.775
19/2/2008,39.75,39.9475,39.75,39.915
20/2/2008,39.98,40.2425,39.9675,40.1975
21/2/2008,40.2,40.215,39.9063,39.932
22/2/2008,39.92,40.05,39.9082,40.05
25/2/2008,40.0037,40.085,39.9535,39.9665
26/2/2008,39.95,39.95,39.9015,39.9085
27/2/2008,39.82,39.865,39.6862,39.785
28/2/2008,39.805,39.905,39.7182,39.87
29/2/2008,39.875,40.03,39.815,40.0141
3/3/2008,40.0875,40.405,40.0875,40.38
4/3/2008,40.285,40.3725,40.2137,40.31
5/3/2008,40.325,40.3725,40.21,40.31
6/3/2008,40.335,40.335,40.2,40.235
7/3/2008,40.325,40.64,40.325,40.535
10/3/2008,40.555,40.7125,40.4637,40.4875
11/3/2008,40.56,40.6075,40.435,40.46
12/3/2008,40.325,40.4262,40.285,40.3312
13/3/2008,40.47,40.5962,40.3587,40.425
14/3/2008,40.465,40.5712,40.3737,40.4275
17/3/2008,40.68,40.845,40.6775,40.73
18/3/2008,40.6975,40.705,40.475,40.52
19/3/2008,40.42,40.53,40.36,40.4275
20/3/2008,40.25,40.57,40.25,40.435
24/3/2008,40.382,40.425,40.2537,40.285
25/3/2008,40.2006,40.2019,40.025,40.12
26/3/2008,40.175,40.175,40.09,40.145
27/3/2008,40.17,40.2075,40.06,40.095
28/3/2008,40.1375,40.155,39.855,39.885
31/3/2008,39.855,40.1575,39.7975,40.1175
1/4/2008,39.98,40.095,39.9225,39.945
2/4/2008,39.975,40.04,39.875,39.9812
3/4/2008,39.9575,40.04,39.921,40.035
4/4/2008,39.9925,40.0512,39.9225,39.955
7/4/2008,39.925,39.9875,39.8925,39.965
8/4/2008,39.97,40.045,39.97,40.005
9/4/2008,40.025,40.045,39.9925,40
10/4/2008,40.01,40.01,39.9212,39.945
11/4/2008,39.93,39.9725,39.895,39.955
14/4/2008,40.005,40.005,39.87,39.875
15/4/2008,39.9712,39.9925,39.939,39.9675
16/4/2008,39.945,39.986,39.94,39.9575
17/4/2008,39.9275,39.9537,39.9075,39.9225
18/4/2008,39.8825,39.8975,39.765,39.765
21/4/2008,39.8735,39.9737,39.8262,39.97
22/4/2008,39.93,40.03,39.925,39.955
23/4/2008,39.97,40.0875,39.9425,40.0537
24/4/2008,40.02,40.197,40.01,40.1645
25/4/2008,40.1375,40.2675,40.1037,40.13
28/4/2008,40.1125,40.215,40.11,40.164
29/4/2008,40.165,40.49,40.15,40.485
30/4/2008,40.46,40.6525,40.3675,40.495
1/5/2008,40.515,40.58,40.445,40.57
2/5/2008,40.51,40.79,40.48,40.655
5/5/2008,40.65,40.7019,40.5225,40.61
6/5/2008,40.6975,40.985,40.6625,40.945
7/5/2008,40.9625,41.3987,40.955,41.365
8/5/2008,41.37,41.8012,41.37,41.755
9/5/2008,41.74,41.76,41.3215,41.6
12/5/2008,41.635,42.115,41.5637,42.0325
13/5/2008,41.98,42.215,41.975,42.1062
14/5/2008,42.2387,42.6725,42.2387,42.455
15/5/2008,42.44,42.71,42.305,42.705
16/5/2008,42.62,42.93,42.5212,42.5212
19/5/2008,42.46,42.96,42.26,42.54
20/5/2008,42.56,42.7477,42.545,42.5925
21/5/2008,42.755,42.905,42.62,42.83
22/5/2008,43.095,43.21,42.925,42.965
23/5/2008,42.965,42.98,42.69,42.69
26/5/2008,42.705,42.775,42.515,42.735
27/5/2008,42.785,42.965,42.78,42.955
28/5/2008,42.915,42.9425,42.725,42.7325
29/5/2008,42.7312,42.925,42.725,42.785
30/5/2008,42.5212,42.6212,42.4275,42.4575
2/6/2008,42.157,42.415,42.157,42.4075
3/6/2008,42.405,42.6687,42.405,42.615
4/6/2008,42.6275,42.795,42.52,42.7787
5/6/2008,42.79,42.975,42.79,42.91
6/6/2008,42.8975,42.898,42.6287,42.665
9/6/2008,42.665,42.93,42.665,42.8712
10/6/2008,42.8725,42.9805,42.85,42.975
11/6/2008,42.96,42.985,42.815,42.865
12/6/2008,42.795,42.8825,42.7487,42.845
13/6/2008,42.8175,42.9525,42.8172,42.9412
16/6/2008,42.945,42.98,42.88,42.95
17/6/2008,42.945,42.945,42.84,42.895
18/6/2008,42.855,42.94,42.845,42.9025
19/6/2008,42.9225,42.99,42.91,42.9725
20/6/2008,42.9504,42.9875,42.925,42.925
23/6/2008,42.975,42.985,42.935,42.9712
24/6/2008,42.9712,42.98,42.9237,42.965
25/6/2008,42.9025,42.9375,42.735,42.74
26/6/2008,42.695,42.7562,42.6,42.685
27/6/2008,42.8625,42.8856,42.7575,42.88
30/6/2008,42.9012,43.1275,42.89,43.04
1/7/2008,43.0475,43.4787,43.045,43.33
2/7/2008,43.355,43.44,43.127,43.175
3/7/2008,43.2275,43.3462,43.1975,43.3025
4/7/2008,43.2862,43.295,43.11,43.155
7/7/2008,43.1425,43.3175,43.075,43.3
8/7/2008,43.285,43.43,43.2625,43.265
9/7/2008,43.125,43.1912,43.0775,43.135
10/7/2008,43.185,43.2425,42.985,42.9962
11/7/2008,43.03,43.0525,42.7075,42.87
14/7/2008,42.835,42.985,42.7762,42.925
15/7/2008,43.025,43.3,43.0175,43.215
16/7/2008,43.185,43.195,43.085,43.085
17/7/2008,42.95,42.9675,42.745,42.82
18/7/2008,42.7025,42.8775,42.6437,42.785
21/7/2008,42.695,42.79,42.6725,42.6781
22/7/2008,42.7,42.8575,42.5662,42.74
23/7/2008,42.49,42.49,42.075,42.08
24/7/2008,41.9412,42.195,41.8175,42.13
25/7/2008,42.225,42.36,42.215,42.265
28/7/2008,42.125,42.545,42.125,42.545
29/7/2008,42.655,42.7988,42.52,42.6412
30/7/2008,42.505,42.605,42.34,42.3597
31/7/2008,42.4825,42.575,42.46,42.57
1/8/2008,42.57,42.582,42.325,42.3525
4/8/2008,42.42,42.4925,42.31,42.487
5/8/2008,42.335,42.385,42.205,42.24
6/8/2008,42.0675,42.1262,41.925,42.0737
7/8/2008,42.055,42.0787,41.8705,42.0737
8/8/2008,42.1475,42.285,42.0375,42.0637
11/8/2008,42.055,42.215,41.905,42.165
12/8/2008,42.2,42.47,42.195,42.375
13/8/2008,42.4225,42.7675,42.4225,42.65
14/8/2008,42.7925,43.07,42.7562,43.05
18/8/2008,43.32,43.65,43.205,43.595
19/8/2008,43.485,43.6475,43.47,43.575
20/8/2008,43.71,43.87,43.655,43.71
21/8/2008,43.7175,43.7875,43.4787,43.5285
22/8/2008,43.505,43.565,43.3012,43.425
25/8/2008,43.4375,43.795,43.42,43.785
26/8/2008,43.8612,44.145,43.78,43.845
27/8/2008,43.7262,43.9337,43.6475,43.75
28/8/2008,43.68,43.815,43.6525,43.775
29/8/2008,43.69,43.9725,43.69,43.9375
1/9/2008,44.125,44.245,44.0525,44.17
2/9/2008,44.225,44.5812,44.14,44.3975
3/9/2008,44.1075,44.1075,43.97,44.03
4/9/2008,44.395,44.54,44.21,44.3725
5/9/2008,44.565,44.7425,44.28,44.665
8/9/2008,44.27,44.6525,44.12,44.605
9/9/2008,44.785,44.935,44.7325,44.825
10/9/2008,44.92,45.185,44.865,45.1375
11/9/2008,45.335,45.575,45.31,45.555
12/9/2008,45.525,45.79,45.52,45.715
15/9/2008,45.545,46.075,45.525,46.055
16/9/2008,46.105,46.98,46.105,46.93
17/9/2008,46.36,46.725,46.26,46.3675
18/9/2008,46.6225,46.8075,46.465,46.49
19/9/2008,46.195,46.405,45.755,45.83
22/9/2008,45.5225,45.59,45.245,45.4537
23/9/2008,45.4325,45.965,45.425,45.7425
24/9/2008,45.775,46.11,45.755,45.95
25/9/2008,46.095,46.31,46.085,46.205
26/9/2008,46.165,46.585,46.1275,46.5475
29/9/2008,46.81,47.115,46.81,46.955
1/10/2008,47.15,47.235,46.6075,46.61
3/10/2008,47.3225,47.3225,46.815,47.0625
6/10/2008,47.4,47.85,47.255,47.8075
7/10/2008,47.905,48.1587,47.72,47.925
8/10/2008,48.255,48.81,47.885,48
10/10/2008,48.23,49.325,47.88,48.47
13/10/2008,48.23,48.31,48,48.26
14/10/2008,47.6687,48.125,47.59,48.08
15/10/2008,48.365,48.62,48.365,48.53
16/10/2008,49.0275,49.07,48.65,48.845
17/10/2008,48.7775,48.965,48.575,48.8825
20/10/2008,48.805,49.04,48.72,49.015
21/10/2008,48.945,49.155,48.945,49.0975
22/10/2008,49.2725,49.4975,49.16,49.295
23/10/2008,49.315,49.86,49.315,49.82
24/10/2008,49.83,50.05,49.83,49.9825
27/10/2008,50.025,50.2762,49.845,49.87
29/10/2008,49.7425,49.885,49.585,49.675
31/10/2008,49.4762,49.53,49.2375,49.4575
3/11/2008,49.07,49.07,48.6462,48.6462
4/11/2008,48.815,48.94,47.685,47.735
5/11/2008,47.215,47.525,46.7075,47.44
6/11/2008,47.88,47.9625,47.485,47.6875
7/11/2008,47.88,47.88,47.6575,47.6625
10/11/2008,47.4075,47.465,47.165,47.375
11/11/2008,47.645,48.155,47.445,48.12
12/11/2008,48.45,49.425,48.44,49.2925
14/11/2008,49.37,49.49,48.915,49.01
17/11/2008,49.14,49.34,48.79,49.3375
18/11/2008,49.635,49.81,49.525,49.6475
19/11/2008,49.765,49.995,49.685,49.9925
20/11/2008,50.425,50.605,49.8625,50.15
21/11/2008,50.225,50.525,49.95,50.02
24/11/2008,50.06,50.255,49.965,50.0962
25/11/2008,49.775,50.115,49.7212,49.99
26/11/2008,49.8225,50.01,49.2575,49.435
28/11/2008,49.505,50.2312,49.505,50.1075
1/12/2008,50.06,50.3562,49.97,50.29
2/12/2008,50.51,50.59,50.0837,50.145
3/12/2008,49.8425,50.1,49.77,50.01
4/12/2008,49.875,49.95,49.5237,49.85
5/12/2008,49.9225,49.965,49.555,49.6
8/12/2008,49.59,49.595,49.19,49.5925
10/12/2008,49.1875,49.2725,48.885,49.015
11/12/2008,48.7925,48.8137,48.32,48.3412
12/12/2008,48.45,48.975,48.31,48.5775
15/12/2008,48.175,48.175,47.9175,48.0512
16/12/2008,48.025,48.0262,47.785,47.91
17/12/2008,47.325,47.6775,47.2112,47.6575
18/12/2008,47.325,47.4375,46.8687,46.95
19/12/2008,46.9375,47.3525,46.855,47.255
22/12/2008,47.37,48.065,47.31,48.02
23/12/2008,48.0075,48.955,48.0075,48.7625
24/12/2008,48.7925,49.195,47.9775,48.0725
26/12/2008,47.92,48.605,47.715,48.4437
29/12/2008,48.3725,48.85,48.21,48.425
30/12/2008,48.4225,48.64,48.3487,48.48
31/12/2008,48.3375,48.8025,48.3075,48.8025
1/1/2009,48.555,48.84,48.4475,48.7675
2/1/2009,48.8775,49.1337,48.7525,48.7525
5/1/2009,48.17,48.7375,48.1612,48.565
6/1/2009,48.6162,48.7787,48.555,48.69
7/1/2009,48.51,48.9225,48.3675,48.765
9/1/2009,49.275,49.275,48.255,48.255
12/1/2009,48.545,48.8675,48.3787,48.8425
13/1/2009,48.975,49.125,48.75,49.1225
14/1/2009,48.96,48.96,48.6512,48.8225
15/1/2009,48.8275,49.225,48.8275,49.0175
16/1/2009,48.8,48.865,48.73,48.7975
19/1/2009,48.635,48.7175,48.515,48.6512
20/1/2009,48.95,49.2325,48.9037,49.2325
21/1/2009,49.265,49.3275,49.0337,49.115
22/1/2009,49.13,49.2025,48.86,49.1625
23/1/2009,49.16,49.295,49.125,49.255
27/1/2009,49.26,49.26,48.7575,48.93
28/1/2009,48.835,48.9325,48.7325,48.93
29/1/2009,48.9525,49.0262,48.865,48.985
30/1/2009,49.1312,49.135,48.855,48.875
2/2/2009,48.925,49.1225,48.9075,48.93
3/2/2009,48.81,48.8787,48.7375,48.8256
4/2/2009,48.5925,48.84,48.5762,48.8187
5/2/2009,48.8287,48.8875,48.765,48.78
6/2/2009,48.705,48.7762,48.6625,48.6912
9/2/2009,48.56,48.6475,48.56,48.5762
10/2/2009,48.615,48.745,48.6,48.7425
11/2/2009,48.775,48.88,48.6675,48.695
12/2/2009,48.695,48.85,48.695,48.8437
13/2/2009,48.8275,48.8275,48.61,48.68
16/2/2009,48.6756,48.8362,48.64,48.83
17/2/2009,48.995,49.67,48.9075,49.6687
18/2/2009,49.6975,50.065,49.5775,49.975
19/2/2009,49.9675,49.9675,49.6075,49.6225
20/2/2009,49.77,49.9975,49.7325,49.77
24/2/2009,49.86,49.96,49.7525,49.8675
25/2/2009,49.72,49.95,49.715,49.95
26/2/2009,50.06,50.4925,50.04,50.4825
27/2/2009,50.44,51.17,50.44,51.1612
2/3/2009,51.295,51.9425,51.295,51.94
3/3/2009,51.87,52.18,51.545,51.97
4/3/2009,51.945,52.0475,51.44,51.55
5/3/2009,51.495,52.105,51.455,51.7675
6/3/2009,51.825,51.865,51.415,51.71
9/3/2009,51.6925,52.025,51.5625,51.88
12/3/2009,51.49,51.925,51.49,51.86
13/3/2009,51.74,51.7775,51.4937,51.515
16/3/2009,51.335,51.6987,51.3175,51.3975
17/3/2009,51.435,51.525,51.235,51.485
18/3/2009,51.415,51.49,51.235,51.295
19/3/2009,51.0637,51.11,50.31,50.39
20/3/2009,50.325,50.84,50.0325,50.64
23/3/2009,50.525,50.6612,50.405,50.4525
24/3/2009,50.245,50.74,50.2,50.73
25/3/2009,50.91,51.0962,50.68,50.7325
26/3/2009,50.7075,50.72,50.46,50.6037
30/3/2009,50.895,51.325,50.8825,51.1775
31/3/2009,51.175,51.175,50.6475,50.73
2/4/2009,50.725,50.725,50.235,50.35
6/4/2009,50.355,50.355,49.8975,50.06
8/4/2009,50.4025,50.675,50.05,50.1925
9/4/2009,49.96,50.095,49.785,50.04
13/4/2009,49.865,49.9625,49.8225,49.8925
15/4/2009,50.025,50.025,49.61,49.665
16/4/2009,49.54,49.845,49.325,49.7612
17/4/2009,49.7,49.905,49.625,49.865
20/4/2009,50.04,50.34,49.9175,50.33
21/4/2009,50.515,50.6112,50.18,50.4475
22/4/2009,50.4025,50.4425,50.0812,50.345
23/4/2009,50.4125,50.44,49.93,49.93
24/4/2009,49.94,50.04,49.72,49.8112
27/4/2009,49.975,50.32,49.9387,50.2625
28/4/2009,50.435,50.57,50.2875,50.52
29/4/2009,50.425000,50.450000,49.750000,49.965000
30/4/2009,49.970000,50.020000,49.200000,49.725000
1/5/2009,49.725000,49.900000,49.200000,49.740000
4/5/2009,49.640000,49.930000,49.380000,49.395000
5/5/2009,49.375000,49.720000,49.220000,49.245000
6/5/2009,49.375000,49.690000,49.150000,49.415000
7/5/2009,49.245000,49.550000,49.060000,49.110000
8/5/2009,49.110000,49.470000,49.090000,49.125000
11/5/2009,49.150000,49.690000,48.900000,49.665000
12/5/2009,49.425000,49.670000,49.200000,49.275000
13/5/2009,49.375000,49.720000,49.250000,49.315000
14/5/2009,49.475000,50.070000,49.450000,49.625000
15/5/2009,49.560000,49.750000,49.280000,49.465000
18/5/2009,48.860000,49.330000,47.580000,47.660000
19/5/2009,47.605000,47.970000,47.260000,47.650000
20/5/2009,47.650000,48.070000,47.240000,47.425000
21/5/2009,47.420000,47.710000,47.220000,47.245000
22/5/2009,47.275000,47.300000,46.930000,47.025000
25/5/2009,47.025000,47.500000,46.950000,47.285000
26/5/2009,47.295000,48.050000,47.270000,47.475000
27/5/2009,49.375000,49.720000,49.250000,49.315000
28/5/2009,47.575000,48.110000,47.490000,47.630000
29/5/2009,47.460000,47.660000,46.980000,47.125000
1/6/2009,47.525000,47.550000,46.750000,46.775000
2/6/2009,46.775000,47.270000,46.750000,46.900000
3/6/2009,46.960000,47.320000,46.740000,47.255000
4/6/2009,47.025000,47.340000,46.880000,47.080000
8/6/2009,47.075000,47.745000,47.075000,47.525000
9/6/2009,47.460000,47.840000,47.225000,47.325000
10/6/2009,47.325000,47.520000,47.025000,47.440000
11/6/2009,47.225000,47.690000,47.225000,47.280000
12/6/2009,47.420000,47.740000,47.075000,47.475000
15/6/2009,49.375000,49.720000,49.250000,49.315000
16/6/2009,47.625000,47.940000,47.575000,47.675000
17/6/2009,47.675000,48.210000,47.675000,47.995000
18/6/2009,48.055000,48.340000,47.985000,48.125000
19/6/2009,48.175000,48.285000,47.875000,48.025000
22/6/2009,48.025000,48.720000,48.025000,48.690000
23/6/2009,49.010000,49.010000,48.410000,48.430000
24/6/2009,48.430000,48.590000,48.330000,48.420000
25/6/2009,48.510000,48.720000,48.425000,48.530000
26/6/2009,48.500000,48.570000,48.080000,48.230000
29/6/2009,48.025000,48.265000,48.020000,48.090000
30/6/2009,48.025000,48.195000,47.825000,48.095000
1/7/2009,48.055000,48.170000,47.760000,47.770000
3/7/2009,48.100000,48.190000,47.870000,47.955000
7/7/2009,48.410000,48.740000,48.195000,48.600000
8/7/2009,48.710000,49.150000,48.465000,49.100000
9/7/2009,49.010000,49.070000,48.050000,48.680000
10/7/2009,48.690000,49.030000,48.560000,48.910000
13/7/2009,49.120000,49.440000,48.845000,48.925000
14/7/2009,48.855000,49.000000,48.760000,48.760000
15/7/2009,48.840000,49.510000,48.370000,48.390000
16/7/2009,48.480000,48.910000,48.450000,48.490000
20/7/2009,48.470000,48.580000,48.090000,48.180000
21/7/2009,48.125000,48.490000,48.125000,48.330000
22/7/2009,48.225000,48.630000,48.225000,48.490000
23/7/2009,48.425000,48.565000,48.190000,48.320000
27/7/2009,48.125000,48.125000,48.125000,48.125000
28/7/2009,48.125000,48.465000,48.125000,48.225000
29/7/2009,48.340000,48.640000,48.215000,48.620000
30/7/2009,48.540000,48.590000,48.275000,48.375000
31/7/2009,48.260000,48.265000,47.825000,47.825000
4/8/2009,47.390000,47.745000,47.325000,47.560000
5/8/2009,47.475000,48.075000,47.325000,47.550000
8/9/2009,48.575000,48.770000,48.390000,48.390000
11/9/2009,48.440000,48.625000,48.385000,48.420000
14/9/2009,48.610000,48.820000,48.375000,48.675000
1/10/2009,47.725000,47.910000,47.650000,47.770000
7/10/2009,46.910000,46.930000,46.480000,46.610000
9/10/2009,46.260000,46.665000,46.260000,46.445000
13/10/2009,46.420000,46.495000,46.135000,46.370000
16/10/2009,46.110000,46.410000,46.025000,46.370000
2/11/2009,46.925000,47.295000,46.915000,47.090000
5/11/2009,46.920000,47.245000,46.825000,46.940000
10/11/2009,46.375000,46.765000,46.375000,46.590000
11/11/2009,46.275000,46.625000,46.260000,46.470000
24/11/2009,46.425000,46.635000,46.355000,46.465000
25/11/2009,46.355000,46.500000,46.140000,46.215000
26/11/2009,46.275000,46.675000,46.105000,46.105000
2/12/2009,46.135000,46.370000,46.125000,46.275000
3/12/2009,46.115000,46.325000,46.025000,46.105000
4/12/2009,45.935000,46.460000,45.935000,46.460000
8/12/2009,46.515000,46.855000,46.515000,46.855000
9/12/2009,46.855000,46.900000,46.515000,46.780000
11/12/2009,46.615000,46.750000,46.460000,46.695000
18/12/2009,46.875000,47.030000,46.680000,46.910000
22/12/2009,46.845000,46.880000,46.745000,46.760000
1/1/2010,46.675000,46.785000,46.405000,46.660000
11/1/2010,45.475000,45.515000,45.230000,45.410000
19/1/2010,45.525000,45.980000,45.525000,45.800000
20/1/2010,45.775000,46.170000,45.765000,46.130000
2/2/2010,0.000000,0.000000,0.000000,0.000000
4/2/2010,46.060000,46.390000,45.975000,46.390000
15/2/2010,46.445000,46.510000,46.285000,46.340000
16/2/2010,46.275000,46.425000,46.130000,46.160000
22/2/2010,46.165000,46.260000,46.075000,46.110000
24/2/2010,46.310000,46.350000,46.125000,46.285000
25/2/2010,46.335000,46.550000,46.215000,46.360000
1/3/2010,46.050000,46.120000,45.925000,46.020000
5/3/2010,45.770000,45.825000,45.450000,45.450000
11/3/2010,45.370000,45.630000,45.335000,45.510000
18/3/2010,45.405000,45.545000,45.300000,45.460000
25/3/2010,45.685000,45.725000,45.425000,45.575000
21/4/2010,44.355000,44.575000,44.340000,44.465000
7/5/2010,45.310000,45.860000,45.310000,45.610000
10/5/2010,45.350000,45.425000,44.750000,45.020000
12/5/2010,45.050000,45.370000,44.945000,44.970000
