30/4/2007,1.3608,1.3698,1.3608,1.3683
1/5/2007,1.368,1.3895,1.368,1.3763
2/5/2007,1.3519,1.3647,1.3505,1.3625
3/5/2007,1.353,1.3565,1.3511,1.3539
4/5/2007,1.3562,1.3587,1.3463,1.3475
7/5/2007,1.3492,1.3492,1.3373,1.3404
8/5/2007,1.3395,1.3422,1.3336,1.3404
9/5/2007,1.339,1.343,1.3352,1.3377
10/5/2007,1.3385,1.3447,1.3338,1.3432
11/5/2007,1.3475,1.3513,1.3403,1.3406
14/5/2007,1.341,1.341,1.3304,1.332
15/5/2007,1.334,1.3396,1.3296,1.3309
16/5/2007,1.328,1.3282,1.319,1.3219
17/5/2007,1.324,1.3319,1.3207,1.329
18/5/2007,1.328,1.3346,1.3276,1.3315
21/5/2007,1.331,1.331,1.32,1.323
22/5/2007,1.32,1.3244,1.3189,1.3234
23/5/2007,1.3325,1.3325,1.3221,1.3224
24/5/2007,1.3301,1.335,1.3295,1.3336
25/5/2007,1.335,1.339,1.3295,1.3331
28/5/2007,1.336,1.336,1.3235,1.3248
29/5/2007,1.3215,1.3276,1.3215,1.3233
30/5/2007,1.3313,1.3372,1.3285,1.3333
31/5/2007,1.3277,1.328,1.3184,1.3203
1/6/2007,1.319,1.319,1.3108,1.3119
4/6/2007,1.31,1.3154,1.309,1.3119
5/6/2007,1.313,1.316,1.3108,1.3137
6/6/2007,1.314,1.3239,1.3129,1.3212
7/6/2007,1.325,1.3293,1.317,1.3242
8/6/2007,1.3411,1.3677,1.3385,1.3431
11/6/2007,1.3435,1.3435,1.3363,1.3386
12/6/2007,1.3385,1.3423,1.3316,1.338
13/6/2007,1.3447,1.3541,1.3387,1.3405
14/6/2007,1.3342,1.3361,1.3244,1.3252
15/6/2007,1.3238,1.327,1.31,1.3137
18/6/2007,1.3065,1.3066,1.3007,1.3039
19/6/2007,1.302,1.3054,1.3002,1.3042
20/6/2007,1.3038,1.3042,1.2977,1.3019
21/6/2007,1.31,1.3149,1.3062,1.3147
22/6/2007,1.309,1.3132,1.3079,1.3111
25/6/2007,1.31,1.3212,1.31,1.3201
26/6/2007,1.329,1.3297,1.3207,1.3227
27/6/2007,1.33,1.3346,1.3285,1.331
28/6/2007,1.3215,1.3235,1.3167,1.3176
29/6/2007,1.314,1.3147,1.3037,1.304
2/7/2007,1.3015,1.3087,1.2977,1.2989
3/7/2007,1.2987,1.2987,1.2906,1.2931
4/7/2007,1.2935,1.2976,1.291,1.291
5/7/2007,1.292,1.297,1.2899,1.2946
6/7/2007,1.2955,1.3021,1.2918,1.2943
9/7/2007,1.292,1.293,1.2826,1.2843
10/7/2007,1.2859,1.2926,1.284,1.2916
11/7/2007,1.2925,1.2986,1.2895,1.2921
12/7/2007,1.2869,1.2909,1.2825,1.2827
13/7/2007,1.2735,1.2759,1.2707,1.2749
16/7/2007,1.272,1.276,1.2698,1.2754
17/7/2007,1.2747,1.2821,1.2736,1.2757
18/7/2007,1.2775,1.2812,1.2732,1.2745
19/7/2007,1.2775,1.2775,1.2635,1.2646
20/7/2007,1.2675,1.2711,1.2635,1.2709
23/7/2007,1.261,1.2625,1.2494,1.2495
24/7/2007,1.2494,1.2503,1.2347,1.244
25/7/2007,1.25,1.2515,1.2429,1.2457
26/7/2007,1.254,1.2895,1.2525,1.284
27/7/2007,1.3,1.33,1.2929,1.3032
30/7/2007,1.3075,1.3245,1.2957,1.3055
31/7/2007,1.288,1.2915,1.2738,1.2756
1/8/2007,1.3041,1.3251,1.2864,1.2922
2/8/2007,1.2926,1.2926,1.2752,1.279
3/8/2007,1.278,1.2799,1.2667,1.2752
6/8/2007,1.299,1.3017,1.2758,1.2832
7/8/2007,1.2695,1.2775,1.2689,1.2752
8/8/2007,1.2745,1.2745,1.2563,1.2572
9/8/2007,1.2554,1.2956,1.2514,1.283
10/8/2007,1.2995,1.3114,1.289,1.2993
13/8/2007,1.2845,1.2964,1.2822,1.2888
14/8/2007,1.3005,1.3075,1.2998,1.3061
15/8/2007,1.337,1.3447,1.3247,1.3325
16/8/2007,1.363,1.4125,1.359,1.3926
17/8/2007,1.4106,1.4255,1.3469,1.3667
20/8/2007,1.3454,1.3532,1.3355,1.3507
21/8/2007,1.357,1.383,1.3562,1.3613
22/8/2007,1.36,1.36,1.3353,1.3354
23/8/2007,1.3238,1.3297,1.3142,1.3282
24/8/2007,1.331,1.3359,1.3265,1.3327
27/8/2007,1.3221,1.3221,1.3115,1.3185
28/8/2007,1.323,1.3299,1.32,1.3292
29/8/2007,1.3415,1.342,1.3223,1.3261
30/8/2007,1.3245,1.3245,1.3118,1.3138
31/8/2007,1.3097,1.3119,1.2963,1.3026
3/9/2007,1.2965,1.3038,1.2963,1.299
4/9/2007,1.2965,1.3103,1.2965,1.3046
5/9/2007,1.3005,1.3064,1.2978,1.3022
6/9/2007,1.3025,1.3056,1.2973,1.3
7/9/2007,1.2995,1.3015,1.2905,1.298
10/9/2007,1.3068,1.3068,1.2956,1.2984
11/9/2007,1.2977,1.2981,1.285,1.2872
12/9/2007,1.2818,1.2831,1.2745,1.2754
13/9/2007,1.2737,1.2767,1.2618,1.2636
14/9/2007,1.2645,1.2684,1.258,1.2643
17/9/2007,1.263,1.2696,1.2605,1.2665
18/9/2007,1.273,1.2735,1.26,1.2604
19/9/2007,1.2353,1.2442,1.2308,1.2337
20/9/2007,1.2341,1.2392,1.2332,1.236
21/9/2007,1.238,1.2401,1.2227,1.225
24/9/2007,1.2215,1.2283,1.2213,1.2276
25/9/2007,1.2291,1.2372,1.227,1.2325
26/9/2007,1.2248,1.2255,1.2195,1.2214
27/9/2007,1.2198,1.222,1.2117,1.2138
28/9/2007,1.2175,1.2175,1.206,1.2072
1/10/2007,1.2095,1.2095,1.2026,1.2031
2/10/2007,1.202,1.2112,1.2003,1.2106
3/10/2007,1.2115,1.2115,1.2012,1.2033
4/10/2007,1.205,1.2085,1.2023,1.2046
5/10/2007,1.203,1.2032,1.1849,1.1852
8/10/2007,1.1859,1.1872,1.1817,1.1868
9/10/2007,1.19,1.1934,1.1854,1.186
10/10/2007,1.185,1.1906,1.1804,1.1886
11/10/2007,1.189,1.192,1.1858,1.1862
12/10/2007,1.1928,1.2024,1.1925,1.1961
15/10/2007,1.196,1.2128,1.1932,1.2087
16/10/2007,1.2282,1.2317,1.2145,1.216
17/10/2007,1.2235,1.2275,1.2004,1.2046
18/10/2007,1.2065,1.2137,1.2008,1.2085
19/10/2007,1.2042,1.2085,1.1973,1.2023
22/10/2007,1.233,1.2495,1.2275,1.2307
23/10/2007,1.2221,1.2261,1.2095,1.2139
24/10/2007,1.2135,1.2183,1.2077,1.21
25/10/2007,1.214,1.2145,1.1918,1.198
26/10/2007,1.1965,1.197,1.1855,1.1889
29/10/2007,1.192,1.1931,1.1875,1.1905
30/10/2007,1.191,1.1941,1.1816,1.1877
31/10/2007,1.189,1.1898,1.1742,1.1744
1/11/2007,1.164,1.1872,1.163,1.18
2/11/2007,1.18,1.1895,1.1771,1.1842
5/11/2007,1.185,1.1943,1.182,1.1891
6/11/2007,1.1904,1.1904,1.1705,1.1724
7/11/2007,1.1714,1.1831,1.1653,1.1727
8/11/2007,1.1905,1.1966,1.1771,1.184
9/11/2007,1.1836,1.2027,1.1755,1.199
12/11/2007,1.2046,1.2193,1.2012,1.2094
13/11/2007,1.2114,1.2156,1.1981,1.1988
14/11/2007,1.1787,1.1847,1.17,1.174
15/11/2007,1.171,1.1864,1.171,1.1845
16/11/2007,1.188,1.1922,1.1825,1.1882
19/11/2007,1.187,1.1893,1.1815,1.1885
20/11/2007,1.1908,1.197,1.1888,1.192
21/11/2007,1.1954,1.2116,1.1922,1.2052
22/11/2007,1.209,1.209,1.196,1.1972
23/11/2007,1.1961,1.2063,1.194,1.2057
26/11/2007,1.1947,1.1988,1.1887,1.1953
27/11/2007,1.2145,1.2305,1.2075,1.2238
28/11/2007,1.2229,1.2229,1.1957,1.1959
29/11/2007,1.188,1.1965,1.1839,1.19
30/11/2007,1.188,1.188,1.1732,1.1757
3/12/2007,1.1875,1.1875,1.1782,1.1833
4/12/2007,1.1825,1.1892,1.1787,1.1854
5/12/2007,1.1815,1.1829,1.176,1.1775
6/12/2007,1.1779,1.1804,1.1766,1.1775
7/12/2007,1.1757,1.1779,1.1706,1.1722
10/12/2007,1.1731,1.175,1.1672,1.1688
11/12/2007,1.1678,1.1706,1.1653,1.1685
12/12/2007,1.1748,1.1763,1.166,1.1685
13/12/2007,1.1728,1.1752,1.1694,1.1731
14/12/2007,1.175,1.1853,1.1737,1.1842
17/12/2007,1.1878,1.1946,1.1872,1.1906
18/12/2007,1.1912,1.1937,1.1851,1.1857
19/12/2007,1.1882,1.1973,1.188,1.1897
20/12/2007,1.1913,1.1967,1.1911,1.1948
21/12/2007,1.193,1.195,1.1889,1.1892
24/12/2007,1.1883,1.1906,1.1806,1.1807
25/12/2007,1.1813,1.1842,1.1788,1.182
26/12/2007,1.1832,1.1847,1.1759,1.1765
27/12/2007,1.179,1.1795,1.1742,1.176
28/12/2007,1.1765,1.1767,1.1685,1.1698
31/12/2007,1.1689,1.1707,1.1618,1.17
2/1/2008,1.171,1.1742,1.1649,1.1694
3/1/2008,1.171,1.1753,1.1671,1.1706
4/1/2008,1.1692,1.1706,1.1601,1.1678
7/1/2008,1.1705,1.174,1.1682,1.1693
8/1/2008,1.1675,1.1681,1.1579,1.16
9/1/2008,1.1624,1.1644,1.1566,1.1612
10/1/2008,1.1596,1.1617,1.1562,1.1568
11/1/2008,1.153,1.1546,1.15,1.1532
14/1/2008,1.1503,1.1541,1.1491,1.1508
15/1/2008,1.1512,1.1522,1.1493,1.1508
16/1/2008,1.1721,1.1759,1.1669,1.1713
17/1/2008,1.1785,1.1888,1.1717,1.1782
18/1/2008,1.1843,1.1922,1.1818,1.1849
21/1/2008,1.1953,1.221,1.1939,1.2133
22/1/2008,1.2318,1.2495,1.2011,1.2107
23/1/2008,1.1966,1.2193,1.1958,1.2052
24/1/2008,1.1932,1.2028,1.1812,1.1838
25/1/2008,1.1762,1.1871,1.1756,1.1821
28/1/2008,1.1931,1.1945,1.1878,1.1881
29/1/2008,1.1834,1.1849,1.1748,1.1799
30/1/2008,1.177,1.1818,1.1745,1.1776
31/1/2008,1.1674,1.1828,1.1658,1.1766
1/2/2008,1.1708,1.1713,1.1635,1.1673
4/2/2008,1.1673,1.1677,1.1624,1.166
5/2/2008,1.166,1.1841,1.1652,1.1794
6/2/2008,1.187,1.1942,1.182,1.1861
7/2/2008,1.1857,1.2128,1.1848,1.2071
8/2/2008,1.202,1.2162,1.1957,1.2114
11/2/2008,1.2219,1.235,1.2218,1.2295
12/2/2008,1.2196,1.2275,1.2096,1.2117
13/2/2008,1.2119,1.2163,1.1977,1.2027
14/2/2008,1.1969,1.1973,1.1904,1.1951
15/2/2008,1.199,1.2054,1.1916,1.2016
18/2/2008,1.197,1.1973,1.1937,1.1941
19/2/2008,1.191,1.1969,1.1881,1.1934
20/2/2008,1.1984,1.218,1.1983,1.2131
21/2/2008,1.2047,1.2109,1.2008,1.2031
22/2/2008,1.2065,1.2098,1.2017,1.2063
25/2/2008,1.1985,1.2039,1.1887,1.2036
26/2/2008,1.1984,1.199,1.1898,1.1923
27/2/2008,1.1843,1.1882,1.1774,1.1829
28/2/2008,1.18,1.1853,1.18,1.1825
29/2/2008,1.1855,1.2067,1.1851,1.2031
3/3/2008,1.232,1.2355,1.2149,1.2193
4/3/2008,1.2128,1.219,1.2043,1.2109
5/3/2008,1.219,1.219,1.2081,1.2137
6/3/2008,1.2043,1.2243,1.2038,1.2228
7/3/2008,1.2525,1.2655,1.2393,1.2415
10/3/2008,1.253,1.2561,1.2385,1.2468
11/3/2008,1.254,1.2543,1.2262,1.2303
12/3/2008,1.22,1.2274,1.2133,1.2195
13/3/2008,1.2338,1.2508,1.2305,1.243
14/3/2008,1.2273,1.2428,1.2145,1.2305
17/3/2008,1.2694,1.2769,1.2578,1.2609
18/3/2008,1.2585,1.2594,1.2333,1.2338
19/3/2008,1.2235,1.237,1.2204,1.2335
20/3/2008,1.2437,1.2479,1.2362,1.2459
21/3/2008,1.24,1.251,1.2388,1.251
24/3/2008,1.251,1.2512,1.2374,1.2374
25/3/2008,1.2365,1.2575,1.2313,1.2519
26/3/2008,1.2557,1.2766,1.2552,1.269
27/3/2008,1.28,1.2808,1.2572,1.275
28/3/2008,1.2715,1.3059,1.2691,1.3043
31/3/2008,1.3028,1.3268,1.2935,1.3241
1/4/2008,1.3315,1.347,1.311,1.3113
2/4/2008,1.3045,1.3045,1.2816,1.2925
3/4/2008,1.291,1.3009,1.2765,1.2993
4/4/2008,1.3002,1.3036,1.2865,1.2925
7/4/2008,1.2865,1.2882,1.2717,1.2819
8/4/2008,1.2847,1.2945,1.283,1.2913
9/4/2008,1.2913,1.2982,1.288,1.2954
10/4/2008,1.3023,1.3178,1.2995,1.3086
11/4/2008,1.3003,1.308,1.2936,1.3063
14/4/2008,1.3101,1.318,1.3089,1.3132
15/4/2008,1.3113,1.3161,1.3078,1.3129
16/4/2008,1.3176,1.3341,1.3146,1.3241
17/4/2008,1.3222,1.3341,1.3188,1.3303
18/4/2008,1.3257,1.3355,1.3074,1.3095
21/4/2008,1.3115,1.3184,1.3075,1.3117
22/4/2008,1.3163,1.3195,1.3066,1.3094
23/4/2008,1.306,1.3073,1.2901,1.2938
24/4/2008,1.2961,1.3023,1.2848,1.2873
25/4/2008,1.2872,1.296,1.285,1.2941
28/4/2008,1.2847,1.2853,1.2765,1.2783
29/4/2008,1.2792,1.2873,1.2782,1.2859
30/4/2008,1.2903,1.2955,1.2781,1.2792
1/5/2008,1.2758,1.2815,1.2749,1.2784
2/5/2008,1.274,1.2745,1.2555,1.2585
5/5/2008,1.2639,1.2657,1.2594,1.2601
6/5/2008,1.264,1.2656,1.2547,1.26
7/5/2008,1.2526,1.2538,1.2466,1.2485
8/5/2008,1.2608,1.2724,1.257,1.2653
9/5/2008,1.2645,1.2758,1.264,1.2672
12/5/2008,1.2647,1.2655,1.2557,1.2608
13/5/2008,1.2531,1.2569,1.2475,1.2502
14/5/2008,1.2477,1.2609,1.2468,1.2526
15/5/2008,1.2522,1.2569,1.2415,1.2439
16/5/2008,1.2372,1.239,1.2264,1.2315
19/5/2008,1.232,1.2342,1.2263,1.232
20/5/2008,1.2325,1.2443,1.2325,1.2421
21/5/2008,1.2427,1.2493,1.2377,1.2423
22/5/2008,1.2507,1.2548,1.2461,1.2472
23/5/2008,1.245,1.2484,1.2432,1.2462
26/5/2008,1.2486,1.2504,1.2453,1.2461
27/5/2008,1.2443,1.2538,1.2428,1.2454
28/5/2008,1.2413,1.2443,1.2221,1.2281
29/5/2008,1.2262,1.2262,1.2176,1.2209
30/5/2008,1.2086,1.2186,1.2066,1.2186
2/6/2008,1.2185,1.2287,1.2161,1.2275
3/6/2008,1.2302,1.2403,1.2222,1.2272
4/6/2008,1.2338,1.2447,1.2298,1.2382
5/6/2008,1.2367,1.2367,1.2263,1.2298
6/6/2008,1.2414,1.2452,1.236,1.2426
9/6/2008,1.2474,1.2543,1.2425,1.2433
10/6/2008,1.2428,1.2603,1.2388,1.2551
11/6/2008,1.2578,1.2656,1.248,1.2645
12/6/2008,1.2627,1.2648,1.2514,1.2558
13/6/2008,1.2555,1.26,1.2491,1.2555
16/6/2008,1.252,1.2524,1.2418,1.2468
17/6/2008,1.2462,1.2464,1.2246,1.2275
18/6/2008,1.2275,1.2308,1.2198,1.2287
19/6/2008,1.23,1.2354,1.2243,1.2256
20/6/2008,1.2236,1.2304,1.2206,1.2298
23/6/2008,1.2253,1.2308,1.2229,1.2304
24/6/2008,1.2327,1.2341,1.2283,1.2313
25/6/2008,1.2282,1.2284,1.2145,1.2163
26/6/2008,1.2142,1.2193,1.2103,1.2181
27/6/2008,1.2245,1.2365,1.2217,1.2284
30/6/2008,1.2273,1.2286,1.2222,1.2264
1/7/2008,1.2233,1.2482,1.2226,1.2443
2/7/2008,1.2424,1.2439,1.2363,1.2383
3/7/2008,1.2432,1.2579,1.2425,1.249
4/7/2008,1.2387,1.2412,1.2347,1.2359
7/7/2008,1.2344,1.2357,1.2263,1.2269
8/7/2008,1.2336,1.2371,1.2263,1.2283
9/7/2008,1.226,1.2268,1.218,1.2215
10/7/2008,1.2255,1.2258,1.2158,1.2224
11/7/2008,1.2227,1.229,1.2187,1.2234
14/7/2008,1.2207,1.2212,1.2128,1.2175
15/7/2008,1.2205,1.2232,1.2167,1.2199
16/7/2008,1.218,1.2222,1.215,1.2158
17/7/2008,1.2091,1.2104,1.2013,1.2032
18/7/2008,1.1978,1.201,1.1872,1.1913
21/7/2008,1.189,1.1922,1.187,1.1908
22/7/2008,1.1935,1.2017,1.1917,1.1998
23/7/2008,1.1952,1.2036,1.1922,1.2036
24/7/2008,1.203,1.2068,1.2011,1.2058
25/7/2008,1.2089,1.2106,1.2035,1.2062
28/7/2008,1.2098,1.2111,1.2034,1.2039
29/7/2008,1.2057,1.2077,1.1991,1.2
30/7/2008,1.1928,1.1953,1.1834,1.1835
31/7/2008,1.1647,1.1685,1.1555,1.1639
1/8/2008,1.1611,1.1663,1.1533,1.1543
4/8/2008,1.1578,1.1592,1.1491,1.1535
5/8/2008,1.1533,1.1577,1.1499,1.1559
6/8/2008,1.1542,1.1679,1.1516,1.1634
7/8/2008,1.1637,1.1757,1.1619,1.1752
8/8/2008,1.1759,1.1968,1.1745,1.1887
11/8/2008,1.1885,1.1926,1.1803,1.1877
12/8/2008,1.1901,1.1919,1.1765,1.1804
13/8/2008,1.1814,1.1908,1.1768,1.1855
14/8/2008,1.185,1.1862,1.1783,1.1831
15/8/2008,1.1858,1.1889,1.1827,1.1873
18/8/2008,1.1837,1.19,1.18,1.1893
19/8/2008,1.1871,1.1983,1.1847,1.1907
20/8/2008,1.1896,1.1944,1.1884,1.193
21/8/2008,1.1908,1.1957,1.1869,1.1884
22/8/2008,1.1889,1.1899,1.1839,1.1861
25/8/2008,1.1908,1.1908,1.185,1.1879
26/8/2008,1.1888,1.1976,1.1881,1.1908
27/8/2008,1.1879,1.1924,1.1857,1.189
28/8/2008,1.1885,1.1904,1.1836,1.1853
29/8/2008,1.1863,1.1869,1.1805,1.1844
1/9/2008,1.1855,1.1876,1.1832,1.1861
2/9/2008,1.1863,1.1969,1.1855,1.1968
3/9/2008,1.1974,1.2184,1.1963,1.2137
4/9/2008,1.2156,1.2424,1.2113,1.2415
5/9/2008,1.241,1.2484,1.2334,1.2387
8/9/2008,1.2198,1.2343,1.2133,1.2265
9/9/2008,1.2319,1.2373,1.2183,1.2373
10/9/2008,1.2342,1.2454,1.229,1.2454
11/9/2008,1.2481,1.2711,1.2479,1.257
12/9/2008,1.2553,1.2566,1.2361,1.239
15/9/2008,1.255,1.2692,1.2507,1.2645
16/9/2008,1.2703,1.2905,1.2652,1.2655
17/9/2008,1.2619,1.295,1.2577,1.2883
18/9/2008,1.2875,1.2971,1.2696,1.2702
19/9/2008,1.2661,1.2673,1.2448,1.2458
22/9/2008,1.2485,1.25,1.2367,1.239
23/9/2008,1.245,1.2479,1.2365,1.2453
24/9/2008,1.245,1.247,1.2377,1.2445
25/9/2008,1.2418,1.2427,1.2292,1.2295
26/9/2008,1.2352,1.2431,1.2267,1.2284
29/9/2008,1.236,1.2822,1.2356,1.2767
30/9/2008,1.2742,1.2827,1.2592,1.2695
1/10/2008,1.2732,1.2795,1.2627,1.272
2/10/2008,1.275,1.3178,1.2744,1.3168
3/10/2008,1.3112,1.3167,1.2898,1.311
6/10/2008,1.3228,1.3886,1.3192,1.3746
7/10/2008,1.367,1.3905,1.3476,1.3873
8/10/2008,1.3905,1.4357,1.388,1.4015
9/10/2008,1.4045,1.4285,1.3702,1.4275
10/10/2008,1.4375,1.4482,1.4144,1.429
13/10/2008,1.4036,1.4145,1.3816,1.384
14/10/2008,1.3743,1.3897,1.3665,1.3839
15/10/2008,1.3862,1.4687,1.3785,1.467
16/10/2008,1.4915,1.5446,1.4682,1.5035
17/10/2008,1.4777,1.5385,1.4721,1.495
20/10/2008,1.496,1.5277,1.4809,1.5108
21/10/2008,1.5071,1.5981,1.5037,1.591
22/10/2008,1.61,1.7178,1.6087,1.7095
23/10/2008,1.7071,1.7402,1.6515,1.6548
24/10/2008,1.6805,1.7276,1.6736,1.6912
27/10/2008,1.7172,1.7206,1.6172,1.63
28/10/2008,1.626,1.6335,1.5308,1.535
29/10/2008,1.5431,1.5549,1.4981,1.5015
30/10/2008,1.4952,1.5567,1.468,1.5248
31/10/2008,1.5298,1.5887,1.5267,1.5423
3/11/2008,1.5239,1.5564,1.5055,1.5465
4/11/2008,1.5532,1.5563,1.4773,1.4847
5/11/2008,1.489,1.5327,1.4787,1.53
6/11/2008,1.5358,1.5699,1.5152,1.5682
7/11/2008,1.553,1.5566,1.5327,1.5467
10/11/2008,1.5329,1.5515,1.5161,1.5478
11/11/2008,1.5515,1.6187,1.5405,1.5955
12/11/2008,1.6,1.6655,1.5868,1.6525
13/11/2008,1.6675,1.6801,1.6185,1.631
14/11/2008,1.6295,1.6476,1.601,1.615
17/11/2008,1.6375,1.6438,1.5996,1.633
18/11/2008,1.6357,1.6752,1.633,1.6585
19/11/2008,1.6585,1.7395,1.6528,1.732
20/11/2008,1.7365,1.7488,1.6866,1.7271
21/11/2008,1.705,1.712,1.659,1.6603
24/11/2008,1.6415,1.6488,1.5815,1.5842
25/11/2008,1.5895,1.5906,1.5602,1.562
26/11/2008,1.5677,1.6055,1.5671,1.575
27/11/2008,1.5786,1.5812,1.565,1.5725
28/11/2008,1.57,1.5853,1.5596,1.563
1/12/2008,1.5624,1.6095,1.5605,1.598
2/12/2008,1.6081,1.6235,1.5755,1.577
3/12/2008,1.5847,1.5908,1.5615,1.5747
4/12/2008,1.5725,1.5817,1.5465,1.5628
5/12/2008,1.565,1.6152,1.5544,1.5984
8/12/2008,1.5935,1.5944,1.5567,1.5707
9/12/2008,1.5707,1.5905,1.555,1.5695
10/12/2008,1.5732,1.575,1.5505,1.555
11/12/2008,1.5562,1.5577,1.5192,1.5365
12/12/2008,1.5468,1.575,1.543,1.5573
15/12/2008,1.5532,1.5721,1.548,1.5635
16/12/2008,1.5605,1.5718,1.5422,1.5434
17/12/2008,1.537,1.5507,1.5265,1.527
18/12/2008,1.5265,1.5354,1.4904,1.509
19/12/2008,1.5102,1.5339,1.5053,1.5275
22/12/2008,1.5232,1.5333,1.5135,1.5325
23/12/2008,1.5312,1.5325,1.5153,1.5178
24/12/2008,1.52,1.5276,1.515,1.5203
25/12/2008,1.5242,1.5243,1.5073,1.5142
26/12/2008,1.5137,1.5167,1.4982,1.51
29/12/2008,1.5106,1.5193,1.5017,1.5184
30/12/2008,1.5182,1.5354,1.5132,1.521
31/12/2008,1.5222,1.5453,1.515,1.5405
1/1/2009,1.5405,1.5437,1.5345,1.538
2/1/2009,1.536,1.5436,1.5322,1.5355
5/1/2009,1.5312,1.5401,1.5188,1.5317
6/1/2009,1.5327,1.5335,1.5102,1.512
7/1/2009,1.514,1.56,1.5056,1.5544
8/1/2009,1.5512,1.5684,1.5425,1.56
9/1/2009,1.5557,1.5656,1.5383,1.5592
12/1/2009,1.5617,1.6045,1.5585,1.594
13/1/2009,1.5983,1.6095,1.5861,1.5931
14/1/2009,1.5888,1.6306,1.5797,1.6255
15/1/2009,1.625,1.6307,1.6072,1.6087
16/1/2009,1.601,1.6398,1.5946,1.63
19/1/2009,1.62,1.6523,1.6155,1.6457
20/1/2009,1.6515,1.6775,1.6478,1.672
21/1/2009,1.666,1.6715,1.6495,1.6511
22/1/2009,1.6465,1.6618,1.64,1.6522
23/1/2009,1.6572,1.6841,1.6545,1.668
26/1/2009,1.672,1.6765,1.6171,1.633
27/1/2009,1.6285,1.6454,1.6069,1.6285
28/1/2009,1.6216,1.6266,1.6121,1.617
29/1/2009,1.6187,1.6385,1.6125,1.6372
30/1/2009,1.6375,1.6527,1.622,1.6432
2/2/2009,1.6488,1.6675,1.6455,1.6491
3/2/2009,1.6445,1.6535,1.636,1.637
4/2/2009,1.6363,1.6465,1.6279,1.645
5/2/2009,1.6415,1.6465,1.6245,1.6265
6/2/2009,1.627,1.6364,1.6131,1.617
9/2/2009,1.6172,1.6235,1.606,1.6122
10/2/2009,1.619,1.6435,1.6142,1.6428
11/2/2009,1.6393,1.6438,1.6305,1.6365
12/2/2009,1.6385,1.6655,1.6315,1.647
13/2/2009,1.645,1.652,1.6406,1.6475
16/2/2009,1.652,1.6732,1.6493,1.6691
17/2/2009,1.6753,1.6984,1.6735,1.6974
18/2/2009,1.7015,1.7087,1.6844,1.698
19/2/2009,1.6956,1.6989,1.6743,1.6984
20/2/2009,1.7052,1.718,1.6915,1.7005
23/2/2009,1.6913,1.699,1.6775,1.697
24/2/2009,1.6925,1.703,1.682,1.683
25/2/2009,1.6838,1.6975,1.6798,1.69
26/2/2009,1.691,1.6955,1.6804,1.6915
27/2/2009,1.6922,1.7125,1.6884,1.7001
2/3/2009,1.722,1.7335,1.7155,1.7325
3/3/2009,1.7265,1.7412,1.7137,1.7341
4/3/2009,1.74,1.7416,1.7182,1.7199
5/3/2009,1.7225,1.79,1.7191,1.7882
6/3/2009,1.7788,1.795,1.7688,1.7902
9/3/2009,1.787,1.8243,1.783,1.808
10/3/2009,1.8027,1.8052,1.7554,1.7556
11/3/2009,1.7566,1.7666,1.7258,1.7425
12/3/2009,1.745,1.7668,1.686,1.6943
13/3/2009,1.6965,1.7157,1.6904,1.703
16/3/2009,1.7145,1.7145,1.683,1.696
17/3/2009,1.6962,1.7172,1.6912,1.6981
18/3/2009,1.6976,1.7241,1.6734,1.6862
19/3/2009,1.6791,1.7157,1.6786,1.7113
20/3/2009,1.7132,1.7218,1.6757,1.6906
23/3/2009,1.6857,1.6857,1.6562,1.662
24/3/2009,1.6591,1.6665,1.6465,1.6529
25/3/2009,1.658,1.6711,1.6505,1.6608
26/3/2009,1.656,1.6658,1.65,1.6543
27/3/2009,1.6555,1.6814,1.6544,1.671
30/3/2009,1.705,1.7097,1.6823,1.6855
31/3/2009,1.6942,1.696,1.6539,1.665
1/4/2009,1.6726,1.6738,1.6218,1.6221
2/4/2009,1.621,1.6296,1.5902,1.593
3/4/2009,1.6025,1.6072,1.5745,1.5798
6/4/2009,1.5778,1.5977,1.5592,1.588
7/4/2009,1.5878,1.6155,1.5862,1.6005
8/4/2009,1.6128,1.6228,1.5795,1.5817
9/4/2009,1.5751,1.582,1.564,1.5679
10/4/2009,1.5654,1.5771,1.564,1.5682
13/4/2009,1.5715,1.58,1.5698,1.5711
14/4/2009,1.5752,1.5963,1.5708,1.5956
15/4/2009,1.5935,1.6085,1.5875,1.5978
16/4/2009,1.601,1.6171,1.5942,1.602
17/4/2009,1.6076,1.6178,1.6024,1.6104
20/4/2009,1.614,1.6585,1.614,1.6545
21/4/2009,1.6488,1.672,1.6374,1.6391
22/4/2009,1.6461,1.6527,1.6315,1.6372
23/4/2009,1.6365,1.6489,1.6318,1.637
24/4/2009,1.635,1.6372,1.6048,1.6087
27/4/2009,1.6197,1.635,1.6181,1.63
28/4/2009,1.637,1.6422,1.6065,1.6065
29/4/2009,1.613100,1.628100,1.577300,1.592300
30/4/2009,1.589000,1.620000,1.559500,1.597500
1/5/2009,1.593800,1.595000,1.592000,1.593500
4/5/2009,1.585000,1.608000,1.554000,1.568200
5/5/2009,1.565200,1.587800,1.539000,1.562200
6/5/2009,1.572500,1.591300,1.547000,1.555700
7/5/2009,1.557200,1.577200,1.518000,1.556900
8/5/2009,1.553900,1.577400,1.531300,1.552200
11/5/2009,1.541500,1.578700,1.522500,1.562000
12/5/2009,1.562500,1.588900,1.540500,1.566500
13/5/2009,1.554300,1.589200,1.531500,1.574200
14/5/2009,1.578000,1.598000,1.551900,1.565500
15/5/2009,1.561000,1.588200,1.541500,1.566500
18/5/2009,1.572700,1.589500,1.534200,1.547700
19/5/2009,1.545500,1.562000,1.517200,1.535500
20/5/2009,1.534000,1.555500,1.507000,1.527100
21/5/2009,1.541200,1.544000,1.536000,1.536500
22/5/2009,1.530000,1.561700,1.512000,1.546700
25/5/2009,1.547500,1.564000,1.521500,1.539200
26/5/2009,1.541000,1.587000,1.523000,1.557000
27/5/2009,1.554500,1.587500,1.539500,1.558200
28/5/2009,1.565400,1.592000,1.541100,1.562500
29/5/2009,1.562000,1.579000,1.518000,1.541200
1/6/2009,1.521700,1.524500,1.519000,1.520000
2/6/2009,1.523000,1.557000,1.507500,1.525000
3/6/2009,1.521500,1.562700,1.503000,1.547700
4/6/2009,1.545600,1.561500,1.521000,1.540800
8/6/2009,1.535000,1.569300,1.535000,1.561500
9/6/2009,1.561700,1.562000,1.546900,1.547500
10/6/2009,1.545300,1.551000,1.535500,1.544500
11/6/2009,1.546200,1.549500,1.532000,1.533000
12/6/2009,1.532400,1.541500,1.528000,1.534500
15/6/2009,1.538000,1.552500,1.536700,1.549400
16/6/2009,1.549000,1.552700,1.539900,1.552000
17/6/2009,1.549900,1.568700,1.546500,1.563800
18/6/2009,1.559000,1.562900,1.550500,1.550500
19/6/2009,1.555500,1.561000,1.542700,1.542700
22/6/2009,1.552900,1.576400,1.549500,1.576400
23/6/2009,1.583700,1.588700,1.564300,1.571000
24/6/2009,1.565000,1.571000,1.548500,1.551400
25/6/2009,1.558000,1.566000,1.547500,1.549700
26/6/2009,1.545500,1.547500,1.533000,1.536500
29/6/2009,1.539000,1.556000,1.534000,1.540400
30/6/2009,1.539000,1.540900,1.526000,1.540900
1/7/2009,1.540600,1.542400,1.522500,1.524900
3/7/2009,1.538000,1.539900,1.530000,1.533600
7/7/2009,1.542500,1.548000,1.536000,1.545300
8/7/2009,1.552200,1.564400,1.548500,1.564400
9/7/2009,1.559000,1.559000,1.541000,1.545800
10/7/2009,1.545200,1.558500,1.545000,1.556900
13/7/2009,1.555000,1.562500,1.546900,1.546900
14/7/2009,1.543000,1.546000,1.538500,1.544100
15/7/2009,1.542000,1.543500,1.528000,1.528000
16/7/2009,1.529500,1.537500,1.522500,1.531200
20/7/2009,1.520700,1.522900,1.504500,1.507200
21/7/2009,1.508100,1.514500,1.495800,1.506000
22/7/2009,1.506500,1.511000,1.491000,1.492500
23/7/2009,1.486000,1.496000,1.478100,1.483100
27/7/2009,1.479700,1.484900,1.473000,1.481400
28/7/2009,1.476600,1.484000,1.467500,1.482500
29/7/2009,1.483000,1.499000,1.480500,1.497500
30/7/2009,1.492400,1.497000,1.475500,1.478000
31/7/2009,1.474000,1.483000,1.471000,1.473300
4/8/2009,1.456000,1.476500,1.454000,1.462400
5/8/2009,1.462600,1.473700,1.454000,1.470700
8/9/2009,1.487000,1.491500,1.476500,1.484600
11/9/2009,1.496500,1.501700,1.491000,1.494100
14/9/2009,1.500700,1.508000,1.494300,1.498500
1/10/2009,1.486500,1.502000,1.483500,1.499400
7/10/2009,1.469200,1.476200,1.463000,1.472600
9/10/2009,1.463000,1.471300,1.461000,1.464300
13/10/2009,1.471300,1.471300,1.453500,1.458900
16/10/2009,1.447400,1.466300,1.447400,1.460700
2/11/2009,1.504500,1.508900,1.494500,1.497300
5/11/2009,1.495500,1.496700,1.485500,1.489400
10/11/2009,1.475200,1.478300,1.472000,1.476700
11/11/2009,1.476700,1.476700,1.468000,1.475000
24/11/2009,1.498300,1.504500,1.494000,1.500200
25/11/2009,1.494500,1.499000,1.483800,1.490300
26/11/2009,1.489600,1.532900,1.489600,1.532900
2/12/2009,1.501700,1.505500,1.494000,1.497800
3/12/2009,1.497200,1.497200,1.480500,1.486500
4/12/2009,1.488900,1.492100,1.476000,1.492100
8/12/2009,1.490200,1.511000,1.490200,1.506700
9/12/2009,1.510200,1.514500,1.497300,1.504200
11/12/2009,1.494500,1.512700,1.492500,1.512700
18/12/2009,1.520500,1.527000,1.514000,1.523200
22/12/2009,1.526200,1.530000,1.522500,1.526000
1/1/2010,1.509500,1.509500,1.509500,1.509500
11/1/2010,1.456900,1.466800,1.448300,1.451300
19/1/2010,1.451200,1.467500,1.450000,1.458900
20/1/2010,1.462500,1.476400,1.458000,1.476400
2/2/2010,0.000000,0.000000,0.000000,0.000000
4/2/2010,1.493600,1.503500,1.492000,1.499500
15/2/2010,1.517000,1.520300,1.512800,1.516700
16/2/2010,1.512500,1.518700,1.506000,1.513000
22/2/2010,1.513000,1.531500,1.510500,1.529300
24/2/2010,1.550400,1.557400,1.540500,1.544000
25/2/2010,1.549900,1.564400,1.542500,1.563500
1/3/2010,1.544700,1.550100,1.537000,1.540000
5/3/2010,1.552000,1.552000,1.538300,1.539900
11/3/2010,1.535200,1.539000,1.532800,1.533200
18/3/2010,1.517400,1.538500,1.513000,1.529200
25/3/2010,1.545000,1.548300,1.534500,1.537000
21/4/2010,1.484800,1.487500,1.479000,1.482300
7/5/2010,1.583400,1.589700,1.556300,1.563000
10/5/2010,1.536500,1.536500,1.513000,1.521700
12/5/2010,1.539700,1.544200,1.520500,1.525000
