30/4/2007,6.7037,6.7402,6.6847,6.6977
1/5/2007,6.6961,6.7293,6.6801,6.7223
2/5/2007,6.72,6.7541,6.7032,6.7206
3/5/2007,6.7176,6.7705,6.706,6.7626
4/5/2007,6.761,6.7639,6.7281,6.7527
7/5/2007,6.7482,6.7501,6.725,6.7472
8/5/2007,6.7455,6.8048,6.7301,6.7878
9/5/2007,6.7861,6.8149,6.7787,6.8076
10/5/2007,6.8057,6.8647,6.7787,6.8489
11/5/2007,6.8464,6.8655,6.8198,6.828
14/5/2007,6.8324,6.8324,6.7967,6.7981
15/5/2007,6.7964,6.8039,6.7516,6.7679
16/5/2007,6.7638,6.8204,6.748,6.817
17/5/2007,6.8142,6.8435,6.7988,6.837
18/5/2007,6.8349,6.8485,6.8108,6.8167
21/5/2007,6.8299,6.8648,6.8118,6.8555
22/5/2007,6.8521,6.8619,6.8196,6.8343
23/5/2007,6.8318,6.8524,6.8071,6.8326
24/5/2007,6.8309,6.8655,6.8275,6.85
25/5/2007,6.8486,6.8573,6.8192,6.842
28/5/2007,6.849,6.8529,6.8314,6.8485
29/5/2007,6.8448,6.9007,6.8446,6.8982
30/5/2007,6.8964,6.943,6.889,6.936
31/5/2007,6.9331,6.9393,6.8972,6.9177
1/6/2007,6.916,6.9553,6.9078,6.9289
4/6/2007,6.9355,6.9472,6.9054,6.9114
5/6/2007,6.9098,6.9173,6.8796,6.8997
6/6/2007,6.8976,6.9277,6.883,6.9082
7/6/2007,6.9039,6.9472,6.8944,6.938
8/6/2007,6.9358,7.017,6.9358,6.982
11/6/2007,7.016,7.016,6.9793,6.9984
12/6/2007,6.9966,7.0781,6.987,7.0774
13/6/2007,7.0753,7.1123,7.0612,7.0617
14/6/2007,7.0599,7.0908,7.0567,7.0899
15/6/2007,7.0878,7.0919,7.0297,7.0364
18/6/2007,7.0313,7.0507,7.0229,7.0247
19/6/2007,7.023,7.037,7.0101,7.012
20/6/2007,7.0104,7.0238,6.8933,6.9085
21/6/2007,6.9105,6.9276,6.8873,6.8912
22/6/2007,6.8887,6.8975,6.8534,6.8635
25/6/2007,6.8216,6.8857,6.8216,6.8801
26/6/2007,6.8781,6.9036,6.8686,6.8964
27/6/2007,6.8941,6.9315,6.8764,6.8769
28/6/2007,6.8751,6.8824,6.8451,6.8607
29/6/2007,6.8586,6.8807,6.8334,6.8337
2/7/2007,6.828,6.8491,6.7845,6.7922
3/7/2007,6.7886,6.7976,6.7576,6.7652
4/7/2007,6.7626,6.7795,6.7204,6.7287
5/7/2007,6.7263,6.743,6.7018,6.7316
6/7/2007,6.73,6.7501,6.7135,6.7281
9/7/2007,6.7198,6.752,6.7198,6.7467
10/7/2007,6.7445,6.7622,6.6751,6.6754
11/7/2007,6.674,6.6847,6.6483,6.6676
12/7/2007,6.6641,6.6708,6.6269,6.6399
13/7/2007,6.6384,6.6531,6.6277,6.6442
16/7/2007,6.631,6.6604,6.6278,6.6506
17/7/2007,6.6482,6.6583,6.6307,6.6489
18/7/2007,6.6469,6.6714,6.6294,6.6549
19/7/2007,6.6516,6.6582,6.6326,6.6447
20/7/2007,6.643,6.6552,6.6233,6.6331
23/7/2007,6.6213,6.6595,6.6213,6.6522
24/7/2007,6.6505,6.6727,6.6245,6.6615
25/7/2007,6.6597,6.7349,6.6579,6.7159
26/7/2007,6.7097,6.7481,6.707,6.7372
27/7/2007,6.7355,6.7778,6.7212,6.7462
30/7/2007,6.7423,6.7755,6.7112,6.7134
31/7/2007,6.7082,6.7414,6.6944,6.7323
1/8/2007,6.7348,6.7973,6.7302,6.7628
2/8/2007,6.7611,6.7709,6.7191,6.7222
3/8/2007,6.7202,6.7384,6.6899,6.7243
6/8/2007,6.7055,6.7229,6.6667,6.6848
7/8/2007,6.6816,6.7346,6.6661,6.725
8/8/2007,6.723,6.7399,6.6808,6.6975
9/8/2007,6.6958,6.794,6.6831,6.7799
10/8/2007,6.7763,6.8102,6.7652,6.7737
13/8/2007,6.7506,6.8551,6.7506,6.8498
14/8/2007,6.8457,6.9033,6.8412,6.9029
15/8/2007,6.901,6.9785,6.8969,6.9773
16/8/2007,6.9749,7.0318,6.9733,6.9779
17/8/2007,6.9749,7.0483,6.8751,6.9316
20/8/2007,6.8914,6.9507,6.8901,6.945
21/8/2007,6.9425,6.979,6.9258,6.9723
22/8/2007,6.9701,6.9779,6.9185,6.9223
23/8/2007,6.9197,6.9271,6.8891,6.9093
24/8/2007,6.9075,6.9325,6.8379,6.8432
27/8/2007,6.8608,6.8794,6.8274,6.873
28/8/2007,6.8755,6.9048,6.8516,6.9032
29/8/2007,6.9,6.9374,6.8465,6.8474
30/8/2007,6.8444,6.9018,6.8437,6.8878
31/8/2007,6.8848,6.899,6.8252,6.8947
3/9/2007,6.8623,6.9066,6.8623,6.8969
4/9/2007,6.894,6.9395,6.889,6.9059
5/9/2007,6.9042,6.9252,6.8669,6.8802
6/9/2007,6.8772,6.8852,6.8091,6.8247
7/9/2007,6.8229,6.8382,6.7789,6.7973
10/9/2007,6.8081,6.824,6.7731,6.7756
11/9/2007,6.7737,6.8031,6.7371,6.7402
12/9/2007,6.7383,6.7504,6.664,6.6694
13/9/2007,6.6676,6.692,6.66,6.6672
14/9/2007,6.665,6.6987,6.665,6.6788
17/9/2007,6.6671,6.706,6.6671,6.6976
18/9/2007,6.6942,6.7251,6.6185,6.6216
19/9/2007,6.6185,6.6441,6.599,6.6029
20/9/2007,6.6013,6.605,6.5362,6.5487
21/9/2007,6.5455,6.559,6.5162,6.5207
24/9/2007,6.5203,6.5303,6.4974,6.5155
25/9/2007,6.5135,6.5417,6.5018,6.5052
26/9/2007,6.5035,6.5463,6.4942,6.5395
27/9/2007,6.5371,6.5624,6.4965,6.5147
28/9/2007,6.512,6.5194,6.434,6.4381
1/10/2007,6.4283,6.4702,6.4283,6.4491
2/10/2007,6.4449,6.5229,6.4449,6.5191
3/10/2007,6.5182,6.5258,6.4782,6.5258
4/10/2007,6.5196,6.5413,6.4962,6.5059
5/10/2007,6.5046,6.5415,6.4621,6.4744
8/10/2007,6.4604,6.5288,6.4596,6.5263
9/10/2007,6.5247,6.5439,6.4879,6.4927
10/10/2007,6.4911,6.5011,6.4467,6.4598
11/10/2007,6.458,6.4649,6.3977,6.4268
12/10/2007,6.4248,6.4375,6.4115,6.4202
15/10/2007,6.4197,6.4333,6.3844,6.4263
16/10/2007,6.4245,6.4756,6.4163,6.4541
17/10/2007,6.4521,6.4693,6.4269,6.4416
18/10/2007,6.4389,6.4484,6.3964,6.4143
19/10/2007,6.4125,6.4415,6.4047,6.415
22/10/2007,6.4138,6.5244,6.394,6.4887
23/10/2007,6.4868,6.4973,6.4354,6.4418
24/10/2007,6.4472,6.4971,6.4334,6.4642
25/10/2007,6.4631,6.472,6.4201,6.4325
26/10/2007,6.4272,6.4345,6.3791,6.3811
29/10/2007,6.3733,6.3977,6.3566,6.386
30/10/2007,6.3833,6.4115,6.3563,6.3736
31/10/2007,6.372,6.3922,6.3474,6.3509
1/11/2007,6.3488,6.4282,6.3464,6.4266
2/11/2007,6.4248,6.4403,6.371,6.3814
5/11/2007,6.3809,6.4186,6.3698,6.414
6/11/2007,6.4121,6.4155,6.3458,6.3496
7/11/2007,6.3512,6.3512,6.2695,6.3214
8/11/2007,6.319,6.3362,6.2908,6.3035
9/11/2007,6.3015,6.3465,6.2758,6.3132
12/11/2007,6.3209,6.4155,6.3141,6.3879
13/11/2007,6.3906,6.3995,6.3292,6.3314
14/11/2007,6.3296,6.3353,6.2623,6.2987
15/11/2007,6.295,6.348,6.2642,6.3461
16/11/2007,6.3439,6.3709,6.3067,6.3112
19/11/2007,6.314,6.3491,6.2998,6.3263
20/11/2007,6.3245,6.3466,6.2598,6.2653
21/11/2007,6.2635,6.3194,6.2594,6.2713
22/11/2007,6.2692,6.3025,6.2668,6.275
23/11/2007,6.2715,6.3093,6.23,6.2581
26/11/2007,6.2609,6.2752,6.2282,6.2333
27/11/2007,6.2311,6.3006,6.2171,6.2785
28/11/2007,6.275,6.3628,6.2745,6.3081
29/11/2007,6.306,6.3723,6.2955,6.3691
30/11/2007,6.3675,6.3987,6.3347,6.3981
3/12/2007,6.3765,6.4114,6.3534,6.4101
4/12/2007,6.4101,6.4424,6.3435,6.3497
5/12/2007,6.3497,6.4375,6.3457,6.4316
6/12/2007,6.4316,6.4688,6.4047,6.4056
7/12/2007,6.4059,6.4361,6.3961,6.4121
10/12/2007,6.4091,6.4428,6.3859,6.4078
11/12/2007,6.4078,6.4638,6.3695,6.4584
12/12/2007,6.4584,6.4608,6.3915,6.4147
13/12/2007,6.4147,6.4817,6.4066,6.438
14/12/2007,6.438,6.534,6.4352,6.5144
17/12/2007,6.5129,6.5813,6.5082,6.5634
18/12/2007,6.5632,6.5847,6.5384,6.5521
19/12/2007,6.5521,6.6185,6.5493,6.5747
20/12/2007,6.5747,6.614,6.5679,6.5961
21/12/2007,6.5961,6.6074,6.5497,6.5817
24/12/2007,6.583,6.6108,6.5646,6.5877
25/12/2007,6.5879,6.6001,6.547,6.5888
26/12/2007,6.5886,6.5946,6.5098,6.5212
27/12/2007,6.5212,6.5373,6.4676,6.475
28/12/2007,6.475,6.4922,6.3982,6.4005
31/12/2007,6.3996,6.4792,6.386,6.4703
1/1/2008,6.4703,6.4729,6.4487,6.4643
2/1/2008,6.4643,6.4657,6.394,6.4023
3/1/2008,6.4023,6.4114,6.3402,6.3402
4/1/2008,6.3402,6.3803,6.3106,6.3609
7/1/2008,6.3602,6.3981,6.3478,6.3822
8/1/2008,6.3822,6.3973,6.3601,6.3949
9/1/2008,6.3949,6.4358,6.384,6.421
10/1/2008,6.4211,6.4284,6.324,6.3326
11/1/2008,6.3326,6.3677,6.3201,6.3561
14/1/2008,6.3547,6.366,6.2987,6.3063
15/1/2008,6.3063,6.3705,6.2949,6.3677
16/1/2008,6.3678,6.4658,6.3419,6.4308
17/1/2008,6.4308,6.4592,6.3982,6.4412
18/1/2008,6.4414,6.46,6.4175,6.4424
21/1/2008,6.4495,6.5737,6.4482,6.5601
22/1/2008,6.5601,6.6481,6.4713,6.4771
23/1/2008,6.4771,6.5675,6.4527,6.4845
24/1/2008,6.4845,6.512,6.4029,6.4149
25/1/2008,6.4149,6.4713,6.3899,6.4664
28/1/2008,6.4593,6.4848,6.3919,6.3976
29/1/2008,6.3976,6.4163,6.3876,6.3939
30/1/2008,6.3939,6.4075,6.3111,6.3419
31/1/2008,6.3419,6.4005,6.3224,6.3699
1/2/2008,6.3699,6.3902,6.3257,6.3688
4/2/2008,6.3774,6.3774,6.3241,6.339
5/2/2008,6.339,6.4589,6.3291,6.4526
6/2/2008,6.4526,6.4874,6.4198,6.4357
7/2/2008,6.4357,6.5325,6.4295,6.5111
8/2/2008,6.5111,6.5301,6.473,6.4962
11/2/2008,6.4891,6.5161,6.4587,6.4848
12/2/2008,6.4847,6.4988,6.4281,6.4478
13/2/2008,6.4478,6.4807,6.4004,6.4096
14/2/2008,6.4097,6.4179,6.367,6.3754
15/2/2008,6.3754,6.3788,6.3286,6.3329
18/2/2008,6.3383,6.3646,6.3225,6.354
19/2/2008,6.354,6.361,6.3075,6.324
20/2/2008,6.324,6.3706,6.3207,6.3251
21/2/2008,6.325,6.3321,6.2728,6.2815
22/2/2008,6.2815,6.2975,6.2599,6.2742
25/2/2008,6.28,6.294,6.2696,6.2776
26/2/2008,6.2776,6.2972,6.2081,6.2138
27/2/2008,6.2138,6.2198,6.1637,6.1919
28/2/2008,6.1919,6.2167,6.1461,6.1655
29/2/2008,6.1655,6.1984,6.147,6.1677
3/3/2008,6.1608,6.1848,6.1312,6.1503
4/3/2008,6.1503,6.1721,6.1425,6.1463
5/3/2008,6.1463,6.18,6.1183,6.1238
6/3/2008,6.1238,6.1309,6.0911,6.1083
7/3/2008,6.1083,6.1393,6.0741,6.1255
10/3/2008,6.1258,6.1362,6.1026,6.1278
11/3/2008,6.1276,6.1444,6.0657,6.1204
12/3/2008,6.1204,6.1311,6.0581,6.0641
13/3/2008,6.0641,6.0769,6.0267,6.0281
14/3/2008,6.0281,6.083,6.0254,6.0335
17/3/2008,6.035,6.0427,5.9481,6.02
18/3/2008,6.0198,6.0384,5.9715,6.0319
19/3/2008,6.0319,6.0345,5.9791,6.0152
20/3/2008,6.0152,6.1226,6.0046,6.1028
21/3/2008,6.1028,6.1121,6.087,6.1042
24/3/2008,6.1056,6.1392,6.0983,6.1157
25/3/2008,6.1157,6.1272,6.011,6.0143
26/3/2008,6.0143,6.0386,5.9387,5.9489
27/3/2008,5.9489,5.9834,5.9383,5.9561
28/3/2008,5.9562,5.9673,5.9232,5.953
31/3/2008,5.9467,5.9611,5.9113,5.942
1/4/2008,5.942,6.0441,5.9396,6.0196
2/4/2008,6.0196,6.0477,5.962,5.9706
3/4/2008,5.9706,6.0241,5.9583,5.9711
4/4/2008,5.9711,5.9817,5.9398,5.9547
7/4/2008,5.9591,5.9961,5.9475,5.9624
8/4/2008,5.9624,5.9721,5.9303,5.9628
9/4/2008,5.9628,5.9751,5.9106,5.9304
10/4/2008,5.9304,5.9727,5.9011,5.9667
11/4/2008,5.9663,5.9678,5.9203,5.9623
14/4/2008,6.0114,6.0182,5.9162,5.9377
15/4/2008,5.9378,5.974,5.9309,5.9543
16/4/2008,5.9547,5.966,5.8777,5.8878
17/4/2008,5.8878,5.9352,5.8765,5.9224
18/4/2008,5.9224,5.9855,5.8972,5.95
21/4/2008,5.951,5.9571,5.8811,5.8923
22/4/2008,5.8923,5.9168,5.8361,5.8405
23/4/2008,5.8405,5.8879,5.8218,5.8727
24/4/2008,5.8727,5.964,5.8701,5.9449
25/4/2008,5.945,6.0041,5.9323,5.9826
28/4/2008,5.9888,5.9974,5.9635,5.9789
29/4/2008,5.9791,6.0243,5.9719,6.0109
30/4/2008,6.011,6.0317,5.9675,5.985
1/5/2008,5.984,6.0618,5.9713,6.0433
2/5/2008,6.0442,6.0852,6.0286,6.0693
5/5/2008,6.0678,6.0678,6.0283,6.0446
6/5/2008,6.0443,6.0532,5.9875,6.0095
7/5/2008,6.0097,6.0643,5.9989,6.0583
8/5/2008,6.0583,6.1008,6.0262,6.0365
9/5/2008,6.0365,6.0405,5.9879,5.9887
12/5/2008,5.9958,6.0361,5.9629,5.9691
13/5/2008,5.9692,6.0204,5.9623,6.0074
14/5/2008,6.0071,6.0452,6.0023,6.0191
15/5/2008,6.0193,6.057,5.9915,6.0337
16/5/2008,6.0337,6.0454,5.9671,5.981
19/5/2008,5.9781,5.9983,5.9486,5.9909
20/5/2008,5.991,5.993,5.913,5.9421
21/5/2008,5.9423,5.9501,5.8962,5.8972
22/5/2008,5.8973,5.94,5.8944,5.9153
23/5/2008,5.9156,5.9341,5.8892,5.9033
26/5/2008,5.9023,5.9144,5.8901,5.9085
27/5/2008,5.9085,5.934,5.8841,5.9309
28/5/2008,5.9311,5.9883,5.9046,5.978
29/5/2008,5.9776,6.0192,5.9657,6.0074
30/5/2008,6.0076,6.0471,5.9928,6.0034
2/6/2008,5.9975,6.0477,5.9929,6.0388
3/6/2008,6.0388,6.0623,5.9784,6.0424
4/6/2008,6.0427,6.0599,6.0295,6.042
5/6/2008,6.0417,6.0653,5.9727,5.9782
6/6/2008,5.9782,5.9882,5.9076,5.9132
9/6/2008,5.9098,5.9832,5.8942,5.9712
10/6/2008,5.9716,6.0667,5.9637,6.0594
11/6/2008,6.0595,6.0682,6.0115,6.0303
12/6/2008,6.0302,6.0994,6.0264,6.0766
13/6/2008,6.0768,6.1255,6.0617,6.087
16/6/2008,6.0844,6.1033,6.0236,6.029
17/6/2008,6.0288,6.0498,6.0037,6.0466
18/6/2008,6.047,6.069,6.0346,6.0441
19/6/2008,6.0439,6.0797,6.0239,6.0576
20/6/2008,6.057,6.0637,6.0049,6.032
23/6/2008,6.0271,6.0797,6.0174,6.0574
24/6/2008,6.0576,6.0653,6.0178,6.0496
25/6/2008,6.0496,6.063,5.9964,6.0025
26/6/2008,6.0027,6.0189,5.9678,5.9717
27/6/2008,5.9721,5.9908,5.9612,5.9736
30/6/2008,5.9741,6.0304,5.9586,6.0131
1/7/2008,6.0129,6.0265,5.9728,5.9801
2/7/2008,5.9804,5.9954,5.9583,5.9718
3/7/2008,5.9719,6.0058,5.9429,5.9945
4/7/2008,5.9942,6.0087,5.9717,5.9762
7/7/2008,5.9818,6.0234,5.9687,5.982
8/7/2008,5.9818,6.0361,5.9809,6.0094
9/7/2008,6.0092,6.0405,5.9928,6.0069
10/7/2008,6.0076,6.0196,5.9886,5.9926
11/7/2008,5.9926,6.0078,5.9356,5.9475
14/7/2008,5.9414,5.9815,5.9308,5.9689
15/7/2008,5.9689,5.9772,5.9183,5.9601
16/7/2008,5.9603,6.0223,5.9529,6.0086
17/7/2008,6.0085,6.0201,5.9579,5.9637
18/7/2008,5.9641,5.9911,5.9552,5.9601
21/7/2008,5.9636,5.972,5.9303,5.9361
22/7/2008,5.9363,6.0134,5.9279,5.9925
23/7/2008,5.9926,6.0419,5.9837,6.0275
24/7/2008,6.0277,6.0572,6.0222,6.0411
25/7/2008,6.0415,6.0469,6.004,6.0304
28/7/2008,6.0286,6.0355,5.9939,6.0111
29/7/2008,6.012,6.0906,5.9942,6.0723
30/7/2008,6.0725,6.0851,6.0534,6.0599
31/7/2008,6.0599,6.0679,6.0277,6.0511
1/8/2008,6.0513,6.0978,6.042,6.0861
4/8/2008,6.0858,6.0894,6.0439,6.074
5/8/2008,6.0737,6.1244,6.0703,6.1176
6/8/2008,6.1177,6.1219,6.0819,6.1136
7/8/2008,6.1137,6.1319,6.0698,6.1232
8/8/2008,6.1234,6.2666,6.1207,6.2648
11/8/2008,6.2617,6.3127,6.2214,6.2984
12/8/2008,6.2987,6.3396,6.2786,6.2922
13/8/2008,6.2923,6.3118,6.2653,6.2838
14/8/2008,6.2837,6.3395,6.267,6.3166
15/8/2008,6.3167,6.3826,6.3161,6.3707
18/8/2008,6.3696,6.3867,6.3302,6.3732
19/8/2008,6.3731,6.3999,6.3546,6.3654
20/8/2008,6.3654,6.3997,6.3534,6.366
21/8/2008,6.3663,6.3722,6.2786,6.2803
22/8/2008,6.2803,6.3413,6.2762,6.3246
25/8/2008,6.3311,6.3639,6.317,6.3501
26/8/2008,6.3501,6.4326,6.3454,6.4003
27/8/2008,6.4005,6.4163,6.3534,6.3814
28/8/2008,6.3817,6.4241,6.3509,6.4068
29/8/2008,6.4068,6.4612,6.3866,6.451
1/9/2008,6.449,6.485,6.4214,6.4703
2/9/2008,6.4705,6.54,6.4699,6.5087
3/9/2008,6.5087,6.5866,6.5043,6.5384
4/9/2008,6.5383,6.6214,6.5019,6.6201
5/9/2008,6.62,6.6805,6.603,6.6353
8/9/2008,6.6412,6.7403,6.5441,6.6905
9/9/2008,6.6906,6.7576,6.6641,6.7425
10/9/2008,6.7426,6.7952,6.7148,6.7904
11/9/2008,6.7906,6.8664,6.7896,6.8063
12/9/2008,6.8064,6.8162,6.6867,6.6974
15/9/2008,6.6786,6.7928,6.5744,6.7593
16/9/2008,6.7596,6.8377,6.7297,6.8144
17/9/2008,6.8152,6.845,6.6838,6.7167
18/9/2008,6.7165,6.753,6.6176,6.683
19/9/2008,6.6827,6.7682,6.5899,6.6068
22/9/2008,6.5917,6.6254,6.4473,6.4954
23/9/2008,6.4949,6.5855,6.4634,6.5745
24/9/2008,6.5755,6.62,6.5366,6.6134
25/9/2008,6.6135,6.6288,6.5441,6.6027
26/9/2008,6.6031,6.6573,6.5691,6.6268
29/9/2008,6.6467,6.7918,6.6154,6.7843
30/9/2008,6.7845,6.9906,6.7633,6.9181
1/10/2008,6.9179,6.966,6.8592,6.9573
2/10/2008,6.9574,7.0639,6.9383,7.0223
3/10/2008,7.0224,7.0784,6.9831,7.0605
6/10/2008,7.0905,7.2607,7.0799,7.2076
7/10/2008,7.2076,7.2274,7.0069,7.1369
8/10/2008,7.1369,7.1816,7.0244,7.0868
9/10/2008,7.0858,7.1309,7.0076,7.1231
10/10/2008,7.1232,7.3045,7.0649,7.2108
13/10/2008,7.1491,7.2043,7.0314,7.1407
14/10/2008,7.1398,7.2001,7.0307,7.198
15/10/2008,7.198,7.4694,7.1671,7.4525
16/10/2008,7.452,7.6141,7.3601,7.4369
17/10/2008,7.4369,7.5333,7.3632,7.4181
20/10/2008,7.415,7.5057,7.2724,7.454
21/10/2008,7.4542,7.7831,7.441,7.7755
22/10/2008,7.7751,7.9572,7.7427,7.8348
23/10/2008,7.8353,7.9452,7.6567,7.6623
24/10/2008,7.6619,8.0323,7.6285,7.9353
27/10/2008,7.9598,8.1777,7.8614,8.0037
28/10/2008,8.0036,8.082,7.7959,7.8354
29/10/2008,7.8352,7.8375,7.5862,7.5996
30/10/2008,7.5997,7.7365,7.3805,7.6028
31/10/2008,7.6026,7.8177,7.5963,7.7713
3/11/2008,7.7463,7.8336,7.6365,7.7908
4/11/2008,7.7908,7.8691,7.5784,7.6151
5/11/2008,7.6151,7.7846,7.5863,7.7845
6/11/2008,7.7845,7.9428,7.7464,7.9208
7/11/2008,7.9208,7.9496,7.781,7.9187
10/11/2008,7.8726,7.8766,7.7081,7.8503
11/11/2008,7.8503,8.0905,7.7919,8.0763
12/11/2008,8.0763,8.136,7.955,8.0851
13/11/2008,8.0851,8.1929,7.7946,7.8414
14/11/2008,7.8414,7.9805,7.7852,7.9671
17/11/2008,7.986,8.0499,7.8691,8.0167
18/11/2008,8.0168,8.1059,7.9833,8.0344
19/11/2008,8.0346,8.2049,7.9191,8.2029
20/11/2008,8.2029,8.3501,8.1276,8.3337
21/11/2008,8.334,8.5286,8.1321,8.3691
24/11/2008,8.3691,8.4264,7.934,7.9626
25/11/2008,7.9629,8.0866,7.8191,7.8916
26/11/2008,7.8916,8.0945,7.8774,8.0224
27/11/2008,8.0224,8.0303,7.9216,7.9499
28/11/2008,7.9603,8.1696,7.9439,8.1019
1/12/2008,8.1084,8.3515,8.0784,8.3224
2/12/2008,8.3218,8.4132,8.146,8.2076
3/12/2008,8.2076,8.3347,8.1778,8.1908
4/12/2008,8.1931,8.3987,8.1714,8.2641
5/12/2008,8.2644,8.5181,8.2406,8.331
8/12/2008,8.3445,8.3488,8.0206,8.0466
9/12/2008,8.0457,8.219,8.0433,8.1903
10/12/2008,8.1906,8.2112,8.0767,8.1474
11/12/2008,8.1411,8.1619,7.9078,7.9406
12/12/2008,7.9416,8.1076,7.9157,8.0492
15/12/2008,8.0241,8.0802,7.9213,8.0295
16/12/2008,8.0295,8.1503,7.9116,7.9507
17/12/2008,7.9543,7.9729,7.6007,7.6098
18/12/2008,7.6069,7.7563,7.501,7.7352
19/12/2008,7.736,7.8937,7.6421,7.7932
22/12/2008,7.7964,7.9232,7.715,7.9064
23/12/2008,7.9064,8.0714,7.8124,8.0178
24/12/2008,8.0178,8.1633,7.9403,7.9931
25/12/2008,7.9895,8.017,7.7975,7.8983
26/12/2008,7.9496,8.0709,7.9301,7.9866
29/12/2008,7.9313,7.9313,7.6485,7.8937
30/12/2008,7.8937,7.9008,7.6873,7.7664
31/12/2008,7.7668,7.9296,7.7127,7.8347
1/1/2009,7.7751,7.7999,7.7673,7.7786
2/1/2009,7.7786,7.8741,7.6935,7.6974
5/1/2009,7.7213,7.9394,7.6755,7.8574
6/1/2009,7.8575,7.9915,7.8369,7.8415
7/1/2009,7.8418,7.9005,7.7281,7.8294
8/1/2009,7.8291,7.9389,7.7604,7.7782
9/1/2009,7.7782,7.9654,7.765,7.9232
12/1/2009,7.9392,8.0962,7.925,8.0497
13/1/2009,8.0497,8.3223,8.0418,8.2919
14/1/2009,8.292,8.4474,8.1441,8.3868
15/1/2009,8.386,8.5152,8.2387,8.2586
16/1/2009,8.2586,8.2724,8.0837,8.1628
19/1/2009,8.1192,8.317,8.0374,8.3156
20/1/2009,8.3151,8.4663,8.2917,8.4354
21/1/2009,8.4321,8.4717,8.1455,8.1866
22/1/2009,8.1866,8.3076,8.0892,8.2458
23/1/2009,8.2453,8.4215,8.1283,8.1786
26/1/2009,8.1669,8.2616,7.958,7.9957
27/1/2009,7.9957,8.1329,7.8289,8.0849
28/1/2009,8.0849,8.0877,7.9198,8.0184
29/1/2009,8.0184,8.1837,7.9906,8.1776
30/1/2009,8.1776,8.3911,8.1735,8.3381
2/2/2009,8.3649,8.4232,8.2842,8.3603
3/2/2009,8.3598,8.4055,8.1986,8.2056
4/2/2009,8.2061,8.3559,8.1774,8.3018
5/2/2009,8.3018,8.3352,8.2341,8.295
6/2/2009,8.299,8.3008,8.0653,8.0956
9/2/2009,8.0976,8.1786,7.9694,8.0511
10/2/2009,8.0511,8.2929,8.0406,8.2493
11/2/2009,8.2493,8.4168,8.2211,8.336
12/2/2009,8.336,8.5035,8.3243,8.3802
13/2/2009,8.3802,8.4102,8.3157,8.3947
16/2/2009,8.4062,8.5904,8.4026,8.545
17/2/2009,8.545,8.8569,8.5281,8.8538
18/2/2009,8.8539,8.8849,8.7166,8.7765
19/2/2009,8.7765,8.7943,8.5457,8.7208
20/2/2009,8.7211,8.877,8.673,8.7415
23/2/2009,8.7479,8.88,8.577,8.8706
24/2/2009,8.8702,8.9952,8.7893,8.8078
25/2/2009,8.8078,8.9734,8.7249,8.9559
26/2/2009,8.9561,9.0031,8.8277,8.9856
27/2/2009,8.9858,9.1003,8.9562,9.0151
2/3/2009,9.0481,9.2444,9.0452,9.2352
3/3/2009,9.2352,9.2965,9.0582,9.2516
4/3/2009,9.2516,9.3205,9.0112,9.0117
5/3/2009,9.0117,9.3309,9.0042,9.3172
6/3/2009,9.3172,9.3279,9.1185,9.1996
9/3/2009,9.2026,9.215,9.0802,9.2059
10/3/2009,9.2059,9.2396,8.8482,8.8841
11/3/2009,8.8841,8.9521,8.7271,8.7451
12/3/2009,8.7449,8.8837,8.5863,8.6103
13/3/2009,8.6104,8.6609,8.5246,8.6241
16/3/2009,8.6256,8.6977,8.4096,8.5374
17/3/2009,8.5374,8.5549,8.4226,8.4393
18/3/2009,8.4389,8.448,8.0496,8.0721
19/3/2009,8.0723,8.1366,7.9291,7.97
20/3/2009,7.9701,8.2316,7.9557,8.1616
23/3/2009,8.1152,8.1863,7.9591,7.9733
24/3/2009,7.9728,8.1637,7.9219,8.1273
25/3/2009,8.1273,8.1995,7.9804,8.0877
26/3/2009,8.0869,8.0982,7.981,8.023
27/3/2009,8.023,8.2235,7.9268,8.205
30/3/2009,8.2598,8.3901,8.2184,8.3137
31/3/2009,8.3135,8.3442,8.2009,8.2474
1/4/2009,8.2473,8.3115,8.1786,8.1793
2/4/2009,8.1793,8.1919,7.9871,8.0246
3/4/2009,8.0243,8.1009,7.9444,7.9551
6/4/2009,7.9566,8.0605,7.8659,8.0275
7/4/2009,8.0275,8.237,8.024,8.1847
8/4/2009,8.1851,8.3192,8.1772,8.2453
9/4/2009,8.2451,8.3418,8.1617,8.2657
10/4/2009,8.2697,8.3184,8.2412,8.2447
13/4/2009,8.2576,8.2889,8.1339,8.1665
14/4/2009,8.1665,8.2161,8.1365,8.1782
15/4/2009,8.1782,8.327,8.1516,8.2522
16/4/2009,8.2521,8.3592,8.2188,8.3053
17/4/2009,8.3059,8.4805,8.2857,8.4513
20/4/2009,8.4269,8.7089,8.4256,8.6958
21/4/2009,8.6961,8.7407,8.5145,8.543
22/4/2009,8.5427,8.594,8.3809,8.4318
23/4/2009,8.4327,8.4719,8.2626,8.271
24/4/2009,8.2702,8.281,8.0681,8.117
27/4/2009,8.1137,8.2425,8.0914,8.173
28/4/2009,8.1728,8.2799,8.1426,8.1529
29/4/2009,8.155800,8.180000,7.991400,8.062200
30/4/2009,8.068400,8.093000,7.951000,8.047800
1/5/2009,8.065100,8.093600,7.971900,8.030500
4/5/2009,8.016500,8.089200,7.870000,7.890500
5/5/2009,7.881100,7.988900,7.863600,7.944000
6/5/2009,7.967500,8.042700,7.846000,7.905100
7/5/2009,7.917200,7.972600,7.756000,7.889700
8/5/2009,7.873400,7.914500,7.637200,7.646200
11/5/2009,7.655300,7.836400,7.633100,7.827800
12/5/2009,7.827100,7.879500,7.736000,7.789100
13/5/2009,7.793800,7.942200,7.714000,7.910900
14/5/2009,7.925000,7.989900,7.811500,7.843000
15/5/2009,7.850600,7.938200,7.789000,7.912200
18/5/2009,7.922400,7.983800,7.700200,7.708300
19/5/2009,7.707300,7.749700,7.628000,7.669100
20/5/2009,7.673700,7.731700,7.530700,7.605800
21/5/2009,7.603800,7.654100,7.485100,7.519600
22/5/2009,7.501600,7.574000,7.435500,7.456700
25/5/2009,7.454700,7.525600,7.434800,7.487600
26/5/2009,7.478900,7.641300,7.467800,7.557100
27/5/2009,7.547800,7.721300,7.527800,7.706100
28/5/2009,7.726900,7.839300,7.667100,7.683600
29/5/2009,7.684200,7.700700,7.538700,7.548700
1/6/2009,7.593500,7.605300,7.347700,7.409400
2/6/2009,7.414500,7.559200,7.404000,7.491500
3/6/2009,7.492900,7.743400,7.440300,7.701600
4/6/2009,7.711600,7.739500,7.573900,7.627500
5/6/2009,7.644000,7.830900,7.619400,7.800900
8/6/2009,7.843500,7.846300,7.837800,7.840100
9/6/2009,7.843500,7.891600,7.660200,7.679500
10/6/2009,7.674400,7.754900,7.585700,7.702900
11/6/2009,7.727800,7.754200,7.582300,7.615200
12/6/2009,7.628200,7.721700,7.580400,7.682200
15/6/2009,7.695300,7.917500,7.687600,7.850000
16/6/2009,7.860300,7.889000,7.779200,7.831300
17/6/2009,7.841500,7.950500,7.763400,7.846300
18/6/2009,7.846400,7.929200,7.828800,7.909400
19/6/2009,7.909100,7.950800,7.842800,7.915500
22/6/2009,7.919000,8.027000,7.916900,7.996200
23/6/2009,8.015800,8.045500,7.765300,7.907200
24/6/2009,7.896000,7.970500,7.808200,7.932800
25/6/2009,7.919700,7.995900,7.832700,7.896700
26/6/2009,7.898900,7.901400,7.747300,7.794800
29/6/2009,7.793200,7.852800,7.656500,7.657500
30/6/2009,7.708500,7.736700,7.699900,7.717100
1/7/2009,7.708500,7.736700,7.539000,7.588400
3/7/2009,7.812000,7.837200,7.749200,7.773600
7/7/2009,7.819900,7.947300,7.774600,7.947200
8/7/2009,7.957900,8.018000,7.925200,7.966200
9/7/2009,7.839000,7.848600,7.836700,7.845500
10/7/2009,7.839000,7.979600,7.833900,7.929600
13/7/2009,7.914000,7.993600,7.869600,7.881900
14/7/2009,7.867600,7.945000,7.825600,7.883100
15/7/2009,7.877000,7.882800,7.746500,7.760800
16/7/2009,7.775300,7.840700,7.762200,7.786400
20/7/2009,7.810100,7.813100,7.720800,7.724700
21/7/2009,7.726100,7.767800,7.610200,7.616900
22/7/2009,7.620500,7.694500,7.554100,7.590400
23/7/2009,7.596900,7.600600,7.429400,7.500900
27/7/2009,7.461900,7.497700,7.350000,7.392700
28/7/2009,7.395300,7.512500,7.328500,7.472700
29/7/2009,7.475300,7.546000,7.433000,7.501900
30/7/2009,7.506100,7.515000,7.395500,7.415100
31/7/2009,7.413400,7.416500,7.102600,7.185200
4/8/2009,7.068000,7.174700,7.062500,7.119000
5/8/2009,7.128800,7.175500,7.109400,7.133300
8/9/2009,7.119700,7.126700,7.009100,7.048100
11/9/2009,6.997100,7.025000,6.953400,6.997600
14/9/2009,6.996900,7.080300,6.980400,6.981500
1/10/2009,6.958700,7.055300,6.953500,7.039200
7/10/2009,6.936200,7.058500,6.922500,7.002600
9/10/2009,6.971000,7.034600,6.946300,7.004100
13/10/2009,6.973600,7.019400,6.942600,6.969700
16/10/2009,6.938600,7.017300,6.922000,6.951900
2/11/2009,7.090900,7.096700,6.983900,7.056100
5/11/2009,7.032700,7.091400,6.973300,6.993100
10/11/2009,6.843400,6.876200,6.822700,6.830300
11/11/2009,6.820600,6.850200,6.787500,6.822800
24/11/2009,6.900500,6.962600,6.875800,6.917400
25/11/2009,6.907200,6.913000,6.837500,6.845700
26/11/2009,6.851700,7.019800,6.839200,6.970300
2/12/2009,6.899600,6.918400,6.831000,6.878800
3/12/2009,6.858400,6.879800,6.785700,6.879000
4/12/2009,6.876800,7.002300,6.858500,6.996200
8/12/2009,7.046800,7.149400,7.024400,7.140600
9/12/2009,7.151800,7.154500,7.088600,7.092800
11/12/2009,7.097300,7.153000,7.063800,7.124100
18/12/2009,7.296100,7.317100,7.186600,7.262000
22/12/2009,7.289500,7.358100,7.260500,7.322100
1/1/2010,7.162500,7.164700,7.105900,7.160800
11/1/2010,7.059700,7.059800,7.008400,7.027400
19/1/2010,7.008000,7.118200,7.006100,7.060600
20/1/2010,7.063800,7.202900,7.059200,7.199700
2/2/2010,0.000000,0.000000,0.000000,0.000000
4/2/2010,7.263500,7.362300,7.262700,7.362600
15/2/2010,7.245400,7.287100,7.244100,7.264700
16/2/2010,7.248700,7.257500,7.204000,7.243900
22/2/2010,7.209200,7.250000,7.183100,7.200200
24/2/2010,7.268600,7.272300,7.172800,7.218100
25/2/2010,7.211100,7.287000,7.178900,7.185900
1/3/2010,7.102000,7.247500,7.095400,7.179200
5/3/2010,7.157900,7.175600,7.105500,7.117200
11/3/2010,7.130500,7.154300,7.094600,7.119100
18/3/2010,7.077900,7.151600,7.077400,7.132200
25/3/2010,7.281400,7.298600,7.198700,7.282400
21/4/2010,7.157700,7.197500,7.137000,7.181700
7/5/2010,7.794700,7.827600,7.618500,7.658300
10/5/2010,7.560000,7.661200,7.383300,7.531100
12/5/2010,7.625200,7.649500,7.517400,7.564500
