30/4/2007,1.5177,1.521,1.5158,1.5197
1/5/2007,1.5194,1.5217,1.5187,1.5204
2/5/2007,1.5198,1.5282,1.5189,1.5236
3/5/2007,1.5255,1.5261,1.5215,1.5228
4/5/2007,1.5224,1.524,1.5147,1.5174
7/5/2007,1.5181,1.5181,1.5119,1.5161
8/5/2007,1.5156,1.5189,1.5127,1.5174
9/5/2007,1.5171,1.5189,1.5137,1.5154
10/5/2007,1.5145,1.52,1.5141,1.5188
11/5/2007,1.5185,1.5219,1.5167,1.518
14/5/2007,1.5197,1.5197,1.513,1.5156
15/5/2007,1.5151,1.5196,1.5144,1.5161
16/5/2007,1.5157,1.5229,1.5155,1.5225
17/5/2007,1.522,1.5276,1.519,1.5244
18/5/2007,1.524,1.5288,1.5229,1.5246
21/5/2007,1.527,1.5296,1.5223,1.5271
22/5/2007,1.5268,1.534,1.5268,1.5326
23/5/2007,1.5319,1.5335,1.5282,1.5301
24/5/2007,1.5295,1.531,1.5243,1.529
25/5/2007,1.5288,1.5296,1.5261,1.5275
28/5/2007,1.5292,1.5317,1.5266,1.5285
29/5/2007,1.5282,1.5289,1.5262,1.5281
30/5/2007,1.5279,1.5321,1.5265,1.5297
31/5/2007,1.529,1.5318,1.5284,1.5285
1/6/2007,1.5283,1.5322,1.5283,1.5311
4/6/2007,1.5326,1.5326,1.5284,1.5299
5/6/2007,1.5288,1.5315,1.5278,1.5306
6/6/2007,1.5301,1.5338,1.5293,1.5328
7/6/2007,1.5326,1.5374,1.5315,1.5371
8/6/2007,1.5369,1.5439,1.5348,1.54
11/6/2007,1.5422,1.5458,1.5387,1.5421
12/6/2007,1.5418,1.5437,1.5366,1.5416
13/6/2007,1.5414,1.5449,1.5401,1.5427
14/6/2007,1.542,1.544,1.5408,1.5427
15/6/2007,1.5432,1.5432,1.5376,1.5381
18/6/2007,1.5387,1.5397,1.5358,1.5368
19/6/2007,1.5366,1.5392,1.5362,1.5369
20/6/2007,1.5367,1.544,1.5337,1.5366
21/6/2007,1.5363,1.5391,1.5345,1.5352
22/6/2007,1.5345,1.5396,1.5345,1.5387
25/6/2007,1.5399,1.5399,1.5362,1.5369
26/6/2007,1.5365,1.5397,1.5365,1.5381
27/6/2007,1.538,1.5397,1.5372,1.5381
28/6/2007,1.5377,1.539,1.532,1.5347
29/6/2007,1.5344,1.5348,1.5287,1.5303
2/7/2007,1.5275,1.5305,1.522,1.5229
3/7/2007,1.5223,1.5244,1.5215,1.5233
4/7/2007,1.5226,1.5238,1.5203,1.5211
5/7/2007,1.5207,1.5232,1.5174,1.5217
6/7/2007,1.5214,1.5238,1.519,1.5203
9/7/2007,1.5245,1.5245,1.5181,1.5197
10/7/2007,1.5195,1.5201,1.5152,1.5165
11/7/2007,1.516,1.5179,1.5142,1.516
12/7/2007,1.5157,1.5169,1.5137,1.5145
13/7/2007,1.5142,1.5166,1.5137,1.5156
16/7/2007,1.5185,1.5185,1.515,1.5168
17/7/2007,1.5163,1.5187,1.5159,1.5175
18/7/2007,1.5168,1.5195,1.5158,1.5163
19/7/2007,1.5156,1.5179,1.5111,1.512
20/7/2007,1.5113,1.5135,1.5098,1.5117
23/7/2007,1.5149,1.5149,1.5061,1.5069
24/7/2007,1.5065,1.5075,1.504,1.5061
25/7/2007,1.5058,1.5118,1.5047,1.5095
26/7/2007,1.51,1.5165,1.5093,1.5153
27/7/2007,1.515,1.5175,1.511,1.5162
30/7/2007,1.5171,1.5172,1.5125,1.5132
31/7/2007,1.5128,1.5178,1.5102,1.5166
1/8/2007,1.5161,1.5248,1.5156,1.5173
2/8/2007,1.5168,1.5242,1.5168,1.5178
3/8/2007,1.5175,1.5198,1.5152,1.5171
6/8/2007,1.519,1.5201,1.5138,1.5145
7/8/2007,1.5139,1.5169,1.5127,1.5148
8/8/2007,1.5145,1.5155,1.5088,1.5106
9/8/2007,1.5101,1.5198,1.5092,1.5191
10/8/2007,1.5184,1.5246,1.5174,1.5209
13/8/2007,1.5207,1.5222,1.5166,1.5199
14/8/2007,1.5179,1.5297,1.5179,1.5287
15/8/2007,1.5283,1.5344,1.5253,1.5339
16/8/2007,1.5334,1.5436,1.5325,1.5342
17/8/2007,1.5335,1.5428,1.5277,1.5282
20/8/2007,1.5278,1.531,1.5233,1.5279
21/8/2007,1.5287,1.5349,1.5241,1.5322
22/8/2007,1.5314,1.5336,1.5241,1.5245
23/8/2007,1.5239,1.5264,1.5198,1.5204
24/8/2007,1.5199,1.5261,1.5197,1.5205
27/8/2007,1.5201,1.521,1.5181,1.5208
28/8/2007,1.5206,1.5288,1.5206,1.5265
29/8/2007,1.5259,1.5304,1.52,1.5207
30/8/2007,1.5199,1.5268,1.5199,1.5235
31/8/2007,1.523,1.5266,1.5202,1.5255
3/9/2007,1.5263,1.5269,1.5212,1.5239
4/9/2007,1.5233,1.5293,1.5206,1.5255
5/9/2007,1.5253,1.5292,1.5236,1.5269
6/9/2007,1.5263,1.5291,1.522,1.5228
7/9/2007,1.5225,1.526,1.5221,1.5253
10/9/2007,1.526,1.5276,1.5223,1.5236
11/9/2007,1.5234,1.5248,1.5182,1.5186
12/9/2007,1.5182,1.5197,1.5117,1.5124
13/9/2007,1.5122,1.5139,1.5086,1.5111
14/9/2007,1.5106,1.5133,1.5094,1.5127
17/9/2007,1.5115,1.5168,1.5107,1.5151
18/9/2007,1.5165,1.5189,1.5088,1.5089
19/9/2007,1.5087,1.5105,1.5059,1.5082
20/9/2007,1.508,1.5082,1.5005,1.505
21/9/2007,1.5045,1.5086,1.5028,1.5054
24/9/2007,1.5043,1.5059,1.4973,1.4998
25/9/2007,1.4994,1.5024,1.4985,1.4996
26/9/2007,1.4991,1.4996,1.4955,1.4976
27/9/2007,1.4972,1.498,1.4879,1.4902
28/9/2007,1.4897,1.4914,1.4822,1.4852
1/10/2007,1.4864,1.4872,1.4735,1.4774
2/10/2007,1.4769,1.4857,1.4753,1.4821
3/10/2007,1.4818,1.4838,1.4767,1.4819
4/10/2007,1.4816,1.4859,1.4783,1.481
5/10/2007,1.4805,1.4816,1.4699,1.4722
8/10/2007,1.4712,1.4751,1.4684,1.4742
9/10/2007,1.4735,1.476,1.4716,1.4723
10/10/2007,1.472,1.4735,1.4625,1.4668
11/10/2007,1.4663,1.4692,1.4608,1.4642
12/10/2007,1.464,1.4666,1.4618,1.4633
15/10/2007,1.462,1.4664,1.462,1.4659
16/10/2007,1.4655,1.4692,1.4647,1.4682
17/10/2007,1.4678,1.4698,1.4623,1.4659
18/10/2007,1.4655,1.4664,1.4576,1.4609
19/10/2007,1.461,1.4655,1.4575,1.4631
22/10/2007,1.4642,1.4672,1.46,1.4641
23/10/2007,1.4628,1.4677,1.4624,1.4632
24/10/2007,1.4628,1.4648,1.4595,1.4615
25/10/2007,1.4618,1.4624,1.4544,1.4557
26/10/2007,1.4553,1.4593,1.4522,1.4526
29/10/2007,1.4523,1.454,1.4502,1.4522
30/10/2007,1.4525,1.4542,1.4499,1.4502
31/10/2007,1.4499,1.4511,1.4458,1.4473
1/11/2007,1.4478,1.4518,1.4468,1.4499
2/11/2007,1.4495,1.4537,1.4464,1.4491
5/11/2007,1.4489,1.4527,1.4483,1.4505
6/11/2007,1.4499,1.4519,1.4461,1.4465
7/11/2007,1.446,1.4469,1.4367,1.442
8/11/2007,1.4415,1.444,1.4378,1.4393
9/11/2007,1.4388,1.444,1.4382,1.442
12/11/2007,1.443,1.4555,1.4419,1.4553
13/11/2007,1.4549,1.4569,1.4455,1.4457
14/11/2007,1.4452,1.4482,1.4432,1.4473
15/11/2007,1.447,1.4541,1.4445,1.4537
16/11/2007,1.4535,1.4546,1.4501,1.4511
19/11/2007,1.4506,1.4506,1.4456,1.4494
20/11/2007,1.4488,1.4542,1.4461,1.4473
21/11/2007,1.4465,1.455,1.4453,1.4516
22/11/2007,1.4523,1.4539,1.4484,1.4504
23/11/2007,1.4495,1.4512,1.4403,1.4415
26/11/2007,1.4407,1.4454,1.4397,1.4447
27/11/2007,1.4445,1.4449,1.44,1.4421
28/11/2007,1.4418,1.4467,1.4412,1.4433
29/11/2007,1.4431,1.4499,1.4413,1.449
30/11/2007,1.4488,1.4492,1.4444,1.4484
3/12/2007,1.4488,1.4537,1.4471,1.4505
4/12/2007,1.4505,1.4508,1.4443,1.4457
5/12/2007,1.4457,1.4491,1.4445,1.4488
6/12/2007,1.4488,1.4493,1.4431,1.444
7/12/2007,1.444,1.4464,1.4375,1.4406
10/12/2007,1.4415,1.4427,1.4382,1.4393
11/12/2007,1.4395,1.4458,1.438,1.4456
12/12/2007,1.4456,1.4458,1.4373,1.4434
13/12/2007,1.4434,1.4435,1.4399,1.441
14/12/2007,1.441,1.452,1.4404,1.4512
17/12/2007,1.4509,1.4642,1.4493,1.4606
18/12/2007,1.4606,1.4643,1.4563,1.4588
19/12/2007,1.4588,1.4618,1.4561,1.4606
20/12/2007,1.4606,1.4625,1.4591,1.4597
21/12/2007,1.46,1.4616,1.4531,1.455
24/12/2007,1.4547,1.4557,1.4501,1.4515
25/12/2007,1.4514,1.4548,1.4509,1.454
26/12/2007,1.454,1.4542,1.4507,1.4529
27/12/2007,1.4537,1.4538,1.4483,1.4493
28/12/2007,1.4495,1.4505,1.4451,1.446
31/12/2007,1.4459,1.4463,1.4356,1.4401
1/1/2008,1.4373,1.4402,1.4371,1.4402
2/1/2008,1.4401,1.4417,1.4372,1.4379
3/1/2008,1.4379,1.4397,1.4324,1.4346
4/1/2008,1.4346,1.4356,1.4307,1.4337
7/1/2008,1.4334,1.4371,1.4331,1.4351
8/1/2008,1.4351,1.4359,1.4308,1.4327
9/1/2008,1.4327,1.4338,1.43,1.4309
10/1/2008,1.4309,1.433,1.4302,1.4305
11/1/2008,1.4305,1.4339,1.4262,1.4338
14/1/2008,1.4339,1.4339,1.4283,1.4292
15/1/2008,1.4289,1.4304,1.4267,1.4302
16/1/2008,1.4301,1.4332,1.4263,1.4321
17/1/2008,1.4321,1.438,1.4283,1.4375
18/1/2008,1.4375,1.442,1.4334,1.4388
21/1/2008,1.4389,1.4487,1.437,1.4478
22/1/2008,1.4478,1.4542,1.4331,1.4348
23/1/2008,1.4349,1.4402,1.4285,1.4304
24/1/2008,1.4304,1.4335,1.4258,1.4264
25/1/2008,1.4264,1.4274,1.4206,1.4243
28/1/2008,1.4238,1.4245,1.4204,1.4206
29/1/2008,1.4206,1.4236,1.4178,1.4218
30/1/2008,1.4218,1.4223,1.4172,1.4182
31/1/2008,1.4182,1.4203,1.4162,1.4169
1/2/2008,1.4169,1.4193,1.4135,1.4137
4/2/2008,1.4142,1.4158,1.4137,1.4142
5/2/2008,1.4142,1.4217,1.4135,1.4215
6/2/2008,1.4215,1.4219,1.4146,1.4158
7/2/2008,1.4153,1.4194,1.4151,1.4168
8/2/2008,1.4168,1.4212,1.4166,1.4185
11/2/2008,1.4173,1.4197,1.4164,1.4184
12/2/2008,1.4184,1.42,1.4139,1.4153
13/2/2008,1.4153,1.4199,1.4149,1.4191
14/2/2008,1.4191,1.4215,1.4163,1.4181
15/2/2008,1.418,1.4188,1.411,1.4127
18/2/2008,1.4128,1.4132,1.4107,1.4117
19/2/2008,1.4117,1.414,1.4102,1.4137
20/2/2008,1.4137,1.4154,1.4103,1.4106
21/2/2008,1.4107,1.4116,1.4092,1.4102
22/2/2008,1.4101,1.4107,1.4053,1.4061
25/2/2008,1.4061,1.4075,1.4045,1.4056
26/2/2008,1.4056,1.4065,1.4042,1.4044
27/2/2008,1.4044,1.4045,1.3957,1.3967
28/2/2008,1.3967,1.3983,1.3927,1.3944
29/2/2008,1.3943,1.3958,1.3912,1.3954
3/3/2008,1.3953,1.3979,1.3897,1.391
4/3/2008,1.391,1.3924,1.3881,1.3886
5/3/2008,1.3886,1.3918,1.3884,1.3891
6/3/2008,1.3891,1.3904,1.3843,1.3886
7/3/2008,1.3886,1.3908,1.3817,1.3855
10/3/2008,1.3853,1.3899,1.3843,1.387
11/3/2008,1.387,1.3927,1.3854,1.388
12/3/2008,1.388,1.3895,1.3829,1.3833
13/3/2008,1.3833,1.3842,1.378,1.3787
14/3/2008,1.3787,1.3859,1.3765,1.3794
17/3/2008,1.3792,1.3878,1.3765,1.3803
18/3/2008,1.3803,1.3838,1.3738,1.3772
19/3/2008,1.3772,1.3908,1.3755,1.3907
20/3/2008,1.3907,1.392,1.3858,1.3903
21/3/2008,1.3903,1.3908,1.3857,1.3863
24/3/2008,1.3876,1.394,1.3864,1.3889
25/3/2008,1.3889,1.3897,1.3801,1.3808
26/3/2008,1.3808,1.3837,1.3775,1.3788
27/3/2008,1.3788,1.383,1.3772,1.3792
28/3/2008,1.3792,1.3823,1.3782,1.3807
31/3/2008,1.3809,1.3827,1.3755,1.3756
1/4/2008,1.3756,1.3819,1.3755,1.378
2/4/2008,1.378,1.3842,1.3775,1.3788
3/4/2008,1.3788,1.3887,1.3785,1.3841
4/4/2008,1.3841,1.3869,1.3796,1.3804
7/4/2008,1.3809,1.3835,1.3799,1.3806
8/4/2008,1.3805,1.3818,1.3786,1.3788
9/4/2008,1.3788,1.3818,1.3762,1.377
10/4/2008,1.377,1.3813,1.3553,1.3572
11/4/2008,1.3572,1.3597,1.3561,1.3572
14/4/2008,1.358,1.3627,1.3564,1.3577
15/4/2008,1.3577,1.3588,1.3546,1.3579
16/4/2008,1.3579,1.3586,1.3502,1.3517
17/4/2008,1.3517,1.3538,1.3493,1.351
18/4/2008,1.351,1.36,1.3494,1.3554
21/4/2008,1.3577,1.3586,1.3517,1.3525
22/4/2008,1.3526,1.3533,1.3498,1.3501
23/4/2008,1.3501,1.3544,1.3464,1.3506
24/4/2008,1.3506,1.3606,1.3492,1.358
25/4/2008,1.3581,1.3661,1.3569,1.3616
28/4/2008,1.3623,1.3635,1.3595,1.3609
29/4/2008,1.3609,1.3634,1.359,1.3614
30/4/2008,1.3614,1.3627,1.3547,1.3559
1/5/2008,1.3562,1.3621,1.3552,1.3616
2/5/2008,1.3617,1.3661,1.3609,1.3637
5/5/2008,1.3642,1.3652,1.3585,1.3591
6/5/2008,1.3591,1.3597,1.3569,1.3584
7/5/2008,1.3584,1.3678,1.3576,1.3661
8/5/2008,1.3661,1.3801,1.3658,1.3736
9/5/2008,1.3735,1.3763,1.3637,1.3637
12/5/2008,1.3673,1.3719,1.3633,1.3636
13/5/2008,1.3636,1.3734,1.3635,1.3722
14/5/2008,1.3722,1.3852,1.3709,1.3792
15/5/2008,1.3791,1.3844,1.3753,1.3763
16/5/2008,1.3763,1.3775,1.3671,1.3675
19/5/2008,1.3681,1.3735,1.3643,1.3723
20/5/2008,1.3724,1.373,1.3649,1.3654
21/5/2008,1.3653,1.3671,1.3564,1.3571
22/5/2008,1.3571,1.3614,1.3564,1.3607
23/5/2008,1.3607,1.3619,1.3575,1.3584
26/5/2008,1.3589,1.3636,1.3583,1.3623
27/5/2008,1.3623,1.3641,1.3598,1.3637
28/5/2008,1.3638,1.366,1.3611,1.3642
29/5/2008,1.3641,1.3693,1.3623,1.3663
30/5/2008,1.3663,1.3689,1.3603,1.3622
2/6/2008,1.3621,1.3658,1.361,1.3632
3/6/2008,1.3632,1.3658,1.358,1.363
4/6/2008,1.3631,1.3672,1.3609,1.3657
5/6/2008,1.3654,1.3712,1.3652,1.3653
6/6/2008,1.3653,1.3678,1.3605,1.3639
9/6/2008,1.3644,1.366,1.3607,1.3658
10/6/2008,1.3658,1.3747,1.3644,1.3738
11/6/2008,1.3738,1.3746,1.368,1.3714
12/6/2008,1.3715,1.3815,1.3703,1.3785
13/6/2008,1.3786,1.3828,1.3771,1.3802
16/6/2008,1.3793,1.3806,1.3711,1.3713
17/6/2008,1.3713,1.3729,1.3661,1.3668
18/6/2008,1.3669,1.3718,1.3643,1.369
19/6/2008,1.369,1.3719,1.3661,1.3691
20/6/2008,1.3691,1.3709,1.3636,1.3646
23/6/2008,1.3649,1.3715,1.3636,1.3697
24/6/2008,1.3692,1.37,1.3655,1.3678
25/6/2008,1.3678,1.3707,1.3658,1.3659
26/6/2008,1.3658,1.3682,1.3638,1.3653
27/6/2008,1.3654,1.3664,1.3611,1.363
30/6/2008,1.363,1.3635,1.3556,1.3597
1/7/2008,1.3597,1.3639,1.3579,1.3611
2/7/2008,1.3612,1.3639,1.3568,1.3591
3/7/2008,1.359,1.3649,1.3571,1.3622
4/7/2008,1.3621,1.3637,1.3602,1.3619
7/7/2008,1.3623,1.3665,1.361,1.3626
8/7/2008,1.3627,1.3661,1.361,1.3632
9/7/2008,1.3633,1.3657,1.3578,1.3586
10/7/2008,1.3585,1.3628,1.3582,1.3599
11/7/2008,1.3599,1.3615,1.3551,1.3554
14/7/2008,1.3564,1.3601,1.3524,1.3527
15/7/2008,1.3526,1.3547,1.3451,1.3482
16/7/2008,1.3482,1.3508,1.3458,1.3484
17/7/2008,1.3483,1.3539,1.3478,1.352
18/7/2008,1.352,1.3555,1.3502,1.3527
21/7/2008,1.3527,1.354,1.35,1.3508
22/7/2008,1.3508,1.3599,1.3505,1.3583
23/7/2008,1.3582,1.3657,1.3565,1.3651
24/7/2008,1.3648,1.3651,1.3575,1.3616
25/7/2008,1.3616,1.3628,1.3581,1.3603
28/7/2008,1.3605,1.3647,1.3527,1.3631
29/7/2008,1.3631,1.3697,1.3605,1.3684
30/7/2008,1.3684,1.3709,1.3665,1.3681
31/7/2008,1.3681,1.3701,1.3649,1.3674
1/8/2008,1.3674,1.3734,1.3668,1.3724
4/8/2008,1.3714,1.3742,1.3686,1.3726
5/8/2008,1.3726,1.382,1.3711,1.3811
6/8/2008,1.3811,1.3835,1.3765,1.383
7/8/2008,1.383,1.3931,1.3785,1.3902
8/8/2008,1.3904,1.4061,1.3835,1.4054
11/8/2008,1.404,1.4142,1.402,1.413
12/8/2008,1.4129,1.4143,1.4067,1.4086
13/8/2008,1.4086,1.41,1.4025,1.4041
14/8/2008,1.404,1.4124,1.4028,1.411
15/8/2008,1.411,1.4193,1.4059,1.4183
18/8/2008,1.4177,1.4183,1.4111,1.4128
19/8/2008,1.4128,1.4202,1.4111,1.4115
20/8/2008,1.4115,1.417,1.4079,1.4132
21/8/2008,1.4131,1.4155,1.4042,1.4044
22/8/2008,1.4044,1.4128,1.4028,1.4124
25/8/2008,1.4115,1.4205,1.4113,1.4191
26/8/2008,1.419,1.4279,1.4176,1.4267
27/8/2008,1.4267,1.4269,1.4151,1.4179
28/8/2008,1.4179,1.4191,1.411,1.4167
29/8/2008,1.4167,1.419,1.4125,1.4159
1/9/2008,1.4161,1.4252,1.4155,1.4241
2/9/2008,1.4241,1.4356,1.4234,1.4322
3/9/2008,1.4322,1.4409,1.4309,1.4351
4/9/2008,1.435,1.4379,1.4263,1.4373
5/9/2008,1.4372,1.4428,1.431,1.4358
8/9/2008,1.436,1.436,1.4139,1.4329
9/9/2008,1.4333,1.438,1.4285,1.4353
10/9/2008,1.4354,1.4393,1.4297,1.4393
11/9/2008,1.4393,1.4478,1.4357,1.4364
12/9/2008,1.4364,1.4394,1.4259,1.4332
15/9/2008,1.432,1.4389,1.4234,1.4248
16/9/2008,1.4248,1.4392,1.4243,1.4358
17/9/2008,1.4366,1.4378,1.4272,1.4292
18/9/2008,1.4291,1.4367,1.4275,1.4318
19/9/2008,1.4318,1.4373,1.425,1.4286
22/9/2008,1.424,1.4287,1.4066,1.4083
23/9/2008,1.4083,1.4182,1.4052,1.4171
24/9/2008,1.4172,1.4237,1.4128,1.4233
25/9/2008,1.4233,1.4237,1.4181,1.4229
26/9/2008,1.4229,1.4288,1.4211,1.4279
29/9/2008,1.4264,1.4355,1.4238,1.4315
30/9/2008,1.4315,1.437,1.4242,1.4354
1/10/2008,1.4354,1.4383,1.4307,1.4378
2/10/2008,1.4378,1.4507,1.4368,1.4504
3/10/2008,1.4501,1.453,1.4453,1.4503
6/10/2008,1.4535,1.4698,1.4489,1.4657
7/10/2008,1.4657,1.4692,1.4558,1.4674
8/10/2008,1.4674,1.4726,1.462,1.4683
9/10/2008,1.4682,1.4751,1.4655,1.4748
10/10/2008,1.4747,1.4857,1.472,1.4819
13/10/2008,1.4804,1.4805,1.4612,1.4617
14/10/2008,1.4616,1.465,1.4551,1.4635
15/10/2008,1.4635,1.478,1.4635,1.4773
16/10/2008,1.4772,1.4874,1.4765,1.4784
17/10/2008,1.4784,1.4842,1.473,1.4794
20/10/2008,1.4761,1.4802,1.4729,1.4763
21/10/2008,1.4763,1.4853,1.4726,1.4836
22/10/2008,1.4836,1.5014,1.4801,1.4998
23/10/2008,1.4998,1.5094,1.4987,1.5021
24/10/2008,1.5021,1.5161,1.4991,1.508
27/10/2008,1.5051,1.5139,1.5025,1.5113
28/10/2008,1.5113,1.5147,1.4831,1.487
29/10/2008,1.487,1.5044,1.4848,1.4885
30/10/2008,1.4885,1.4948,1.4579,1.4654
31/10/2008,1.466,1.488,1.466,1.4836
3/11/2008,1.4825,1.4834,1.4647,1.4786
4/11/2008,1.4786,1.4874,1.471,1.4755
5/11/2008,1.4755,1.4832,1.4682,1.4811
6/11/2008,1.4808,1.506,1.4785,1.503
7/11/2008,1.503,1.5078,1.4913,1.4974
10/11/2008,1.495,1.4952,1.4772,1.4893
11/11/2008,1.4893,1.5103,1.4875,1.5042
12/11/2008,1.5042,1.5119,1.4998,1.5102
13/11/2008,1.5102,1.525,1.5073,1.5102
14/11/2008,1.5101,1.5236,1.5051,1.5179
17/11/2008,1.5186,1.5285,1.5167,1.5224
18/11/2008,1.5224,1.5295,1.5218,1.5246
19/11/2008,1.5257,1.5306,1.5235,1.5301
20/11/2008,1.5301,1.5335,1.5266,1.5295
21/11/2008,1.5295,1.5349,1.5263,1.5282
24/11/2008,1.5257,1.5333,1.5077,1.5082
25/11/2008,1.5089,1.5191,1.5063,1.5072
26/11/2008,1.5072,1.5143,1.5071,1.51
27/11/2008,1.51,1.5142,1.5062,1.5094
28/11/2008,1.5094,1.5136,1.5052,1.5131
1/12/2008,1.5127,1.532,1.5109,1.53
2/12/2008,1.53,1.5339,1.5265,1.5281
3/12/2008,1.5281,1.5314,1.5228,1.5235
4/12/2008,1.5235,1.53,1.5216,1.5272
5/12/2008,1.5272,1.5312,1.5166,1.5235
8/12/2008,1.5259,1.5265,1.4994,1.5025
9/12/2008,1.5025,1.5114,1.5019,1.5064
10/12/2008,1.5063,1.5073,1.4965,1.5002
11/12/2008,1.5002,1.501,1.484,1.4881
12/12/2008,1.4882,1.4972,1.4794,1.4902
15/12/2008,1.49,1.4905,1.473,1.4754
16/12/2008,1.4755,1.4809,1.4583,1.4601
17/12/2008,1.4601,1.4625,1.424,1.4339
18/12/2008,1.4339,1.4417,1.4167,1.4415
19/12/2008,1.4413,1.4618,1.4384,1.4571
22/12/2008,1.4573,1.4611,1.4437,1.4459
23/12/2008,1.446,1.4534,1.4375,1.4512
24/12/2008,1.4512,1.4535,1.4419,1.4463
25/12/2008,1.4467,1.4527,1.4375,1.4439
26/12/2008,1.4451,1.4514,1.4414,1.4462
29/12/2008,1.4482,1.4512,1.4357,1.4467
30/12/2008,1.4467,1.4487,1.4355,1.4373
31/12/2008,1.4372,1.4447,1.4271,1.4301
1/1/2009,1.4355,1.444,1.4291,1.4349
2/1/2009,1.4349,1.4625,1.432,1.4577
5/1/2009,1.4532,1.4766,1.4501,1.4749
6/1/2009,1.4749,1.4808,1.4688,1.4703
7/1/2009,1.4703,1.477,1.4675,1.4714
8/1/2009,1.4715,1.4847,1.4706,1.478
9/1/2009,1.4779,1.485,1.4755,1.4845
12/1/2009,1.4846,1.4902,1.4822,1.4895
13/1/2009,1.4895,1.4942,1.486,1.4885
14/1/2009,1.4884,1.4964,1.4831,1.493
15/1/2009,1.4929,1.4993,1.4929,1.4945
16/1/2009,1.4945,1.4952,1.4852,1.4896
19/1/2009,1.4896,1.4961,1.4805,1.4958
20/1/2009,1.497,1.5111,1.4956,1.5072
21/1/2009,1.5071,1.512,1.497,1.4973
22/1/2009,1.4973,1.5032,1.4921,1.4977
23/1/2009,1.4977,1.5108,1.4965,1.5034
26/1/2009,1.5039,1.5102,1.4957,1.4994
27/1/2009,1.4997,1.5079,1.495,1.505
28/1/2009,1.505,1.505,1.4969,1.5011
29/1/2009,1.5011,1.5083,1.4993,1.5071
30/1/2009,1.5071,1.5119,1.5063,1.5098
2/2/2009,1.5098,1.5178,1.5091,1.5132
3/2/2009,1.5132,1.5162,1.5029,1.5047
4/2/2009,1.5048,1.5104,1.5013,1.5085
5/2/2009,1.5085,1.5115,1.5025,1.5048
6/2/2009,1.505,1.5066,1.4938,1.4948
9/2/2009,1.4934,1.5008,1.4904,1.4941
10/2/2009,1.4941,1.5088,1.4934,1.5066
11/2/2009,1.5066,1.5112,1.5036,1.505
12/2/2009,1.505,1.5138,1.5043,1.5086
13/2/2009,1.5085,1.5115,1.5042,1.5091
16/2/2009,1.5129,1.5183,1.507,1.5145
17/2/2009,1.5145,1.5311,1.513,1.5298
18/2/2009,1.5295,1.5341,1.5266,1.5321
19/2/2009,1.5321,1.5335,1.5218,1.528
20/2/2009,1.528,1.5407,1.5243,1.5308
23/2/2009,1.5308,1.5337,1.5183,1.5306
24/2/2009,1.5307,1.534,1.5203,1.5205
25/2/2009,1.5205,1.5317,1.5203,1.5295
26/2/2009,1.5295,1.5396,1.5286,1.5395
27/2/2009,1.5395,1.5494,1.5389,1.5469
2/3/2009,1.5471,1.5577,1.5471,1.5544
3/3/2009,1.5547,1.5581,1.5464,1.553
4/3/2009,1.553,1.5577,1.5437,1.5445
5/3/2009,1.5445,1.5579,1.5439,1.5549
6/3/2009,1.5551,1.5566,1.5411,1.5454
9/3/2009,1.5452,1.5528,1.5409,1.5487
10/3/2009,1.5487,1.5519,1.5325,1.5342
11/3/2009,1.5342,1.5414,1.5252,1.5278
12/3/2009,1.5278,1.5395,1.5266,1.5289
13/3/2009,1.5293,1.5443,1.5276,1.5411
16/3/2009,1.539,1.5442,1.5288,1.5342
17/3/2009,1.5341,1.5363,1.5295,1.5297
18/3/2009,1.5297,1.5335,1.5074,1.5133
19/3/2009,1.5155,1.5212,1.5053,1.5118
20/3/2009,1.5118,1.5173,1.5073,1.5162
23/3/2009,1.514,1.5141,1.5062,1.5086
24/3/2009,1.5086,1.5143,1.504,1.5143
25/3/2009,1.5143,1.5173,1.5058,1.5097
26/3/2009,1.5097,1.5117,1.5066,1.5081
27/3/2009,1.5081,1.5165,1.5028,1.5146
30/3/2009,1.515,1.5247,1.513,1.523
31/3/2009,1.5231,1.5245,1.5181,1.5229
1/4/2009,1.5229,1.5258,1.5187,1.5189
2/4/2009,1.5189,1.5202,1.4973,1.501
3/4/2009,1.501,1.5086,1.4974,1.505
6/4/2009,1.5067,1.5086,1.4985,1.5071
7/4/2009,1.507,1.515,1.5054,1.5131
8/4/2009,1.5137,1.5218,1.5123,1.5181
9/4/2009,1.5181,1.5187,1.5112,1.514
10/4/2009,1.514,1.5188,1.5137,1.5157
13/4/2009,1.5162,1.5183,1.5128,1.5138
14/4/2009,1.5138,1.5167,1.4965,1.4975
15/4/2009,1.4975,1.5053,1.4972,1.5003
16/4/2009,1.5002,1.5013,1.4952,1.4976
17/4/2009,1.4976,1.503,1.4958,1.5012
20/4/2009,1.5017,1.5118,1.5006,1.5108
21/4/2009,1.5108,1.5136,1.5034,1.506
22/4/2009,1.506,1.509,1.5045,1.5073
23/4/2009,1.5073,1.5078,1.4974,1.4982
24/4/2009,1.4982,1.4992,1.4847,1.4903
27/4/2009,1.4902,1.4982,1.4902,1.4982
28/4/2009,1.4981,1.5031,1.4957,1.4969
29/4/2009,1.497500,1.498400,1.480600,1.485600
30/4/2009,1.486800,1.488700,1.472700,1.480900
1/5/2009,1.482200,1.485100,1.476600,1.480600
4/5/2009,1.483700,1.484000,1.472500,1.472700
5/5/2009,1.471100,1.473500,1.469000,1.473000
6/5/2009,1.473400,1.480700,1.470100,1.472000
7/5/2009,1.472800,1.475100,1.462400,1.471900
8/5/2009,1.471100,1.472700,1.457800,1.459400
11/5/2009,1.462800,1.466800,1.452900,1.466300
12/5/2009,1.465700,1.467800,1.454800,1.461400
13/5/2009,1.461300,1.466300,1.452400,1.465700
14/5/2009,1.466000,1.470900,1.462000,1.464300
15/5/2009,1.464500,1.472500,1.462100,1.471800
18/5/2009,1.472300,1.475400,1.462300,1.464500
19/5/2009,1.464900,1.466900,1.459500,1.463100
20/5/2009,1.462600,1.467100,1.455300,1.458200
21/5/2009,1.460300,1.464300,1.453400,1.454700
22/5/2009,1.452400,1.454400,1.439400,1.442400
25/5/2009,1.444300,1.449900,1.441300,1.446700
26/5/2009,1.446300,1.454800,1.443800,1.449600
27/5/2009,1.449500,1.454700,1.444300,1.453400
28/5/2009,1.457400,1.458500,1.449500,1.452700
29/5/2009,1.452900,1.454000,1.441300,1.444200
1/6/2009,1.443800,1.444800,1.435300,1.442000
2/6/2009,1.441800,1.444200,1.435500,1.436800
3/6/2009,1.437600,1.447100,1.433400,1.446200
4/6/2009,1.446300,1.451000,1.438300,1.448300
5/6/2009,1.448000,1.457500,1.442000,1.456100
8/6/2009,1.456500,1.456500,1.455600,1.455600
9/6/2009,1.456500,1.464800,1.453300,1.454300
10/6/2009,1.454500,1.460000,1.444900,1.455200
11/6/2009,1.456000,1.456800,1.446600,1.448600
12/6/2009,1.450200,1.454700,1.446400,1.450300
15/6/2009,1.452800,1.462200,1.452100,1.459900
16/6/2009,1.461300,1.463200,1.455700,1.462800
17/6/2009,1.462700,1.464300,1.450600,1.456000
18/6/2009,1.454500,1.459100,1.451300,1.455800
19/6/2009,1.456400,1.457800,1.453000,1.454900
22/6/2009,1.456400,1.459900,1.456200,1.459800
23/6/2009,1.461600,1.462200,1.451400,1.452700
24/6/2009,1.452300,1.458100,1.451700,1.457500
25/6/2009,1.456500,1.460300,1.454500,1.455200
26/6/2009,1.454900,1.456700,1.452300,1.454100
29/6/2009,1.454400,1.456400,1.450600,1.450700
30/6/2009,1.447800,1.450400,1.447800,1.449200
1/7/2009,1.447800,1.450400,1.442300,1.444000
3/7/2009,1.471100,1.473500,1.470500,1.470700
7/7/2009,1.456300,1.460200,1.454200,1.459400
8/7/2009,1.461700,1.466100,1.459000,1.463500
9/7/2009,1.457900,1.457900,1.457800,1.457800
10/7/2009,1.457900,1.465000,1.457600,1.462400
13/7/2009,1.462000,1.468500,1.460100,1.461000
14/7/2009,1.458900,1.461600,1.457800,1.459500
15/7/2009,1.456500,1.457400,1.450600,1.451400
16/7/2009,1.450900,1.454400,1.449700,1.450800
20/7/2009,1.450400,1.450400,1.438100,1.440200
21/7/2009,1.440300,1.444300,1.439500,1.441100
22/7/2009,1.443600,1.445300,1.440800,1.442300
23/7/2009,1.442900,1.443300,1.438200,1.442400
27/7/2009,1.440300,1.440300,1.440300,1.440300
28/7/2009,1.440300,1.442500,1.437000,1.441200
29/7/2009,1.441400,1.448600,1.438700,1.447400
30/7/2009,1.445200,1.446900,1.441400,1.444300
31/7/2009,1.442100,1.443000,1.438400,1.439100
4/8/2009,1.433000,1.434800,1.431300,1.432900
5/8/2009,1.433100,1.435800,1.432200,1.433400
8/9/2009,1.434100,1.434100,1.423800,1.426400
11/9/2009,1.424300,1.425800,1.420700,1.421000
14/9/2009,1.422800,1.427200,1.421700,1.422700
1/10/2009,1.409300,1.415100,1.406300,1.413500
7/10/2009,1.402100,1.404800,1.398300,1.400200
9/10/2009,1.389100,1.396800,1.389100,1.395800
13/10/2009,1.397300,1.400200,1.394600,1.394700
16/10/2009,1.389100,1.398700,1.387400,1.392200
2/11/2009,1.403900,1.403900,1.396500,1.400400
5/11/2009,1.395900,1.398500,1.393900,1.395200
10/11/2009,1.386600,1.390100,1.385900,1.388200
11/11/2009,1.388000,1.389700,1.385000,1.386800
24/11/2009,1.386400,1.388500,1.384200,1.385800
25/11/2009,1.384600,1.385400,1.377800,1.379600
26/11/2009,1.379100,1.385400,1.378900,1.384900
2/12/2009,1.380100,1.381600,1.379000,1.380200
3/12/2009,1.379800,1.381900,1.378600,1.381500
4/12/2009,1.383400,1.389700,1.380200,1.389700
8/12/2009,1.389200,1.395000,1.387900,1.394100
9/12/2009,1.394300,1.394700,1.389300,1.391600
11/12/2009,1.388900,1.393900,1.388300,1.391600
18/12/2009,1.404300,1.404800,1.396300,1.403100
22/12/2009,1.406300,1.409300,1.404300,1.407000
1/1/2010,1.405100,1.405900,1.399700,1.404900
11/1/2010,1.389600,1.390700,1.387100,1.387400
19/1/2010,1.387600,1.392800,1.386700,1.390800
20/1/2010,1.390800,1.401500,1.390000,1.400700
2/2/2010,0.000000,0.000000,0.000000,0.000000
4/2/2010,1.411300,1.417300,1.410800,1.417200
15/2/2010,1.412900,1.413200,1.410500,1.411800
16/2/2010,1.412500,1.412500,1.406200,1.407600
22/2/2010,1.410300,1.411400,1.407100,1.409900
24/2/2010,1.412200,1.412300,1.408000,1.409900
25/2/2010,1.409700,1.413100,1.408200,1.408700
1/3/2010,1.405400,1.407400,1.403400,1.405700
5/3/2010,1.402000,1.402500,1.397800,1.398800
11/3/2010,1.397900,1.399200,1.396200,1.398000
18/3/2010,1.393100,1.396500,1.392200,1.396400
25/3/2010,1.405700,1.408000,1.404400,1.407800
21/4/2010,1.375400,1.375400,1.369900,1.372600
7/5/2010,1.404500,1.410900,1.392800,1.395200
10/5/2010,1.386600,1.387400,1.375600,1.381300
12/5/2010,1.383200,1.387500,1.377900,1.379400
