30/4/2007,1.2068,1.2104,1.2032,1.2073
1/5/2007,1.2072,1.2165,1.2052,1.2146
2/5/2007,1.2145,1.219,1.2117,1.2137
3/5/2007,1.2136,1.2171,1.2094,1.216
4/5/2007,1.2159,1.2167,1.21,1.2117
7/5/2007,1.209,1.2118,1.2083,1.2113
8/5/2007,1.2111,1.2196,1.2104,1.2183
9/5/2007,1.2182,1.2193,1.2142,1.2187
10/5/2007,1.2186,1.2222,1.2159,1.22
11/5/2007,1.2199,1.2214,1.2171,1.219
14/5/2007,1.2197,1.2207,1.2166,1.2191
15/5/2007,1.2189,1.2204,1.2127,1.2155
16/5/2007,1.2153,1.2247,1.214,1.2235
17/5/2007,1.2234,1.2282,1.2196,1.2271
18/5/2007,1.227,1.2282,1.2245,1.2273
21/5/2007,1.2273,1.2332,1.2254,1.2306
22/5/2007,1.2304,1.2329,1.2283,1.23
23/5/2007,1.2298,1.2312,1.2241,1.2277
24/5/2007,1.2275,1.2315,1.2265,1.2278
25/5/2007,1.2276,1.2294,1.2257,1.2279
28/5/2007,1.2293,1.2293,1.2265,1.2286
29/5/2007,1.2285,1.2308,1.2201,1.2255
30/5/2007,1.2254,1.2279,1.2238,1.2257
31/5/2007,1.2254,1.2272,1.2232,1.2253
1/6/2007,1.2252,1.233,1.2248,1.2299
4/6/2007,1.2285,1.2308,1.2217,1.2237
5/6/2007,1.2235,1.2242,1.2162,1.218
6/6/2007,1.2178,1.219,1.2148,1.2163
7/6/2007,1.2162,1.2267,1.2161,1.2241
8/6/2007,1.2239,1.2367,1.2237,1.2351
11/6/2007,1.2317,1.2402,1.2317,1.2382
12/6/2007,1.2381,1.2432,1.2374,1.2425
13/6/2007,1.2424,1.2469,1.2417,1.2446
14/6/2007,1.2444,1.2469,1.2433,1.2462
15/6/2007,1.2461,1.2467,1.2411,1.2414
18/6/2007,1.2408,1.2433,1.2389,1.2421
19/6/2007,1.242,1.2428,1.2393,1.2406
20/6/2007,1.2405,1.2409,1.2355,1.2374
21/6/2007,1.2373,1.2427,1.237,1.2415
22/6/2007,1.2414,1.2423,1.2286,1.2294
25/6/2007,1.226,1.2313,1.226,1.2284
26/6/2007,1.2282,1.2308,1.2261,1.228
27/6/2007,1.2279,1.2304,1.2274,1.2293
28/6/2007,1.2292,1.2342,1.2268,1.2312
29/6/2007,1.231,1.2334,1.2209,1.2215
2/7/2007,1.2207,1.2235,1.2096,1.2108
3/7/2007,1.2107,1.2178,1.2091,1.2159
4/7/2007,1.2157,1.217,1.2145,1.2165
5/7/2007,1.2168,1.2199,1.2101,1.2173
6/7/2007,1.2172,1.2233,1.2162,1.218
9/7/2007,1.2162,1.2193,1.2155,1.2167
10/7/2007,1.2165,1.2194,1.2021,1.2021
11/7/2007,1.202,1.2068,1.1993,1.2064
12/7/2007,1.2063,1.2068,1.2006,1.203
13/7/2007,1.2029,1.2055,1.1986,1.2026
16/7/2007,1.1997,1.2038,1.1995,1.2035
17/7/2007,1.2034,1.2039,1.1974,1.2029
18/7/2007,1.2028,1.2051,1.1961,1.2008
19/7/2007,1.2007,1.2052,1.1988,1.2035
20/7/2007,1.2034,1.2066,1.1983,1.2009
23/7/2007,1.2008,1.2079,1.1984,1.2059
24/7/2007,1.2058,1.2077,1.2012,1.2029
25/7/2007,1.2028,1.2166,1.2021,1.2133
26/7/2007,1.2132,1.215,1.2021,1.2038
27/7/2007,1.2036,1.2133,1.2024,1.2085
30/7/2007,1.209,1.21,1.2007,1.2029
31/7/2007,1.2027,1.2066,1.2006,1.2011
1/8/2007,1.201,1.2051,1.198,1.2045
2/8/2007,1.2043,1.2084,1.2024,1.2045
3/8/2007,1.2044,1.2072,1.1868,1.1907
6/8/2007,1.1906,1.1926,1.1816,1.1916
7/8/2007,1.1915,1.1985,1.1894,1.1972
8/8/2007,1.1975,1.1996,1.1914,1.1965
9/8/2007,1.1964,1.1994,1.192,1.1964
10/8/2007,1.1962,1.2018,1.1931,1.1988
13/8/2007,1.195,1.2066,1.195,1.2054
14/8/2007,1.2053,1.2119,1.203,1.211
15/8/2007,1.2109,1.2199,1.2103,1.2192
16/8/2007,1.2191,1.2216,1.2134,1.2163
17/8/2007,1.2161,1.2181,1.1995,1.2079
20/8/2007,1.202,1.209,1.202,1.2058
21/8/2007,1.2057,1.2072,1.2013,1.2061
22/8/2007,1.2059,1.2112,1.2042,1.2064
23/8/2007,1.2063,1.2106,1.2049,1.2073
24/8/2007,1.2072,1.2078,1.1994,1.2006
27/8/2007,1.2003,1.2047,1.1995,1.2029
28/8/2007,1.2027,1.2041,1.1961,1.2006
29/8/2007,1.2005,1.204,1.1983,1.1997
30/8/2007,1.1996,1.2067,1.1987,1.2048
31/8/2007,1.2045,1.2091,1.1989,1.2084
3/9/2007,1.2044,1.21,1.2044,1.2083
4/9/2007,1.208,1.2152,1.2076,1.2126
5/9/2007,1.2125,1.2138,1.2023,1.2041
6/9/2007,1.2039,1.2063,1.1994,1.2015
7/9/2007,1.2013,1.2026,1.1862,1.1887
10/9/2007,1.1886,1.1886,1.1841,1.1866
11/9/2007,1.1863,1.19,1.1838,1.1889
12/9/2007,1.1887,1.1898,1.1819,1.1849
13/9/2007,1.1848,1.189,1.1802,1.186
14/9/2007,1.1859,1.1923,1.184,1.1895
17/9/2007,1.188,1.1906,1.1849,1.187
18/9/2007,1.1869,1.1896,1.1806,1.1814
19/9/2007,1.1812,1.1879,1.1794,1.1842
20/9/2007,1.1841,1.1846,1.1687,1.1726
21/9/2007,1.1724,1.1772,1.1679,1.1723
24/9/2007,1.1681,1.1758,1.1681,1.1727
25/9/2007,1.1728,1.1747,1.1639,1.1664
26/9/2007,1.1663,1.1721,1.1646,1.1706
27/9/2007,1.1705,1.1742,1.1678,1.1737
28/9/2007,1.1736,1.174,1.1626,1.1637
1/10/2007,1.163,1.172,1.1624,1.1683
2/10/2007,1.168,1.1779,1.1677,1.175
3/10/2007,1.1748,1.1809,1.1713,1.1805
4/10/2007,1.1804,1.1815,1.1738,1.1746
5/10/2007,1.1744,1.1848,1.1743,1.1784
8/10/2007,1.1745,1.1871,1.1745,1.1864
9/10/2007,1.1863,1.1895,1.1825,1.1834
10/10/2007,1.1833,1.1846,1.1786,1.1832
11/10/2007,1.183,1.1845,1.177,1.1821
12/10/2007,1.1819,1.1873,1.1805,1.185
15/10/2007,1.183,1.1859,1.1778,1.1808
16/10/2007,1.1806,1.1846,1.1788,1.1825
17/10/2007,1.1824,1.1835,1.1779,1.18
18/10/2007,1.1798,1.1805,1.1663,1.1696
19/10/2007,1.1695,1.1736,1.1657,1.1659
22/10/2007,1.1635,1.1786,1.1602,1.1778
23/10/2007,1.1777,1.1784,1.1703,1.1731
24/10/2007,1.173,1.1775,1.171,1.172
25/10/2007,1.1718,1.1736,1.1636,1.1659
26/10/2007,1.1658,1.1665,1.162,1.1643
29/10/2007,1.1632,1.1671,1.1607,1.1645
30/10/2007,1.1645,1.1671,1.1582,1.1587
31/10/2007,1.1589,1.1627,1.1557,1.1581
1/11/2007,1.1579,1.164,1.1556,1.1583
2/11/2007,1.1581,1.1596,1.1492,1.1542
5/11/2007,1.152,1.1558,1.1509,1.1537
6/11/2007,1.1536,1.1542,1.1423,1.1446
7/11/2007,1.1447,1.1449,1.1258,1.1335
8/11/2007,1.1333,1.1344,1.1254,1.1279
9/11/2007,1.1277,1.1281,1.1189,1.1226
12/11/2007,1.1227,1.13,1.1216,1.1287
13/11/2007,1.1289,1.1298,1.1228,1.1276
14/11/2007,1.1275,1.1277,1.1178,1.1241
15/11/2007,1.124,1.1262,1.1201,1.1227
16/11/2007,1.1224,1.1247,1.1161,1.1179
19/11/2007,1.1171,1.1202,1.115,1.1152
20/11/2007,1.1151,1.1174,1.1055,1.1058
21/11/2007,1.106,1.108,1.1016,1.1018
22/11/2007,1.1015,1.104,1.1005,1.1011
23/11/2007,1.1009,1.1048,1.089,1.1021
26/11/2007,1.1015,1.1071,1.0956,1.0969
27/11/2007,1.0967,1.1069,1.0956,1.1054
28/11/2007,1.1052,1.1195,1.1042,1.1109
29/11/2007,1.1107,1.1209,1.1104,1.1179
30/11/2007,1.1177,1.1328,1.1161,1.1318
3/12/2007,1.13,1.1319,1.1251,1.1273
4/12/2007,1.1273,1.1319,1.1161,1.1167
5/12/2007,1.1167,1.1287,1.1155,1.1274
6/12/2007,1.1274,1.1353,1.1266,1.1296
7/12/2007,1.1296,1.1333,1.1278,1.128
10/12/2007,1.1287,1.1302,1.1236,1.1281
11/12/2007,1.1281,1.1362,1.1255,1.1309
12/12/2007,1.1309,1.1401,1.1275,1.1347
13/12/2007,1.1347,1.1451,1.1299,1.1412
14/12/2007,1.1412,1.1548,1.1402,1.1529
17/12/2007,1.1536,1.1575,1.1479,1.149
18/12/2007,1.149,1.1536,1.1483,1.1517
19/12/2007,1.1518,1.1588,1.1512,1.1554
20/12/2007,1.1554,1.1593,1.1543,1.1582
21/12/2007,1.1582,1.1595,1.1515,1.1548
24/12/2007,1.1559,1.158,1.154,1.1564
25/12/2007,1.1569,1.1615,1.156,1.1582
26/12/2007,1.158,1.159,1.1493,1.1512
27/12/2007,1.1513,1.1529,1.1374,1.1391
28/12/2007,1.1391,1.1415,1.1259,1.1263
31/12/2007,1.1267,1.1371,1.1227,1.1335
1/1/2008,1.1336,1.1348,1.1322,1.1332
2/1/2008,1.1332,1.1338,1.1149,1.1195
3/1/2008,1.1195,1.1202,1.1106,1.1109
4/1/2008,1.1109,1.1163,1.102,1.1083
7/1/2008,1.1078,1.1191,1.1068,1.1164
8/1/2008,1.1164,1.1191,1.1119,1.1125
9/1/2008,1.1125,1.1171,1.1105,1.1166
10/1/2008,1.1166,1.1174,1.1005,1.1035
11/1/2008,1.1035,1.1049,1.0979,1.1014
14/1/2008,1.1016,1.102,1.0886,1.093
15/1/2008,1.093,1.0945,1.0856,1.0929
16/1/2008,1.0929,1.1024,1.0838,1.1007
17/1/2008,1.1005,1.1088,1.0954,1.101
18/1/2008,1.101,1.1064,1.0978,1.0983
21/1/2008,1.0987,1.1111,1.0987,1.1081
22/1/2008,1.1081,1.1123,1.0947,1.0949
23/1/2008,1.0949,1.099,1.0871,1.0915
24/1/2008,1.0915,1.0937,1.0847,1.0879
25/1/2008,1.0879,1.0989,1.0863,1.0967
28/1/2008,1.0964,1.0969,1.0873,1.0893
29/1/2008,1.0893,1.0961,1.0884,1.0938
30/1/2008,1.0938,1.095,1.0816,1.0834
31/1/2008,1.0833,1.0859,1.0758,1.0814
1/2/2008,1.0814,1.0915,1.0733,1.0897
4/2/2008,1.0891,1.0925,1.0864,1.0893
5/2/2008,1.0893,1.1057,1.0873,1.0996
6/2/2008,1.0996,1.1004,1.0952,1.0981
7/2/2008,1.0981,1.1104,1.0933,1.1041
8/2/2008,1.1041,1.1081,1.1007,1.1009
11/2/2008,1.1028,1.1047,1.0946,1.1023
12/2/2008,1.1023,1.1042,1.0981,1.102
13/2/2008,1.102,1.1107,1.101,1.1083
14/2/2008,1.1083,1.1097,1.0965,1.0977
15/2/2008,1.0977,1.0987,1.0886,1.0932
18/2/2008,1.0923,1.1046,1.092,1.1021
19/2/2008,1.1021,1.1028,1.091,1.0941
20/2/2008,1.0941,1.1025,1.0936,1.0995
21/2/2008,1.0995,1.1034,1.0866,1.0897
22/2/2008,1.0897,1.0918,1.0836,1.0852
25/2/2008,1.0851,1.0929,1.0845,1.0894
26/2/2008,1.0894,1.0918,1.0747,1.0756
27/2/2008,1.0756,1.0764,1.0611,1.0632
28/2/2008,1.0632,1.0644,1.0485,1.0521
29/2/2008,1.0521,1.0527,1.0403,1.0412
3/3/2008,1.042,1.0457,1.0309,1.0424
4/3/2008,1.0424,1.0431,1.0336,1.0377
5/3/2008,1.0377,1.0429,1.0335,1.0366
6/3/2008,1.0366,1.0383,1.0214,1.0227
7/3/2008,1.0227,1.0285,1.0135,1.0251
10/3/2008,1.0249,1.0257,1.0172,1.0193
11/3/2008,1.0194,1.0348,1.0149,1.0335
12/3/2008,1.0334,1.0353,1.0128,1.0147
13/3/2008,1.0147,1.0168,1.0045,1.0093
14/3/2008,1.0093,1.0144,0.9974,0.9981
17/3/2008,0.9966,0.9982,0.9638,0.9844
18/3/2008,0.9844,1.0035,0.9786,1.0024
19/3/2008,1.0024,1.0052,0.9871,0.9982
20/3/2008,0.9982,1.0168,0.9955,1.0098
21/3/2008,1.0098,1.0104,1.005,1.0093
24/3/2008,1.0092,1.025,1.009,1.0204
25/3/2008,1.0204,1.0217,1.004,1.0052
26/3/2008,1.0052,1.0114,0.9885,0.9888
27/3/2008,0.9889,0.9988,0.9882,0.9941
28/3/2008,0.9941,0.9997,0.9914,0.9954
31/3/2008,0.9937,0.9994,0.9871,0.9931
1/4/2008,0.9931,1.014,0.9917,1.0123
2/4/2008,1.0123,1.0164,1.0069,1.0086
3/4/2008,1.0086,1.0218,1.0071,1.01
4/4/2008,1.01,1.0131,1.0015,1.006
7/4/2008,1.0069,1.0172,1.0054,1.0131
8/4/2008,1.0131,1.0157,1.0067,1.014
9/4/2008,1.014,1.0168,0.9976,1.0019
10/4/2008,1.0019,1.0088,0.9889,1.0082
11/4/2008,1.0082,1.0089,0.9966,1.0015
14/4/2008,1.0082,1.0113,0.9927,0.9987
15/4/2008,0.9987,1.0087,0.9957,1.0063
16/4/2008,1.0063,1.0108,0.9941,1.0004
17/4/2008,1.0004,1.0093,0.996,1.0063
18/4/2008,1.0064,1.0284,1.0039,1.0179
21/4/2008,1.0183,1.0206,1.0065,1.0087
22/4/2008,1.0087,1.0132,0.9998,1.0033
23/4/2008,1.0033,1.0171,1.0021,1.0152
24/4/2008,1.0152,1.0385,1.0129,1.0355
25/4/2008,1.0355,1.0431,1.0302,1.0341
28/4/2008,1.034,1.0368,1.03,1.0338
29/4/2008,1.0339,1.0399,1.0316,1.0378
30/4/2008,1.0376,1.0443,1.0329,1.0345
1/5/2008,1.0345,1.0509,1.0335,1.0484
2/5/2008,1.0483,1.0608,1.0465,1.0572
5/5/2008,1.0573,1.0596,1.051,1.0536
6/5/2008,1.0536,1.055,1.0427,1.0521
7/5/2008,1.0522,1.0593,1.0512,1.0552
8/5/2008,1.0552,1.0626,1.0482,1.0511
9/5/2008,1.0512,1.0515,1.039,1.0411
12/5/2008,1.0412,1.0512,1.0403,1.0437
13/5/2008,1.0437,1.0557,1.0419,1.0528
14/5/2008,1.0528,1.0601,1.0513,1.0547
15/5/2008,1.0547,1.0594,1.0486,1.057
16/5/2008,1.0571,1.0588,1.0432,1.0476
19/5/2008,1.0454,1.0573,1.0415,1.0533
20/5/2008,1.0534,1.0538,1.0357,1.0376
21/5/2008,1.0376,1.039,1.025,1.025
22/5/2008,1.0251,1.0355,1.0234,1.0305
23/5/2008,1.0306,1.0336,1.0215,1.0241
26/5/2008,1.0238,1.0276,1.0232,1.0245
27/5/2008,1.0245,1.0347,1.0224,1.0337
28/5/2008,1.0337,1.0424,1.026,1.0381
29/5/2008,1.038,1.0524,1.0365,1.0494
30/5/2008,1.0494,1.0528,1.0414,1.0423
2/6/2008,1.045,1.0453,1.0326,1.0375
3/6/2008,1.0375,1.049,1.0275,1.0422
4/6/2008,1.0422,1.0446,1.0362,1.0423
5/6/2008,1.0423,1.0522,1.0352,1.038
6/6/2008,1.038,1.0409,1.0185,1.0185
9/6/2008,1.0187,1.0297,1.0149,1.0275
10/6/2008,1.0275,1.0439,1.0265,1.0418
11/6/2008,1.0418,1.0448,1.0309,1.0317
12/6/2008,1.0317,1.049,1.0303,1.0416
13/6/2008,1.0416,1.0541,1.0388,1.0466
16/6/2008,1.0468,1.052,1.038,1.0447
17/6/2008,1.0447,1.0464,1.0377,1.0416
18/6/2008,1.0416,1.0468,1.0356,1.0361
19/6/2008,1.0362,1.0475,1.032,1.0455
20/6/2008,1.0455,1.0462,1.0305,1.0358
23/6/2008,1.0358,1.0494,1.0333,1.0453
24/6/2008,1.0454,1.047,1.035,1.0417
25/6/2008,1.0418,1.0447,1.0341,1.0349
26/6/2008,1.0349,1.0391,1.0221,1.0238
27/6/2008,1.0238,1.0269,1.0166,1.0178
30/6/2008,1.0178,1.0217,1.0131,1.021
1/7/2008,1.021,1.0228,1.0139,1.0198
2/7/2008,1.0197,1.0233,1.0131,1.014
3/7/2008,1.0138,1.0283,1.0112,1.0263
4/7/2008,1.0263,1.0277,1.0232,1.0254
7/7/2008,1.0256,1.0343,1.0226,1.027
8/7/2008,1.027,1.0349,1.022,1.0337
9/7/2008,1.0338,1.0353,1.0277,1.028
10/7/2008,1.0281,1.0338,1.0254,1.0278
11/7/2008,1.0278,1.0304,1.0137,1.0161
14/7/2008,1.0166,1.0251,1.0135,1.0161
15/7/2008,1.0161,1.0177,1.0012,1.0092
16/7/2008,1.0093,1.0188,1.0029,1.0173
17/7/2008,1.0174,1.0259,1.0136,1.0193
18/7/2008,1.0193,1.0252,1.0175,1.0228
21/7/2008,1.0224,1.0242,1.0171,1.0177
22/7/2008,1.0177,1.0335,1.0138,1.0311
23/7/2008,1.031,1.04,1.0291,1.0376
24/7/2008,1.0377,1.0405,1.0352,1.0372
25/7/2008,1.0372,1.0408,1.0316,1.0367
28/7/2008,1.038,1.0388,1.0325,1.0345
29/7/2008,1.0346,1.0479,1.0319,1.0468
30/7/2008,1.0469,1.0522,1.044,1.0483
31/7/2008,1.0483,1.0497,1.0404,1.047
1/8/2008,1.0471,1.0517,1.046,1.0496
4/8/2008,1.0492,1.0507,1.0435,1.0483
5/8/2008,1.0483,1.0559,1.0479,1.0544
6/8/2008,1.0545,1.061,1.0502,1.06
7/8/2008,1.06,1.0638,1.0524,1.0625
8/8/2008,1.0625,1.0837,1.0608,1.0823
11/8/2008,1.0819,1.0882,1.0742,1.086
12/8/2008,1.0861,1.0926,1.083,1.0868
13/8/2008,1.0868,1.0922,1.0826,1.0854
14/8/2008,1.0853,1.0981,1.0837,1.0928
15/8/2008,1.0927,1.1009,1.0925,1.0977
18/8/2008,1.0973,1.1005,1.0912,1.0974
19/8/2008,1.0973,1.1033,1.0903,1.0921
20/8/2008,1.092,1.1041,1.0897,1.099
21/8/2008,1.099,1.1001,1.0844,1.0858
22/8/2008,1.0858,1.0999,1.0855,1.0987
25/8/2008,1.099,1.1033,1.0923,1.0961
26/8/2008,1.0963,1.1087,1.0954,1.0995
27/8/2008,1.0996,1.1025,1.0916,1.0976
28/8/2008,1.0976,1.1013,1.0884,1.0986
29/8/2008,1.0984,1.1039,1.0924,1.1012
1/9/2008,1.1003,1.1047,1.095,1.1014
2/9/2008,1.1014,1.113,1.1008,1.1066
3/9/2008,1.1066,1.1172,1.1043,1.1061
4/9/2008,1.1062,1.1131,1.1009,1.1092
5/9/2008,1.1091,1.1192,1.1068,1.1188
8/9/2008,1.1187,1.1373,1.1129,1.1316
9/9/2008,1.1316,1.1364,1.1215,1.127
10/9/2008,1.1271,1.1373,1.1243,1.1366
11/9/2008,1.1367,1.1418,1.1336,1.1381
12/9/2008,1.1382,1.14,1.1292,1.1305
15/9/2008,1.1214,1.1279,1.1057,1.1159
16/9/2008,1.116,1.1247,1.1048,1.1225
17/9/2008,1.1227,1.1249,1.0993,1.1029
18/9/2008,1.1029,1.1109,1.0907,1.1046
19/9/2008,1.1046,1.128,1.1008,1.1054
22/9/2008,1.1039,1.1055,1.0696,1.0743
23/9/2008,1.0744,1.0889,1.0726,1.0864
24/9/2008,1.0863,1.092,1.0804,1.0916
25/9/2008,1.0916,1.0941,1.0802,1.0906
26/9/2008,1.0907,1.0912,1.083,1.09
29/9/2008,1.0872,1.1087,1.0816,1.0896
30/9/2008,1.0893,1.1247,1.0886,1.1221
1/10/2008,1.1221,1.1291,1.1146,1.1255
2/10/2008,1.1256,1.1413,1.1237,1.1357
3/10/2008,1.1358,1.1402,1.1219,1.1282
6/10/2008,1.1283,1.1487,1.1281,1.148
7/10/2008,1.148,1.1488,1.1361,1.1393
8/10/2008,1.1393,1.1444,1.1212,1.1264
9/10/2008,1.1262,1.1343,1.1229,1.1288
10/10/2008,1.1287,1.1411,1.1129,1.139
13/10/2008,1.1316,1.1441,1.1244,1.137
14/10/2008,1.137,1.1389,1.1274,1.1372
15/10/2008,1.1372,1.1406,1.1298,1.1317
16/10/2008,1.1317,1.149,1.1283,1.1379
17/10/2008,1.1379,1.1395,1.1294,1.1358
20/10/2008,1.1367,1.1524,1.1324,1.1494
21/10/2008,1.1495,1.1591,1.1472,1.1511
22/10/2008,1.1512,1.1712,1.1509,1.1631
23/10/2008,1.1632,1.1699,1.1587,1.1588
24/10/2008,1.1589,1.1748,1.1483,1.1674
27/10/2008,1.1668,1.1715,1.152,1.1554
28/10/2008,1.1554,1.1656,1.1538,1.1595
29/10/2008,1.1595,1.1597,1.1259,1.1307
30/10/2008,1.1306,1.1479,1.1209,1.1388
31/10/2008,1.1388,1.1684,1.1357,1.1578
3/11/2008,1.1586,1.1749,1.1475,1.1748
4/11/2008,1.1748,1.1802,1.1569,1.1621
5/11/2008,1.1621,1.1747,1.1552,1.158
6/11/2008,1.1579,1.1796,1.1572,1.178
7/11/2008,1.178,1.1799,1.1681,1.1789
10/11/2008,1.1773,1.1803,1.1714,1.1788
11/11/2008,1.1788,1.1879,1.1724,1.1878
12/11/2008,1.1877,1.1896,1.1763,1.1866
13/11/2008,1.1866,1.2001,1.1827,1.187
14/11/2008,1.1869,1.1994,1.1841,1.1958
17/11/2008,1.1953,1.2017,1.1889,1.1989
18/11/2008,1.1989,1.2046,1.1968,1.2034
19/11/2008,1.2034,1.2145,1.1944,1.2138
20/11/2008,1.2138,1.2278,1.2103,1.2247
21/11/2008,1.2247,1.2298,1.2174,1.2254
24/11/2008,1.2227,1.2243,1.1924,1.1937
25/11/2008,1.1937,1.2061,1.1829,1.1835
26/11/2008,1.1835,1.2078,1.1828,1.2041
27/11/2008,1.2041,1.2044,1.1955,1.2001
28/11/2008,1.2001,1.2199,1.1962,1.2136
1/12/2008,1.215,1.2159,1.2021,1.2058
2/12/2008,1.2057,1.2096,1.1995,1.2062
3/12/2008,1.2063,1.2169,1.2051,1.2094
4/12/2008,1.2094,1.2188,1.1926,1.1954
5/12/2008,1.1954,1.2251,1.1932,1.2203
8/12/2008,1.2188,1.2218,1.2019,1.2034
9/12/2008,1.2033,1.2177,1.2007,1.2053
10/12/2008,1.2053,1.2084,1.1927,1.1987
11/12/2008,1.1984,1.2002,1.1791,1.1838
12/12/2008,1.1838,1.1868,1.1741,1.1773
15/12/2008,1.1727,1.1774,1.1565,1.1591
16/12/2008,1.1591,1.1601,1.1144,1.1236
17/12/2008,1.124,1.125,1.0717,1.0721
18/12/2008,1.0721,1.0868,1.0414,1.0833
19/12/2008,1.0835,1.113,1.0745,1.1042
22/12/2008,1.104,1.1063,1.0883,1.0936
23/12/2008,1.0936,1.0952,1.0831,1.0888
24/12/2008,1.0889,1.0896,1.0715,1.0732
25/12/2008,1.0732,1.08,1.0725,1.0769
26/12/2008,1.0769,1.0795,1.0668,1.07
29/12/2008,1.0703,1.0703,1.0371,1.0622
30/12/2008,1.0622,1.0637,1.0487,1.0602
31/12/2008,1.06,1.0742,1.0541,1.0687
1/1/2009,1.067,1.0687,1.0613,1.0617
2/1/2009,1.0617,1.0846,1.0611,1.0813
5/1/2009,1.0827,1.1124,1.0707,1.1089
6/1/2009,1.1088,1.1279,1.1074,1.1145
7/1/2009,1.1145,1.1208,1.0869,1.1015
8/1/2009,1.1015,1.1085,1.0865,1.0928
9/1/2009,1.0928,1.1189,1.0889,1.1141
12/1/2009,1.1139,1.1242,1.1098,1.1146
13/1/2009,1.1146,1.1254,1.1136,1.1189
14/1/2009,1.1189,1.124,1.1123,1.116
15/1/2009,1.116,1.1289,1.1136,1.1247
16/1/2009,1.1247,1.1251,1.111,1.1197
19/1/2009,1.1146,1.1346,1.1123,1.1344
20/1/2009,1.1344,1.1519,1.1316,1.1462
21/1/2009,1.1462,1.1616,1.1382,1.1532
22/1/2009,1.1532,1.1597,1.151,1.1524
23/1/2009,1.1524,1.1716,1.151,1.1542
26/1/2009,1.1543,1.1645,1.1345,1.1373
27/1/2009,1.1373,1.1436,1.1315,1.1426
28/1/2009,1.1426,1.1566,1.1331,1.1513
29/1/2009,1.1513,1.1581,1.1407,1.1533
30/1/2009,1.1533,1.166,1.1517,1.1619
2/2/2009,1.161,1.1685,1.1578,1.1612
3/2/2009,1.1612,1.1667,1.1401,1.1426
4/2/2009,1.1426,1.1637,1.1412,1.1583
5/2/2009,1.1583,1.1721,1.1573,1.1703
6/2/2009,1.1703,1.1744,1.1593,1.1621
9/2/2009,1.1612,1.1679,1.1503,1.1641
10/2/2009,1.1641,1.1782,1.1507,1.1568
11/2/2009,1.1568,1.1633,1.1513,1.1583
12/2/2009,1.1583,1.1715,1.156,1.1631
13/2/2009,1.1631,1.1661,1.1561,1.159
16/2/2009,1.1612,1.1707,1.158,1.1596
17/2/2009,1.1596,1.1779,1.1584,1.1694
18/2/2009,1.1694,1.1827,1.1652,1.1782
19/2/2009,1.1782,1.1799,1.1703,1.1736
20/2/2009,1.1736,1.1884,1.1462,1.156
23/2/2009,1.1558,1.1698,1.1462,1.1686
24/2/2009,1.1686,1.1713,1.1533,1.1601
25/2/2009,1.1601,1.1743,1.1549,1.1699
26/2/2009,1.1698,1.1729,1.1596,1.1645
27/2/2009,1.1645,1.1761,1.1613,1.1689
2/3/2009,1.172,1.1796,1.1685,1.1753
3/3/2009,1.1753,1.1788,1.1684,1.176
4/3/2009,1.176,1.1849,1.1673,1.1676
5/3/2009,1.1676,1.1809,1.1646,1.1713
6/3/2009,1.1713,1.1718,1.1486,1.1577
9/3/2009,1.1584,1.1681,1.1535,1.1583
10/3/2009,1.1583,1.1651,1.1432,1.1605
11/3/2009,1.1605,1.1676,1.1521,1.153
12/3/2009,1.153,1.1967,1.1497,1.1851
13/3/2009,1.1851,1.1934,1.1836,1.1852
16/3/2009,1.1888,1.1913,1.1804,1.185
17/3/2009,1.185,1.1902,1.1813,1.1823
18/3/2009,1.1823,1.1832,1.1382,1.1411
19/3/2009,1.1411,1.1458,1.116,1.1236
20/3/2009,1.1236,1.1298,1.117,1.127
23/3/2009,1.128,1.1342,1.1172,1.1248
24/3/2009,1.1248,1.1325,1.1209,1.1317
25/3/2009,1.1317,1.1329,1.117,1.1213
26/3/2009,1.1213,1.1289,1.1182,1.1271
27/3/2009,1.1271,1.1481,1.1224,1.144
30/3/2009,1.144,1.1549,1.1428,1.1484
31/3/2009,1.1484,1.1516,1.1357,1.1394
1/4/2009,1.1395,1.1507,1.137,1.1455
2/4/2009,1.1454,1.1488,1.1308,1.134
3/4/2009,1.134,1.1391,1.1297,1.1311
6/4/2009,1.1302,1.1407,1.1241,1.1364
7/4/2009,1.1364,1.1483,1.1346,1.1423
8/4/2009,1.1423,1.1519,1.1415,1.1469
9/4/2009,1.1469,1.1605,1.1428,1.156
10/4/2009,1.156,1.1624,1.154,1.1549
13/4/2009,1.155,1.1609,1.1305,1.1332
14/4/2009,1.1332,1.1448,1.1322,1.1387
15/4/2009,1.1387,1.1488,1.1368,1.1427
16/4/2009,1.1427,1.152,1.14,1.1465
17/4/2009,1.1465,1.1689,1.1459,1.1651
20/4/2009,1.1633,1.1742,1.1633,1.1689
21/4/2009,1.1689,1.1719,1.1637,1.1675
22/4/2009,1.1675,1.1721,1.1599,1.1636
23/4/2009,1.1636,1.1676,1.1502,1.1505
24/4/2009,1.1505,1.1526,1.135,1.1385
27/4/2009,1.1377,1.1604,1.1361,1.1559
28/4/2009,1.1559,1.1597,1.142,1.1427
29/4/2009,1.144000,1.145000,1.129900,1.136400
30/4/2009,1.136900,1.143600,1.127000,1.140200
1/5/2009,1.141200,1.141600,1.133300,1.136000
4/5/2009,1.136200,1.142400,1.125100,1.126000
5/5/2009,1.125700,1.136400,1.124300,1.131900
6/5/2009,1.133900,1.138200,1.128500,1.131700
7/5/2009,1.133300,1.142400,1.125100,1.130600
8/5/2009,1.130500,1.134000,1.105100,1.105800
11/5/2009,1.106000,1.110900,1.101800,1.109400
12/5/2009,1.125700,1.136000,1.124300,1.130500
13/5/2009,1.105500,1.110400,1.097500,1.107000
14/5/2009,1.107400,1.112500,1.102400,1.104300
15/5/2009,1.104600,1.125100,1.103500,1.121900
18/5/2009,1.122800,1.126900,1.113600,1.114200
19/5/2009,1.114500,1.116700,1.106800,1.108700
20/5/2009,1.109600,1.113300,1.096600,1.100700
21/5/2009,1.101300,1.106000,1.091200,1.093500
22/5/2009,1.092700,1.093400,1.080900,1.085400
25/5/2009,1.084600,1.087600,1.081400,1.083000
26/5/2009,1.082900,1.093000,1.081200,1.084200
27/5/2009,1.083900,1.090600,1.080800,1.089200
28/5/2009,1.092500,1.095700,1.080100,1.083900
29/5/2009,1.085300,1.086200,1.065400,1.067500
1/6/2009,1.068600,1.072800,1.061600,1.069800
2/6/2009,1.070900,1.074700,1.058900,1.061600
3/6/2009,1.061200,1.075000,1.060000,1.070400
4/6/2009,1.071200,1.077000,1.063800,1.068200
5/6/2009,1.069500,1.091200,1.066000,1.085300
8/6/2009,1.091300,1.091800,1.090500,1.091200
9/6/2009,1.091300,1.095500,1.076100,1.078500
10/6/2009,1.077600,1.086000,1.072000,1.080600
11/6/2009,1.082000,1.084200,1.065100,1.069700
12/6/2009,1.071300,1.084800,1.068500,1.079600
15/6/2009,1.079800,1.095100,1.078200,1.092000
16/6/2009,1.092600,1.095800,1.082200,1.088400
17/6/2009,1.088500,1.092600,1.076300,1.079100
18/6/2009,1.079800,1.089900,1.076100,1.086200
19/6/2009,1.085900,1.089500,1.076600,1.081400
22/6/2009,1.080900,1.089800,1.080900,1.086400
23/6/2009,1.086900,1.088300,1.064200,1.066700
24/6/2009,1.067000,1.102500,1.063200,1.098200
25/6/2009,1.097600,1.101900,1.092100,1.094500
26/6/2009,1.093800,1.094000,1.079700,1.082400
29/6/2009,1.084100,1.091300,1.080900,1.082500
30/6/2009,1.085900,1.088600,1.084600,1.087500
1/7/2009,1.085900,1.088600,1.070600,1.074700
3/7/2009,1.087900,1.089600,1.082900,1.086400
7/7/2009,1.085200,1.091700,1.080000,1.089300
8/7/2009,1.089800,1.094300,1.087600,1.089700
9/7/2009,1.078600,1.080300,1.078600,1.079900
10/7/2009,1.078600,1.092600,1.078600,1.087000
13/7/2009,1.084400,1.089100,1.080900,1.082600
14/7/2009,1.081000,1.094100,1.080500,1.089100
15/7/2009,1.089100,1.089300,1.072300,1.074700
16/7/2009,1.075400,1.079100,1.070400,1.072900
20/7/2009,1.076500,1.076500,1.065600,1.067800
21/7/2009,1.068200,1.071800,1.062400,1.065800
22/7/2009,1.066700,1.071700,1.063100,1.065800
23/7/2009,1.066700,1.077100,1.063300,1.074500
27/7/2009,1.071400,1.074300,1.065400,1.069900
28/7/2009,1.070600,1.079800,1.065800,1.075400
29/7/2009,1.075700,1.091000,1.073100,1.088100
30/7/2009,1.088800,1.093500,1.084200,1.088100
31/7/2009,1.087600,1.089200,1.065900,1.068300
4/8/2009,1.059200,1.064700,1.057700,1.059900
5/8/2009,1.059400,1.066100,1.058400,1.061500
8/9/2009,1.059600,1.060300,1.043200,1.047000
11/9/2009,1.038700,1.040000,1.033900,1.037400
14/9/2009,1.036800,1.042400,1.032900,1.034500
1/10/2009,1.035300,1.045300,1.033800,1.041200
7/10/2009,1.026800,1.036000,1.025900,1.033200
9/10/2009,1.027800,1.035200,1.026600,1.031600
13/10/2009,1.025900,1.027900,1.019400,1.021600
16/10/2009,1.015600,1.022400,1.013000,1.018200
2/11/2009,1.026100,1.026300,1.016500,1.021600
5/11/2009,1.015500,1.019400,1.013200,1.016800
10/11/2009,1.007800,1.010900,1.006000,1.007800
11/11/2009,1.006600,1.010000,1.003600,1.008100
24/11/2009,1.010900,1.015200,1.007700,1.009300
25/11/2009,1.008400,1.009300,0.995600,0.996600
26/11/2009,0.997200,1.007100,0.991000,1.002600
2/12/2009,0.999100,1.002700,0.997900,1.001900
3/12/2009,0.999800,1.001600,0.996100,1.001400
4/12/2009,1.000600,1.019200,0.998700,1.016100
8/12/2009,1.019700,1.028300,1.016500,1.027100
9/12/2009,1.028000,1.030100,1.021800,1.026800
11/12/2009,1.026000,1.036800,1.023500,1.034500
18/12/2009,1.047300,1.048000,1.038700,1.042100
22/12/2009,1.045400,1.050400,1.044300,1.048900
1/1/2010,1.036600,1.038700,1.028600,1.035800
11/1/2010,1.020000,1.023600,1.013000,1.016100
19/1/2010,1.024200,1.035600,1.022400,1.032500
20/1/2010,1.033300,1.046300,1.032500,1.044100
2/2/2010,0.000000,0.000000,0.000000,0.000000
4/2/2010,1.058200,1.063400,1.058200,1.062300
15/2/2010,1.075700,1.080500,1.075500,1.078100
16/2/2010,1.078300,1.078900,1.071800,1.074300
22/2/2010,1.075200,1.078900,1.074000,1.076300
24/2/2010,1.083600,1.084300,1.073900,1.081200
25/2/2010,1.081600,1.087900,1.078400,1.080200
1/3/2010,1.073300,1.087100,1.071900,1.079600
5/3/2010,1.076800,1.080900,1.073500,1.074200
11/3/2010,1.070700,1.073200,1.068200,1.068500
18/3/2010,1.054500,1.064700,1.053300,1.058700
25/3/2010,1.071200,1.075200,1.067400,1.073800
21/4/2010,1.069400,1.072500,1.065900,1.070100
7/5/2010,1.113400,1.117500,1.106100,1.108500
10/5/2010,1.104600,1.111600,1.092400,1.110100
12/5/2010,1.111100,1.113900,1.105900,1.111300
