30/4/2007,10.9497,10.9668,10.9167,10.9657
1/5/2007,10.971,10.971,10.9283,10.936
2/5/2007,10.93,10.9379,10.9132,10.9152
3/5/2007,10.9135,10.9177,10.889,10.9151
4/5/2007,10.912,10.9155,10.8767,10.8809
7/5/2007,10.8805,10.885,10.8322,10.8332
8/5/2007,10.8307,10.8594,10.8299,10.8457
9/5/2007,10.844,10.851,10.788,10.7922
10/5/2007,10.7908,10.8546,10.7908,10.8495
11/5/2007,10.8465,10.8641,10.7969,10.7981
14/5/2007,10.8025,10.8134,10.7824,10.799
15/5/2007,10.7975,10.8286,10.7887,10.8076
16/5/2007,10.8052,10.8077,10.7667,10.7829
17/5/2007,10.7815,10.8182,10.7683,10.8123
18/5/2007,10.8096,10.8346,10.7973,10.8004
21/5/2007,10.7895,10.8063,10.7656,10.7692
22/5/2007,10.7677,10.797,10.7383,10.795
23/5/2007,10.793,10.8015,10.7596,10.8012
24/5/2007,10.7987,10.8533,10.7987,10.8388
25/5/2007,10.835,10.8385,10.7577,10.786
28/5/2007,10.7795,10.8027,10.7715,10.7847
29/5/2007,10.7894,10.8259,10.7738,10.8138
30/5/2007,10.8089,10.8481,10.7442,10.7455
31/5/2007,10.7419,10.7631,10.7288,10.7416
1/6/2007,10.7372,10.7479,10.6954,10.7153
4/6/2007,10.7145,10.7674,10.7119,10.7625
5/6/2007,10.7591,10.8142,10.7591,10.808
6/6/2007,10.8057,10.8774,10.8057,10.8631
7/6/2007,10.8652,10.9536,10.8464,10.9522
8/6/2007,11.0384,11.0427,10.9111,10.9115
11/6/2007,10.9295,10.9478,10.8925,10.9132
12/6/2007,10.92,11.0189,10.9125,11.0163
13/6/2007,11.031,11.0341,10.9205,10.9223
14/6/2007,10.919,10.9337,10.8656,10.874
15/6/2007,10.8805,10.8835,10.7611,10.7751
18/6/2007,10.7788,10.7916,10.7483,10.7813
19/6/2007,10.795,10.7967,10.7258,10.7408
20/6/2007,10.7355,10.8435,10.7083,10.8434
21/6/2007,10.8398,10.866,10.775,10.8165
22/6/2007,10.8125,10.8477,10.7896,10.8424
25/6/2007,10.8251,10.8547,10.806,10.848
26/6/2007,10.8573,10.8762,10.8309,10.8729
27/6/2007,10.871,10.9092,10.8139,10.817
28/6/2007,10.817,10.8226,10.7833,10.8048
29/6/2007,10.7927,10.8171,10.7643,10.8084
2/7/2007,10.7856,10.789,10.7486,10.7577
3/7/2007,10.7465,10.7852,10.7463,10.7745
4/7/2007,10.7665,10.7752,10.7507,10.7568
5/7/2007,10.7765,10.8109,10.7733,10.8014
6/7/2007,10.805,10.8102,10.7647,10.7691
9/7/2007,10.764,10.7653,10.7395,10.7631
10/7/2007,10.7715,10.8445,10.7705,10.8438
11/7/2007,10.84,10.8628,10.7978,10.8022
12/7/2007,10.8,10.8063,10.7529,10.7587
13/7/2007,10.759,10.7767,10.7485,10.7606
16/7/2007,10.7491,10.7884,10.749,10.7824
17/7/2007,10.7885,10.7901,10.7294,10.747
18/7/2007,10.7645,10.77,10.7285,10.7378
19/7/2007,10.7127,10.7528,10.698,10.7478
20/7/2007,10.7515,10.8022,10.7515,10.7935
23/7/2007,10.7705,10.7799,10.75,10.7674
24/7/2007,10.775,10.8454,10.7646,10.8372
25/7/2007,10.8318,10.8862,10.8045,10.8596
26/7/2007,10.8726,10.9996,10.8726,10.9727
27/7/2007,10.9695,11.022,10.9406,11.0125
30/7/2007,10.995,11.036,10.9088,10.9207
31/7/2007,10.917,10.99,10.8894,10.986
1/8/2007,11.02,11.0352,10.9429,10.9439
2/8/2007,10.9472,10.9622,10.919,10.9447
3/8/2007,10.9376,11.0121,10.9347,10.9985
6/8/2007,10.9901,11.0099,10.9505,10.9592
7/8/2007,10.9678,10.9933,10.9467,10.9527
8/8/2007,10.9473,10.9501,10.9125,10.9244
9/8/2007,10.9599,11.0189,10.9599,11.0065
10/8/2007,11.0155,11.0523,10.9919,11.0025
13/8/2007,11.0335,11.0355,10.9739,11.0282
14/8/2007,11.029,11.095,11.0163,11.0917
15/8/2007,11.1127,11.1974,11.0858,11.195
16/8/2007,11.2315,11.3285,11.188,11.1906
17/8/2007,11.2156,11.2273,11.0781,11.0823
20/8/2007,11.0816,11.1462,11.0615,11.1219
21/8/2007,11.1161,11.1535,11.0969,11.1421
22/8/2007,11.1018,11.1067,11.0376,11.0492
23/8/2007,11.0195,11.0911,11.0025,11.0684
24/8/2007,11.0821,11.091,11.0007,11.0063
27/8/2007,11.0178,11.0732,11.0012,11.071
28/8/2007,11.0595,11.146,11.0585,11.1459
29/8/2007,11.1282,11.1282,11.0671,11.077
30/8/2007,11.0884,11.1126,11.0702,11.078
31/8/2007,11.062,11.0675,11.0225,11.0303
3/9/2007,11.0171,11.0326,11.0116,11.0201
4/9/2007,11.0295,11.048,11.0187,11.0288
5/9/2007,11.026,11.0971,11.026,11.0792
6/9/2007,11.076,11.0904,11.0497,11.0562
7/9/2007,11.0635,11.1512,11.0548,11.1412
10/9/2007,11.1257,11.1526,11.1075,11.1254
11/9/2007,11.1105,11.122,11.0695,11.0853
12/9/2007,11.0806,11.108,11.0594,11.1042
13/9/2007,11.0975,11.1126,11.066,11.1122
14/9/2007,11.1261,11.1369,11.1011,11.1223
17/9/2007,11.1205,11.1556,11.12,11.1382
18/9/2007,11.1315,11.1357,10.9973,10.9987
19/9/2007,10.9965,11.0131,10.9571,10.9904
20/9/2007,10.996,11.0105,10.9608,10.9923
21/9/2007,10.9922,10.9952,10.9422,10.9587
24/9/2007,10.9485,10.957,10.9242,10.9518
25/9/2007,10.962,10.9885,10.9211,10.9288
26/9/2007,10.9315,10.9359,10.9108,10.92
27/9/2007,10.9185,10.9323,10.8885,10.9175
28/9/2007,10.922,10.9466,10.9156,10.9354
1/10/2007,10.9645,10.9645,10.8835,10.891
2/10/2007,10.8998,10.9263,10.8917,10.9028
3/10/2007,10.9023,10.9163,10.859,10.9088
4/10/2007,10.9055,10.9166,10.8728,10.8764
5/10/2007,10.8795,10.8827,10.837,10.8515
8/10/2007,10.843,10.8636,10.8308,10.8481
9/10/2007,10.854,10.8577,10.819,10.8286
10/10/2007,10.8267,10.8556,10.8168,10.8255
11/10/2007,10.8232,10.8383,10.7987,10.8351
12/10/2007,10.843,10.8435,10.8016,10.8076
15/10/2007,10.8127,10.8295,10.7864,10.8174
16/10/2007,10.8385,10.851,10.8153,10.8174
17/10/2007,10.8152,10.846,10.7975,10.8186
18/10/2007,10.8165,10.8409,10.7814,10.7818
19/10/2007,10.7805,10.8313,10.764,10.8275
22/10/2007,10.8485,10.8645,10.8194,10.8217
23/10/2007,10.8188,10.8356,10.8067,10.8252
24/10/2007,10.8205,10.853,10.8169,10.8342
25/10/2007,10.8294,10.8405,10.8057,10.8135
26/10/2007,10.8097,10.8152,10.7307,10.7345
29/10/2007,10.7263,10.7291,10.7058,10.7121
30/10/2007,10.7105,10.7369,10.7056,10.7354
31/10/2007,10.7335,10.7366,10.6475,10.6542
1/11/2007,10.6513,10.716,10.6417,10.7121
2/11/2007,10.7098,10.7188,10.659,10.6925
5/11/2007,10.7078,10.7437,10.7078,10.725
6/11/2007,10.72,10.7292,10.6908,10.699
7/11/2007,10.6975,10.795,10.6975,10.7925
8/11/2007,10.7905,10.8487,10.7743,10.8085
9/11/2007,10.8057,10.899,10.7858,10.8905
12/11/2007,10.912,10.9509,10.909,10.9478
13/11/2007,10.9425,10.9465,10.8518,10.854
14/11/2007,10.848,10.9079,10.847,10.9017
15/11/2007,10.9021,10.9474,10.9021,10.939
16/11/2007,10.9395,10.9452,10.9153,10.9313
19/11/2007,10.914,11.0097,10.914,10.9931
20/11/2007,10.9905,11.0026,10.9564,10.966
21/11/2007,10.9637,11.0216,10.963,10.9875
22/11/2007,10.9905,10.9935,10.9531,10.9675
23/11/2007,10.9752,10.9881,10.9662,10.9735
26/11/2007,10.9605,11.0206,10.9605,11.0161
27/11/2007,11.0215,11.0293,10.9633,10.9662
28/11/2007,10.965,10.9678,10.9169,10.9273
29/11/2007,10.9265,10.9575,10.9144,10.9159
30/11/2007,10.9125,10.9223,10.8828,10.9202
3/12/2007,10.9035,10.9308,10.8988,10.9056
4/12/2007,10.9135,10.9286,10.8675,10.8867
5/12/2007,10.8718,10.8835,10.8412,10.8449
6/12/2007,10.8463,10.8585,10.8173,10.829
7/12/2007,10.8288,10.8288,10.7985,10.8228
10/12/2007,10.8179,10.8358,10.8039,10.8091
11/12/2007,10.8137,10.8823,10.7906,10.8805
12/12/2007,10.8435,10.8576,10.8009,10.8405
13/12/2007,10.8454,10.8591,10.8196,10.8297
14/12/2007,10.8318,10.8531,10.8157,10.8384
17/12/2007,10.8372,10.8763,10.8232,10.8697
18/12/2007,10.8558,10.8677,10.8334,10.8481
19/12/2007,10.8647,10.8647,10.8339,10.8393
20/12/2007,10.8515,10.8564,10.8184,10.8288
21/12/2007,10.8265,10.8351,10.8066,10.824
24/12/2007,10.8099,10.8225,10.8081,10.8155
25/12/2007,10.815,10.8194,10.8125,10.815
26/12/2007,10.8172,10.8236,10.8086,10.8201
27/12/2007,10.828,10.8871,10.823,10.8796
28/12/2007,10.8815,10.9095,10.8666,10.9036
31/12/2007,10.9037,10.9237,10.8988,10.8988
1/1/2008,10.8904,10.8904,10.8899,10.8902
2/1/2008,10.8994,10.9195,10.8695,10.915
3/1/2008,10.9307,10.9307,10.861,10.885
4/1/2008,10.8779,10.9395,10.8723,10.9237
7/1/2008,10.9237,10.9359,10.8953,10.8982
8/1/2008,10.8822,10.9351,10.8708,10.9271
9/1/2008,10.9137,10.9806,10.9097,10.9387
10/1/2008,10.9392,10.9699,10.9193,10.9339
11/1/2008,10.9363,10.9564,10.9169,10.943
14/1/2008,10.9365,10.9487,10.8974,10.9075
15/1/2008,10.907,10.952,10.9023,10.9474
16/1/2008,10.9694,10.9698,10.9238,10.9396
17/1/2008,10.9473,10.9536,10.9283,10.9507
18/1/2008,10.9345,10.9399,10.8914,10.9045
21/1/2008,10.9573,11.0157,10.946,10.9975
22/1/2008,10.9725,10.9909,10.9123,10.9307
23/1/2008,10.95,10.9718,10.9156,10.9178
24/1/2008,10.9187,10.9192,10.8822,10.8911
25/1/2008,10.8913,10.9053,10.8561,10.8988
28/1/2008,10.8964,10.9105,10.8635,10.8673
29/1/2008,10.8675,10.8725,10.8393,10.8481
30/1/2008,10.8454,10.856,10.8156,10.8383
31/1/2008,10.8435,10.8503,10.8112,10.8272
1/2/2008,10.8275,10.8293,10.7973,10.8096
4/2/2008,10.797,10.801,10.7866,10.7929
5/2/2008,10.7972,10.8475,10.7859,10.8456
6/2/2008,10.8435,10.8454,10.8071,10.8186
7/2/2008,10.834,10.8434,10.7595,10.7698
8/2/2008,10.7836,10.7873,10.7455,10.7622
11/2/2008,10.7552,10.7784,10.7527,10.7669
12/2/2008,10.7761,10.7802,10.739,10.7641
13/2/2008,10.7612,10.7656,10.7381,10.745
14/2/2008,10.7437,10.7624,10.7297,10.7604
15/2/2008,10.7575,10.7689,10.7483,10.7596
18/2/2008,10.7525,10.7619,10.73,10.7362
19/2/2008,10.7406,10.7722,10.723,10.7631
20/2/2008,10.7839,10.802,10.7722,10.782
21/2/2008,10.775,10.8096,10.7649,10.8044
22/2/2008,10.8064,10.8064,10.7689,10.7733
25/2/2008,10.7688,10.7989,10.757,10.7735
26/2/2008,10.7639,10.772,10.7265,10.73
27/2/2008,10.7361,10.7426,10.6962,10.6987
28/2/2008,10.7022,10.7041,10.6521,10.6742
29/2/2008,10.6826,10.7314,10.681,10.7136
3/3/2008,10.7204,10.7316,10.6915,10.694
4/3/2008,10.7052,10.7297,10.6799,10.7216
5/3/2008,10.7162,10.7167,10.6903,10.7039
6/3/2008,10.6988,10.8468,10.6984,10.8435
7/3/2008,10.8388,10.8992,10.817,10.821
10/3/2008,10.8361,10.8587,10.8185,10.8525
11/3/2008,10.8378,10.838,10.7632,10.7688
12/3/2008,10.7612,10.8004,10.7566,10.7695
13/3/2008,10.798,10.8069,10.747,10.751
14/3/2008,10.7612,10.7808,10.7231,10.7664
17/3/2008,10.7983,10.838,10.7675,10.7681
18/3/2008,10.7793,10.7794,10.6708,10.684
19/3/2008,10.7075,10.7225,10.6636,10.7192
20/3/2008,10.7077,10.7372,10.7032,10.7228
21/3/2008,10.723,10.7297,10.7133,10.726
24/3/2008,10.716,10.7181,10.6646,10.6894
25/3/2008,10.68,10.6992,10.6753,10.6933
26/3/2008,10.6994,10.71,10.6807,10.705
27/3/2008,10.6917,10.706,10.6863,10.6935
28/3/2008,10.6985,10.7078,10.6898,10.6946
31/3/2008,10.6945,10.7045,10.6297,10.642
1/4/2008,10.6385,10.642,10.5619,10.5645
2/4/2008,10.5556,10.5869,10.5436,10.576
3/4/2008,10.5777,10.589,10.5435,10.5595
4/4/2008,10.547,10.5774,10.5261,10.5664
7/4/2008,10.5555,10.5557,10.5269,10.552
8/4/2008,10.5584,10.5703,10.5493,10.5651
9/4/2008,10.5625,10.578,10.5401,10.5732
10/4/2008,10.5825,10.5837,10.5297,10.5356
11/4/2008,10.5328,10.5559,10.5211,10.535
14/4/2008,10.5275,10.541,10.4638,10.4644
15/4/2008,10.4559,10.493,10.4447,10.4585
16/4/2008,10.475,10.4755,10.4468,10.462
17/4/2008,10.4673,10.4928,10.4597,10.4755
18/4/2008,10.4733,10.4844,10.4355,10.4835
21/4/2008,10.4592,10.542,10.4592,10.5328
22/4/2008,10.525,10.5376,10.4764,10.4828
23/4/2008,10.4839,10.4967,10.4653,10.4686
24/4/2008,10.474,10.483,10.4323,10.4417
25/4/2008,10.4495,10.4792,10.4459,10.4642
28/4/2008,10.4672,10.4794,10.4362,10.4735
29/4/2008,10.4805,10.5465,10.4797,10.5382
30/4/2008,10.5308,10.5427,10.4644,10.486
1/5/2008,10.4905,10.5115,10.4813,10.4959
2/5/2008,10.4831,10.4902,10.4437,10.4639
5/5/2008,10.4685,10.4832,10.4556,10.4767
6/5/2008,10.47,10.5074,10.4697,10.502
7/5/2008,10.5107,10.5642,10.5072,10.5568
8/5/2008,10.563,10.5863,10.5276,10.5827
9/5/2008,10.5835,10.5868,10.5561,10.5642
12/5/2008,10.563,10.5632,10.4714,10.4809
13/5/2008,10.5,10.505,10.4641,10.4827
14/5/2008,10.505,10.5147,10.4767,10.4878
15/5/2008,10.4913,10.4956,10.442,10.4467
16/5/2008,10.445,10.445,10.3912,10.3977
19/5/2008,10.3969,10.4035,10.367,10.3751
20/5/2008,10.3876,10.4132,10.3808,10.3885
21/5/2008,10.3925,10.393,10.3525,10.3702
22/5/2008,10.371,10.396,10.3555,10.3663
23/5/2008,10.3703,10.4158,10.3678,10.3901
26/5/2008,10.3932,10.404,10.3784,10.394
27/5/2008,10.3938,10.4064,10.376,10.3782
28/5/2008,10.371,10.3718,10.3261,10.329
29/5/2008,10.3177,10.3396,10.2924,10.3287
30/5/2008,10.3328,10.3435,10.3129,10.33
2/6/2008,10.3325,10.3632,10.3279,10.3372
3/6/2008,10.3237,10.3339,10.2868,10.3127
4/6/2008,10.317,10.3349,10.306,10.3131
5/6/2008,10.3129,10.324,10.2917,10.2971
6/6/2008,10.2985,10.3825,10.284,10.3663
9/6/2008,10.3594,10.3832,10.3464,10.3526
10/6/2008,10.3576,10.437,10.3498,10.4247
11/6/2008,10.4187,10.4485,10.3931,10.4391
12/6/2008,10.4303,10.4307,10.3576,10.372
13/6/2008,10.3754,10.3885,10.3555,10.3591
16/6/2008,10.3489,10.3493,10.3167,10.319
17/6/2008,10.3149,10.3195,10.295,10.3118
18/6/2008,10.3006,10.3124,10.2752,10.3065
19/6/2008,10.3175,10.3278,10.3034,10.307
20/6/2008,10.3039,10.3201,10.2665,10.2715
23/6/2008,10.2808,10.3359,10.2663,10.3253
24/6/2008,10.3225,10.349,10.2805,10.2908
25/6/2008,10.2903,10.3005,10.2635,10.2675
26/6/2008,10.2675,10.3028,10.2663,10.2966
27/6/2008,10.3018,10.3238,10.2892,10.2932
30/6/2008,10.2908,10.3146,10.2762,10.3097
1/7/2008,10.314,10.4231,10.3126,10.3688
2/7/2008,10.3678,10.3941,10.3582,10.392
3/7/2008,10.3923,10.4034,10.3485,10.3538
4/7/2008,10.3468,10.3588,10.3313,10.3348
7/7/2008,10.3527,10.3665,10.3147,10.3347
8/7/2008,10.3463,10.3554,10.3137,10.3155
9/7/2008,10.3043,10.3137,10.2878,10.3044
10/7/2008,10.307,10.3154,10.2954,10.3022
11/7/2008,10.3114,10.3373,10.2785,10.2904
14/7/2008,10.2925,10.3078,10.2808,10.3013
15/7/2008,10.3125,10.3674,10.2915,10.2962
16/7/2008,10.3097,10.3153,10.2255,10.2276
17/7/2008,10.2276,10.2393,10.2131,10.2354
18/7/2008,10.2255,10.2316,10.1723,10.1774
21/7/2008,10.1832,10.188,10.1147,10.1284
22/7/2008,10.1406,10.1429,10.0351,10.0365
23/7/2008,10.0589,10.0838,10.003,10.0084
24/7/2008,10.0233,10.0438,10.0082,10.0335
25/7/2008,10.0276,10.1333,10.0075,10.0988
28/7/2008,10.0843,10.0942,10.047,10.054
29/7/2008,10.0478,10.0711,10.0438,10.0521
30/7/2008,10.0519,10.0588,10.0183,10.0199
31/7/2008,10.0256,10.0541,10.0126,10.0367
1/8/2008,10.0261,10.0261,9.9319,9.9357
4/8/2008,9.9487,9.9619,9.8572,9.8581
5/8/2008,9.8932,9.937,9.8818,9.9128
6/8/2008,9.9168,9.9688,9.9049,9.9459
7/8/2008,9.9422,10.0184,9.931,10.014
8/8/2008,10.009,10.1669,10.0025,10.1567
11/8/2008,10.1448,10.1845,10.1145,10.1824
12/8/2008,10.1829,10.2065,10.1236,10.1605
13/8/2008,10.16,10.214,10.1415,10.1582
14/8/2008,10.1574,10.188,10.1375,10.1684
15/8/2008,10.1675,10.2275,10.1545,10.1866
18/8/2008,10.1831,10.199,10.133,10.175
19/8/2008,10.1753,10.217,10.132,10.1325
20/8/2008,10.134,10.1555,10.1128,10.1416
21/8/2008,10.1448,10.1525,10.089,10.0931
22/8/2008,10.0939,10.1494,10.0783,10.145
25/8/2008,10.1436,10.1485,10.0887,10.1397
26/8/2008,10.1397,10.1932,10.135,10.1582
27/8/2008,10.1577,10.1607,10.126,10.1455
28/8/2008,10.1454,10.259,10.1374,10.2525
29/8/2008,10.2531,10.3025,10.2325,10.287
1/9/2008,10.288,10.3524,10.2799,10.3361
2/9/2008,10.336,10.3974,10.333,10.3615
3/9/2008,10.3614,10.4165,10.3582,10.3952
4/9/2008,10.3953,10.5352,10.3762,10.5225
5/9/2008,10.5232,10.5676,10.4564,10.4618
8/9/2008,10.4528,10.52,10.3833,10.4986
9/9/2008,10.4991,10.5819,10.4325,10.5639
10/9/2008,10.5638,10.6168,10.5332,10.6125
11/9/2008,10.6115,10.6946,10.6052,10.6115
12/9/2008,10.6115,10.6275,10.5609,10.5945
15/9/2008,10.6625,10.7735,10.6081,10.7424
16/9/2008,10.7408,10.7995,10.6842,10.7188
17/9/2008,10.7179,10.9001,10.6719,10.8387
18/9/2008,10.8392,10.9114,10.7359,10.7472
19/9/2008,10.7517,10.7695,10.559,10.6585
22/9/2008,10.6579,10.6621,10.545,10.6284
23/9/2008,10.6308,10.7909,10.615,10.7705
24/9/2008,10.7718,10.854,10.7027,10.8491
25/9/2008,10.85,10.871,10.6977,10.7125
26/9/2008,10.7146,10.838,10.7122,10.7873
29/9/2008,10.7594,11.0526,10.7385,11.032
30/9/2008,11.0317,11.0472,10.9058,10.9378
1/10/2008,10.9375,11.008,10.9032,10.9601
2/10/2008,10.9604,11.2044,10.9032,11.1955
3/10/2008,11.195,11.2895,11.0679,11.2554
6/10/2008,11.2704,11.9992,11.2147,11.805
7/10/2008,11.805,12.3669,11.7805,12.3146
8/10/2008,12.3146,14.2927,11.9569,12.3225
9/10/2008,12.3225,13.2992,11.9755,13.2194
10/10/2008,13.22,14.0759,12.6286,13.093
13/10/2008,13.05,13.0875,12.1362,12.2502
14/10/2008,12.2497,12.5853,11.8212,12.3134
15/10/2008,12.301,13.2401,12.2879,13.145
16/10/2008,13.1513,13.7274,12.8031,12.8343
17/10/2008,12.835,13.0905,12.6459,12.876
20/10/2008,12.7675,13.025,12.6002,12.9901
21/10/2008,12.9925,13.3092,12.9065,13.2366
22/10/2008,13.2339,13.915,13.11,13.879
23/10/2008,13.879,14.3017,13.2262,13.417
24/10/2008,13.4169,14.0999,13.1807,13.3842
27/10/2008,13.6967,13.8619,13.0187,13.5222
28/10/2008,13.5322,13.575,12.986,13.0405
29/10/2008,13.0435,13.111,12.762,12.9119
30/10/2008,12.9171,12.9925,12.5609,12.584
31/10/2008,12.5823,12.9489,12.5506,12.8259
3/11/2008,13.2467,13.47,12.6741,12.7775
4/11/2008,12.7775,12.9339,12.4427,12.4825
5/11/2008,12.4825,12.9637,12.4044,12.7512
6/11/2008,12.7484,13.2032,12.64,13.0471
7/11/2008,13.0549,13.1245,12.7139,12.8018
10/11/2008,12.7626,12.8504,12.6206,12.8222
11/11/2008,12.8225,13.0715,12.7382,12.9663
12/11/2008,12.9662,13.1653,12.9076,13.0499
13/11/2008,13.0499,13.3228,12.8905,12.9227
14/11/2008,12.9215,13.0868,12.8979,13.0613
17/11/2008,12.9975,13.217,12.9759,13.1802
18/11/2008,13.1813,13.2757,13.1285,13.141
19/11/2008,13.141,13.5727,13.0261,13.5138
20/11/2008,13.5139,13.9678,13.3899,13.9
21/11/2008,13.9032,14.1654,13.6381,13.7199
24/11/2008,13.7675,13.954,13.3595,13.4013
25/11/2008,13.4075,13.4859,13.1768,13.2328
26/11/2008,13.2333,13.6458,13.1549,13.25
27/11/2008,13.2506,13.3226,13.1375,13.2039
28/11/2008,13.2585,13.5014,13.1117,13.4647
1/12/2008,13.6375,13.8446,13.46,13.6477
2/12/2008,13.6489,13.755,13.4468,13.5649
3/12/2008,13.5634,13.7519,13.5392,13.6007
4/12/2008,13.6007,13.6859,13.4957,13.595
5/12/2008,13.594,13.8573,13.5404,13.5968
8/12/2008,13.5702,13.7746,13.3404,13.4337
9/12/2008,13.4347,13.611,13.4141,13.569
10/12/2008,13.5654,13.5799,13.3739,13.3956
11/12/2008,13.3955,13.4517,13.1048,13.2694
12/12/2008,13.2707,13.6337,13.205,13.632
15/12/2008,13.48,13.7275,13.2212,13.3474
16/12/2008,13.3474,13.4051,12.9871,13.0513
17/12/2008,13.0419,13.2216,12.9679,13.149
18/12/2008,13.1496,13.3614,13.0869,13.1625
19/12/2008,13.1628,13.2013,13.0532,13.1465
22/12/2008,13.15,13.2747,13.0011,13.1825
23/12/2008,13.205,13.3413,13.1258,13.3269
24/12/2008,13.3269,13.3837,13.2215,13.2945
25/12/2008,13.249,13.4097,13.2379,13.3495
26/12/2008,13.249,13.4416,13.2473,13.44
29/12/2008,13.44,13.7472,13.3961,13.7387
30/12/2008,13.7384,13.8785,13.5857,13.7613
31/12/2008,13.7619,13.9224,13.6596,13.6733
1/1/2009,13.735,13.86,13.6688,13.7146
2/1/2009,13.7453,13.8764,13.6463,13.7603
5/1/2009,13.75,13.7996,13.4343,13.445
6/1/2009,13.445,13.5054,13.2819,13.3802
7/1/2009,13.3801,13.497,13.3174,13.4514
8/1/2009,13.4569,13.6897,13.419,13.6772
9/1/2009,13.6772,13.7783,13.5821,13.62
12/1/2009,13.6433,13.8331,13.5961,13.7718
13/1/2009,13.7718,13.904,13.7156,13.819
14/1/2009,13.819,14.1875,13.771,14.1128
15/1/2009,14.1147,14.3393,13.9129,13.9493
16/1/2009,13.9493,13.9643,13.7091,13.9125
19/1/2009,13.9,14.0233,13.8428,13.8733
20/1/2009,13.8886,14.1058,13.8652,14.0233
21/1/2009,14.0195,14.06,13.7423,13.7544
22/1/2009,13.7551,14.1183,13.7184,14.0647
23/1/2009,14.0647,14.2414,13.9425,14.0285
26/1/2009,14.0425,14.1535,13.8793,14.073
27/1/2009,14.0824,14.2802,13.9633,14.2431
28/1/2009,14.2425,14.26,14.0022,14.0218
29/1/2009,14.0218,14.2425,14.01,14.1848
30/1/2009,14.1848,14.4484,14.0356,14.3333
2/2/2009,14.3325,14.5739,14.3062,14.4162
3/2/2009,14.4749,14.6416,14.4263,14.5708
4/2/2009,14.5708,14.7059,14.4218,14.4396
5/2/2009,14.4396,14.4839,14.2379,14.344
6/2/2009,14.3375,14.3589,14.1371,14.1986
9/2/2009,14.13,14.2307,14.0667,14.2035
10/2/2009,14.207,14.5688,14.1617,14.5253
11/2/2009,14.5253,14.6072,14.4326,14.4945
12/2/2009,14.4946,14.6433,14.4606,14.4716
13/2/2009,14.4671,14.5595,14.3302,14.5585
16/2/2009,14.5262,14.709,14.4608,14.5
17/2/2009,14.5,14.7405,14.4855,14.7127
18/2/2009,14.717,14.731,14.5976,14.6206
19/2/2009,14.6206,14.7794,14.4883,14.7622
20/2/2009,14.76,14.9855,14.65,14.7774
23/2/2009,14.85,14.9648,14.6881,14.9525
24/2/2009,14.9525,14.9715,14.7939,14.8275
25/2/2009,14.8275,14.9665,14.7838,14.9498
26/2/2009,14.9489,15.0123,14.8578,14.9674
27/2/2009,14.9707,15.2773,14.9503,15.255
2/3/2009,15.2505,15.5105,15.2156,15.4225
3/3/2009,15.4225,15.4289,15.248,15.345
4/3/2009,15.3486,15.3859,15.1696,15.2407
5/3/2009,15.2407,15.4532,15.2085,15.3923
6/3/2009,15.3919,15.4178,15.1793,15.1941
9/3/2009,15.2303,15.5892,15.1516,15.5667
10/3/2009,15.566,15.58,15.2404,15.2543
11/3/2009,15.2542,15.2689,15.0368,15.0931
12/3/2009,15.112,15.1946,14.6165,14.7212
13/3/2009,14.7209,14.7491,14.47,14.5221
16/3/2009,14.545,14.8647,13.9923,14.254
17/3/2009,14.2542,14.3361,13.9797,14.051
18/3/2009,14.0506,14.1876,13.8344,13.9398
19/3/2009,13.9398,14.2789,13.7273,14.24
20/3/2009,14.2415,14.2782,14.0084,14.1712
23/3/2009,14.1637,14.4114,13.9895,14.2733
24/3/2009,14.2733,14.3827,14.2118,14.3565
25/3/2009,14.3589,14.4195,14.1755,14.2305
26/3/2009,14.2305,14.2548,14.1098,14.1917
27/3/2009,14.1917,14.3952,14.17,14.3478
30/3/2009,14.335,14.6096,14.2809,14.2879
31/3/2009,14.2883,14.3257,13.9976,14.1722
1/4/2009,14.1722,14.1955,13.846,13.9025
2/4/2009,13.9063,13.9127,13.6952,13.752
3/4/2009,13.752,13.8607,13.5107,13.56
6/4/2009,13.5651,13.6707,13.477,13.5862
7/4/2009,13.5895,13.93,13.4531,13.4687
8/4/2009,13.4688,13.6475,13.3212,13.3632
9/4/2009,13.3632,13.38,13.0563,13.0893
10/4/2009,13.0893,13.2031,13.0862,13.1162
13/4/2009,13.151,13.1895,13.0569,13.1055
14/4/2009,13.1083,13.2152,13.059,13.2108
15/4/2009,13.2109,13.2751,13.0094,13.0165
16/4/2009,13.0165,13.1554,13.0038,13.0891
17/4/2009,13.0891,13.2114,12.9813,13.1282
20/4/2009,13.095,13.4379,13.0823,13.4102
21/4/2009,13.4102,13.4367,12.991,13.1486
22/4/2009,13.1486,13.232,13.0946,13.212
23/4/2009,13.21,13.36,13.1635,13.1801
24/4/2009,13.1777,13.3479,13.0503,13.3405
27/4/2009,13.365,14.061,13.365,14.0505
28/4/2009,14.0505,14.1382,13.804,13.8196
29/4/2009,13.821000,13.880000,13.555000,13.712000
30/4/2009,13.780000,13.984000,13.630000,13.805000
1/5/2009,13.850000,13.874000,13.739000,13.805000
4/5/2009,13.746000,13.845000,13.236000,13.327000
5/5/2009,13.267000,13.315000,13.142000,13.266000
6/5/2009,13.279000,13.319000,13.098000,13.134000
7/5/2009,13.127000,13.251000,12.949000,13.175000
8/5/2009,13.158000,13.201000,13.002000,13.036000
11/5/2009,13.015000,13.286000,12.989000,13.259000
12/5/2009,13.273000,13.326000,13.092000,13.227000
13/5/2009,13.230000,13.418000,13.144000,13.342000
14/5/2009,13.377000,13.413000,13.162000,13.196000
15/5/2009,13.210000,13.316000,13.069000,13.267000
18/5/2009,13.255000,13.313000,12.950000,13.012000
19/5/2009,13.021000,13.046000,12.857000,12.946000
20/5/2009,12.957000,13.055000,12.797000,13.021000
21/5/2009,13.045000,13.233000,12.965000,13.116000
22/5/2009,13.109000,13.236000,13.067000,13.191000
25/5/2009,13.189000,13.235000,13.057000,13.142000
26/5/2009,13.142000,13.276000,13.069000,13.179000
27/5/2009,13.175000,13.283000,13.092000,13.247000
28/5/2009,13.273000,13.305000,13.161000,13.210000
29/5/2009,13.250000,13.265000,13.015000,13.155000
1/6/2009,13.130000,13.267000,12.962000,13.241000
2/6/2009,13.259000,13.343000,13.132000,13.170000
3/6/2009,13.184000,13.414000,13.135000,13.337000
4/6/2009,13.340000,13.408000,13.139000,13.196000
5/6/2009,13.200000,13.339000,13.086000,13.300000
8/6/2009,13.299000,13.545000,13.240000,13.455000
9/6/2009,13.445000,13.623000,13.382000,13.609000
10/6/2009,13.606000,13.707000,13.520000,13.578000
11/6/2009,13.588000,13.692000,13.333000,13.382000
12/6/2009,13.377000,13.455000,13.370000,13.410000
15/6/2009,13.415000,13.585000,13.363000,13.363000
16/6/2009,13.385000,13.509000,13.287000,13.490000
17/6/2009,13.490000,13.526000,13.350000,13.425000
18/6/2009,13.436000,13.473000,13.335000,13.391000
19/6/2009,13.394000,13.417000,13.245000,13.361000
22/6/2009,13.368000,13.487000,13.307000,13.318000
23/6/2009,13.318000,13.401000,13.243000,13.354000
24/6/2009,13.340000,13.351000,13.248000,13.292000
25/6/2009,13.286000,13.305000,13.186000,13.222000
26/6/2009,13.227000,13.259000,13.129000,13.212000
29/6/2009,13.220000,13.276000,13.151000,13.182000
30/6/2009,13.179000,13.186000,13.177000,13.186000
1/7/2009,13.179000,13.193000,13.059000,13.116000
3/7/2009,13.278000,13.283000,13.214000,13.222000
7/7/2009,13.234000,13.415000,13.189000,13.410000
8/7/2009,13.406000,13.632000,13.375000,13.531000
9/7/2009,13.530000,13.615000,13.451000,13.550000
10/7/2009,13.549000,13.760000,13.531000,13.693000
13/7/2009,13.682000,13.845000,13.678000,13.703000
14/7/2009,13.696000,13.833000,13.653000,13.753000
15/7/2009,13.741000,13.750000,13.524000,13.547000
16/7/2009,13.547000,13.641000,13.517000,13.557000
20/7/2009,13.358000,13.363000,13.191000,13.297000
21/7/2009,13.330000,13.377000,13.210000,13.326000
22/7/2009,13.311000,13.340000,13.198000,13.229000
23/7/2009,13.240000,13.259000,13.148000,13.248000
27/7/2009,13.224000,13.224000,13.224000,13.224000
28/7/2009,13.224000,13.318000,13.191000,13.196000
29/7/2009,13.212000,13.304000,13.203000,13.257000
30/7/2009,13.264000,13.281000,13.179000,13.262000
31/7/2009,13.260000,13.261000,13.186000,13.203000
4/8/2009,13.120000,13.180000,13.086000,13.127000
5/8/2009,13.137000,13.175000,12.998000,13.047000
8/9/2009,13.366000,13.373000,13.247000,13.356000
11/9/2009,13.370000,13.442000,13.301000,13.344000
14/9/2009,13.394000,13.533000,13.347000,13.368000
1/10/2009,13.517000,13.655000,13.505000,13.652000
7/10/2009,13.482000,13.534000,13.455000,13.472000
9/10/2009,13.288000,13.317000,13.219000,13.264000
13/10/2009,13.257000,13.257000,13.157000,13.162000
16/10/2009,13.085000,13.190000,13.060000,13.088000
2/11/2009,13.278000,13.278000,13.092000,13.101000
5/11/2009,13.308000,13.365000,13.238000,13.347000
10/11/2009,13.272000,13.343000,13.187000,13.247000
11/11/2009,13.195000,13.201000,13.114000,13.162000
24/11/2009,12.980000,13.021000,12.895000,12.935000
25/11/2009,12.876000,12.902000,12.831000,12.859000
26/11/2009,12.845000,13.005000,12.845000,13.005000
2/12/2009,12.854000,12.870000,12.731000,12.776000
3/12/2009,12.704000,12.760000,12.636000,12.641000
4/12/2009,12.590000,12.679000,12.488000,12.660000
8/12/2009,12.662000,12.895000,12.662000,12.895000
9/12/2009,12.926000,13.022000,12.862000,12.969000
11/12/2009,12.930000,12.960000,12.867000,12.934000
18/12/2009,12.866000,12.969000,12.844000,12.867000
22/12/2009,12.919000,12.972000,12.896000,12.898000
1/1/2010,13.089000,13.115000,13.083000,13.083000
11/1/2010,12.626000,12.701000,12.587000,12.668000
19/1/2010,12.644000,12.741000,12.639000,12.649000
20/1/2010,12.657000,12.770000,12.656000,12.770000
2/2/2010,0.000000,0.000000,0.000000,0.000000
4/2/2010,12.948000,13.029000,12.941000,13.023000
15/2/2010,12.936000,12.973000,12.912000,12.954000
16/2/2010,12.913000,12.926000,12.865000,12.886000
22/2/2010,12.790000,12.819000,12.749000,12.800000
24/2/2010,12.922000,12.926000,12.835000,12.850000
25/2/2010,12.855000,12.878000,12.813000,12.862000
1/3/2010,12.774000,12.810000,12.723000,12.741000
5/3/2010,12.717000,12.726000,12.646000,12.660000
11/3/2010,12.603000,12.634000,12.581000,12.600000
18/3/2010,12.450000,12.490000,12.429000,12.487000
25/3/2010,12.524000,12.582000,12.475000,12.488000
21/4/2010,12.214000,12.222000,12.174000,12.179000
7/5/2010,12.970000,13.113000,12.824000,12.829000
10/5/2010,12.565000,12.636000,12.471000,12.516000
12/5/2010,12.542000,12.555000,12.393000,12.428300
