5/4/2007,13.615,13.7549,13.555,13.73
6/4/2007,13.725,13.74,13.695,13.695
9/4/2007,13.68,13.875,13.635,13.7451
10/4/2007,13.755,14.025,13.725,13.875
11/4/2007,13.875,14.025,13.72,13.865
12/4/2007,13.89,13.95,13.695,13.9049
13/4/2007,13.93,14.1449,13.825,14.07
16/4/2007,14.13,14.13,13.82,14.055
17/4/2007,14.045,14.09,13.875,13.895
18/4/2007,13.905,14.075,13.875,13.975
19/4/2007,13.965,14.045,13.5751,13.68
20/4/2007,13.685,14.0049,13.68,13.94
23/4/2007,13.98,14.115,13.845,14.02
24/4/2007,14.01,14.1,13.715,13.785
25/4/2007,13.775,13.9049,13.7301,13.805
26/4/2007,13.815,13.85,13.205,13.325
27/4/2007,13.315,13.5849,13.23,13.535
30/4/2007,13.545,13.575,13.365,13.415
1/5/2007,13.405,13.48,13.1401,13.255
2/5/2007,13.265,13.365,13.01,13.215
3/5/2007,13.225,13.4699,13.205,13.415
4/5/2007,13.41,13.615,13.36,13.435
7/5/2007,13.445,13.595,13.435,13.505
8/5/2007,13.515,13.565,13.295,13.505
9/5/2007,13.505,13.53,13.1999,13.365
10/5/2007,13.4,13.4,12.995,13.035
11/5/2007,13.08,13.3149,12.95,13.225
14/5/2007,13.17,13.265,13.045,13.155
15/5/2007,13.15,13.285,12.9901,13.205
16/5/2007,13.15,13.24,12.8251,12.915
17/5/2007,12.905,13.14,12.695,12.84
18/5/2007,12.855,13.0199,12.785,12.945
21/5/2007,13.03,13.115,12.8351,13.07
22/5/2007,13.06,13.135,12.91,12.9749
23/5/2007,12.94,13.1549,12.9,13.03
24/5/2007,13.06,13.095,12.7851,12.855
25/5/2007,12.85,12.9949,12.85,12.95
28/5/2007,12.95,13,12.89,12.94
29/5/2007,12.95,13.2549,12.91,13.185
30/5/2007,13.19,13.215,13.0351,13.18
31/5/2007,13.17,13.525,13.16,13.435
1/6/2007,13.44,13.725,13.43,13.705
4/6/2007,13.74,13.82,13.64,13.695
5/6/2007,13.71,13.8249,13.67,13.765
6/6/2007,13.78,13.815,13.6,13.705
7/6/2007,13.75,13.775,13.405,13.455
8/6/2007,13.45,13.51,12.9351,13.1
11/6/2007,13.05,13.2699,13.05,13.2449
12/6/2007,13.27,13.27,13,13.025
13/6/2007,13.02,13.17,12.83,13.11
14/6/2007,13.1,13.2099,12.95,13.14
15/6/2007,13.13,13.25,13.05,13.23
18/6/2007,13.26,13.375,13.18,13.22
19/6/2007,13.21,13.3499,13.11,13.34
20/6/2007,13.32,13.3949,13.15,13.19
21/6/2007,13.18,13.25,12.97,13.115
22/6/2007,13.1,13.18,12.9951,13.0601
25/6/2007,13.04,13.06,12.8101,12.865
26/6/2007,12.9,12.9,12.135,12.245
27/6/2007,12.23,12.375,12.18,12.2751
28/6/2007,12.3,12.5,12.28,12.4851
29/6/2007,12.475,12.56,12.3251,12.415
2/7/2007,12.47,12.67,12.425,12.625
3/7/2007,12.635,12.695,12.48,12.585
4/7/2007,12.595,12.68,12.585,12.66
5/7/2007,12.645,12.69,12.415,12.495
6/7/2007,12.505,12.775,12.36,12.73
9/7/2007,12.82,12.8701,12.665,12.715
10/7/2007,12.705,13,12.695,12.915
11/7/2007,12.915,13.025,12.8301,12.905
12/7/2007,12.895,13.115,12.875,13.095
13/7/2007,13.085,13.165,13.005,13.035
16/7/2007,13.045,13.095,12.935,12.935
17/7/2007,12.955,13.07,12.865,12.905
18/7/2007,12.895,13.26,12.895,13.1851
19/7/2007,13.205,13.3101,13.165,13.245
20/7/2007,13.235,13.41,13.23,13.305
23/7/2007,13.38,13.41,13.245,13.255
24/7/2007,13.245,13.495,13.225,13.245
25/7/2007,13.255,13.29,13.045,13.105
26/7/2007,13.115,13.175,12.7101,12.805
27/7/2007,12.795,12.945,12.62,12.705
30/7/2007,12.655,12.905,12.655,12.885
31/7/2007,12.875,13.04,12.855,12.865
1/8/2007,12.855,13.025,12.705,12.985
2/8/2007,12.975,13.055,12.905,12.965
3/8/2007,12.98,13.1501,12.935,13.055
6/8/2007,13.095,13.165,12.91,12.99
7/8/2007,13.005,13.125,12.9,13.085
8/8/2007,13.095,13.1851,13.015,13.115
9/8/2007,13.125,13.16,12.605,12.655
10/8/2007,12.645,13.015,12.595,12.855
13/8/2007,12.87,12.9049,12.75,12.795
14/8/2007,12.785,12.87,12.68,12.705
15/8/2007,12.72,12.735,12.34,12.495
16/8/2007,12.51,12.56,11.0601,11.79
17/8/2007,11.81,11.995,11.485,11.715
20/8/2007,11.795,11.98,11.645,11.755
21/8/2007,11.78,11.84,11.485,11.615
22/8/2007,11.66,11.825,11.525,11.645
23/8/2007,11.64,11.89,11.63,11.715
24/8/2007,11.725,12.025,11.595,11.965
27/8/2007,11.945,11.995,11.7301,11.765
28/8/2007,11.76,11.905,11.6751,11.765
29/8/2007,11.765,11.9249,11.705,11.875
30/8/2007,11.92,11.93,11.735,11.785
31/8/2007,11.795,12.12,11.775,12.075
3/9/2007,12.17,12.175,12.055,12.13
4/9/2007,12.125,12.375,12.01,12.275
5/9/2007,12.35,12.35,12.125,12.2075
6/9/2007,12.22,12.535,12.1862,12.395
7/9/2007,12.415,12.675,12.375,12.5087
10/9/2007,12.55,12.6899,12.4101,12.54
11/9/2007,12.515,12.79,12.485,12.685
12/9/2007,12.71,12.775,12.5,12.655
13/9/2007,12.64,12.65,12.3899,12.515
14/9/2007,12.52,12.78,12.445,12.555
17/9/2007,12.525,12.8212,12.525,12.785
18/9/2007,12.795,13.065,12.7001,12.985
19/9/2007,12.995,13.115,12.895,12.935
20/9/2007,12.925,13.5175,12.915,13.355
21/9/2007,13.345,13.665,13.335,13.525
24/9/2007,13.445,13.7175,13.415,13.455
25/9/2007,13.445,13.5149,13.25,13.46
26/9/2007,13.475,13.615,13.3351,13.395
27/9/2007,13.385,13.6163,13.355,13.545
28/9/2007,13.555,13.855,13.515,13.765
1/10/2007,13.805,13.865,13.645,13.715
2/10/2007,13.725,13.735,13.09,13.345
3/10/2007,13.355,13.4974,13.255,13.305
4/10/2007,13.335,13.425,13.115,13.395
5/10/2007,13.385,13.51,13.26,13.415
8/10/2007,13.45,13.45,13.235,13.275
9/10/2007,13.265,13.58,13.1563,13.485
10/10/2007,13.495,13.7062,13.485,13.555
11/10/2007,13.62,13.9349,13.555,13.765
12/10/2007,13.775,13.89,13.705,13.8
15/10/2007,13.815,14.03,13.7551,13.825
16/10/2007,13.815,13.995,13.5601,13.625
17/10/2007,13.615,13.8349,13.515,13.635
18/10/2007,13.645,13.8062,13.605,13.795
19/10/2007,13.785,13.915,13.325,13.515
22/10/2007,13.545,13.575,13.2649,13.465
23/10/2007,13.455,13.6688,13.445,13.585
24/10/2007,13.575,13.615,13.415,13.575
25/10/2007,13.585,14.015,13.5462,13.895
26/10/2007,13.905,14.255,13.895,14.235
29/10/2007,14.235,14.515,14.23,14.515
30/10/2007,14.505,14.575,14.145,14.145
31/10/2007,14.16,14.55,14.135,14.495
1/11/2007,14.49,14.5487,13.935,14.105
2/11/2007,14.115,14.6875,14.1,14.635
5/11/2007,14.66,14.83,14.415,14.705
6/11/2007,14.72,15.61,14.645,15.595
7/11/2007,15.585,16.22,15.25,15.265
8/11/2007,15.255,15.815,14.875,15.415
9/11/2007,15.425,15.66,15.0649,15.465
12/11/2007,15.47,15.47,14.355,14.405
13/11/2007,14.395,14.9213,14.395,14.625
14/11/2007,14.605,15.1299,14.595,14.975
15/11/2007,14.96,15.1425,14.3526,14.4001
16/11/2007,14.425,14.74,14.365,14.455
19/11/2007,14.515,14.6763,14.1475,14.225
20/11/2007,14.235,14.8151,14.105,14.725
21/11/2007,14.745,14.815,14.345,14.43
22/11/2007,14.43,14.5863,14.3937,14.535
23/11/2007,14.57,14.875,14.495,14.775
26/11/2007,14.79,15.0262,14.635,14.745
27/11/2007,14.735,14.805,14.325,14.465
28/11/2007,14.515,14.5562,14.1287,14.4113
29/11/2007,14.445,14.5325,14.15,14.165
30/11/2007,14.185,14.285,13.81,14.005
3/12/2007,13.975,14.235,13.795,14.165
4/12/2007,14.155,14.4137,14.025,14.315
5/12/2007,14.305,14.4212,14.125,14.275
6/12/2007,14.265,14.545,13.985,14.455
7/12/2007,14.445,14.545,14.245,14.365
10/12/2007,14.385,14.74,14.3363,14.645
11/12/2007,14.665,14.7999,14.425,14.45
12/12/2007,14.4525,14.8,14.425,14.665
13/12/2007,14.655,14.7,13.995,14.085
14/12/2007,14.075,14.2138,13.7649,13.835
17/12/2007,13.825,13.9662,13.605,13.85
18/12/2007,13.845,14.1437,13.7925,14.025
19/12/2007,14.015,14.1663,13.955,14.135
20/12/2007,14.145,14.305,13.955,14.22
21/12/2007,14.215,14.465,14.185,14.3687
24/12/2007,14.365,14.57,14.335,14.545
25/12/2007,14.55,14.55,14.405,14.405
26/12/2007,14.54,14.7612,14.445,14.685
27/12/2007,14.675,14.7863,14.555,14.625
28/12/2007,14.615,14.88,14.5988,14.795
31/12/2007,14.785,14.9237,14.695,14.795
1/1/2008,14.8,14.8,14.795,14.795
2/1/2008,14.855,15.3,14.805,15.245
3/1/2008,15.27,15.4225,15.055,15.345
4/1/2008,15.365,15.455,15.1349,15.2787
7/1/2008,15.245,15.3799,15.095,15.145
8/1/2008,15.155,15.7525,15.145,15.675
9/1/2008,15.685,16.155,15.555,15.695
10/1/2008,15.705,16.245,15.3449,16.135
11/1/2008,16.125,16.3,15.9599,16.225
14/1/2008,16.22,16.6,16.1725,16.385
15/1/2008,16.3537,16.5425,15.905,15.905
16/1/2008,15.895,16.1575,15.695,15.785
17/1/2008,15.775,16.0988,15.745,15.845
18/1/2008,15.855,16.3438,15.655,16.165
21/1/2008,16.155,16.155,15.505,15.575
22/1/2008,15.565,16.21,15.245,16.055
23/1/2008,16.065,16.185,15.725,16.085
24/1/2008,16.075,16.4463,15.955,16.425
25/1/2008,16.435,16.615,16.315,16.475
28/1/2008,16.475,16.75,16.35,16.715
29/1/2008,16.735,16.83,16.5201,16.715
30/1/2008,16.725,16.9025,16.595,16.815
31/1/2008,16.825,17.025,16.695,16.915
1/2/2008,16.905,17.305,16.745,16.785
4/2/2008,16.785,16.925,16.425,16.685
5/2/2008,16.695,16.75,16.275,16.355
6/2/2008,16.365,16.6538,16.2212,16.525
7/2/2008,16.535,16.845,16.465,16.815
8/2/2008,16.805,17.205,16.755,17.185
11/2/2008,17.175,17.5562,17.1325,17.485
12/2/2008,17.495,17.635,17.125,17.185
13/2/2008,17.165,17.375,16.9188,17.295
14/2/2008,17.285,17.5138,17.1313,17.245
15/2/2008,17.235,17.5,17.005,17.095
18/2/2008,17.035,17.2513,16.96,17.105
19/2/2008,17.115,17.5887,17.085,17.535
20/2/2008,17.545,17.8512,17.225,17.815
21/2/2008,17.825,18.055,17.7725,17.875
22/2/2008,17.865,18.1187,17.745,18.025
25/2/2008,18.025,18.1838,17.89,18.115
26/2/2008,18.115,18.8875,17.9312,18.765
27/2/2008,18.775,19.475,18.775,19.285
28/2/2008,19.29,19.855,19.0525,19.755
29/2/2008,19.765,19.95,19.37,19.815
3/3/2008,19.8762,20.59,19.755,20.335
4/3/2008,20.325,20.57,19.545,19.78
5/3/2008,19.775,20.82,19.395,20.815
6/3/2008,20.805,21.2275,19.855,20.175
7/3/2008,20.165,20.64,19.885,20.155
10/3/2008,20.15,20.41,19.225,19.665
11/3/2008,19.655,20.2901,19.38,19.675
12/3/2008,19.685,20.2175,19.4,20.155
13/3/2008,20.145,20.8813,20.115,20.515
14/3/2008,20.515,20.885,20.285,20.665
17/3/2008,20.795,21.355,19.875,20.165
18/3/2008,20.175,20.4525,19.5688,19.725
19/3/2008,19.715,20.115,18.28,18.375
20/3/2008,18.375,18.375,16.7,16.785
21/3/2008,16.795,17.25,16.795,17.1263
24/3/2008,16.885,17.235,16.815,17.045
25/3/2008,17.045,17.975,16.945,17.955
26/3/2008,17.945,18.445,17.665,18.445
27/3/2008,18.455,18.6337,17.945,18.435
28/3/2008,18.425,18.5525,17.67,17.895
31/3/2008,17.895,18.185,17.06,17.235
1/4/2008,17.225,17.4212,16.345,16.825
2/4/2008,16.835,17.4562,16.725,17.355
3/4/2008,17.315,17.5774,16.965,17.355
4/4/2008,17.345,17.8263,17.265,17.755
7/4/2008,17.785,18.2575,17.73,18.055
8/4/2008,18.065,18.195,17.455,17.675
9/4/2008,17.665,18.3951,17.3913,18.195
10/4/2008,18.185,18.43,17.8349,17.955
11/4/2008,17.945,18.145,17.505,17.765
14/4/2008,17.635,17.8787,17.275,17.725
15/4/2008,17.745,18.0662,17.645,17.855
16/4/2008,17.865,18.5438,17.755,18.315
17/4/2008,18.335,18.7663,18.185,18.245
18/4/2008,18.255,18.495,17.395,17.865
21/4/2008,17.915,17.9725,17.325,17.46
22/4/2008,17.45,17.9562,17.305,17.665
23/4/2008,17.67,17.86,17.0338,17.14
24/4/2008,17.15,17.245,16.665,16.76
25/4/2008,16.77,16.9199,16.41,16.88
28/4/2008,16.88,17.1549,16.805,17.0299
29/4/2008,17.03,17.0513,16.485,16.555
30/4/2008,16.52,16.88,16.39,16.86
1/5/2008,16.87,17.03,16,16.19
2/5/2008,16.2,16.515,16.085,16.41
5/5/2008,16.385,16.815,16.385,16.715
6/5/2008,16.6963,17.005,16.65,16.86
7/5/2008,16.86,16.925,16.47,16.6237
8/5/2008,16.59,16.965,16.47,16.82
9/5/2008,16.83,17.0887,16.49,16.815
12/5/2008,16.83,17.3037,16.67,17.165
13/5/2008,17.16,17.28,16.55,16.715
14/5/2008,16.7,16.91,16.52,16.5401
15/5/2008,16.53,16.995,16.51,16.7
16/5/2008,16.7,17.065,16.6862,16.96
19/5/2008,17.03,17.2649,16.845,16.9713
20/5/2008,16.97,17.7238,16.94,17.665
21/5/2008,17.67,18.11,17.59,17.99
22/5/2008,17.98,18.2125,17.74,17.99
23/5/2008,17.95,18.29,17.85,18.1899
26/5/2008,18.23,18.3349,18.15,18.31
27/5/2008,18.32,18.34,17.4,17.43
28/5/2008,17.42,17.635,17.06,17.4049
29/5/2008,17.4,17.575,16.5,16.64
30/5/2008,16.63,16.93,16.425,16.88
2/6/2008,16.89,17.01,16.61,16.83
3/6/2008,16.82,16.9463,16.475,16.77
4/6/2008,16.78,16.9312,16.59,16.84
5/6/2008,16.84,17.1862,16.5,17.1301
6/6/2008,17.14,17.565,17.09,17.53
9/6/2008,17.57,17.65,17.0849,17.11
10/6/2008,17.11,17.195,16.525,16.6
11/6/2008,16.59,16.925,16.53,16.865
12/6/2008,16.87,16.91,16.26,16.48
13/6/2008,16.47,16.615,16.28,16.57
16/6/2008,16.55,17.44,16.42,17.16
17/6/2008,17.15,17.415,16.86,17.06
18/6/2008,17.0913,17.48,16.98,17.38
19/6/2008,17.37,17.73,17.15,17.35
20/6/2008,17.34,17.645,17.3062,17.37
23/6/2008,17.38,17.51,16.55,16.795
24/6/2008,16.79,16.965,16.61,16.67
25/6/2008,16.68,16.84,16.5,16.785
26/6/2008,16.77,17.42,16.71,17.1651
27/6/2008,17.17,17.67,17.14,17.52
30/6/2008,17.58,17.87,17.21,17.41
1/7/2008,17.4,18.215,17.38,18.12
2/7/2008,18.12,18.4,17.91,18.375
3/7/2008,18.37,18.475,18,18.26
4/7/2008,18.25,18.285,17.98,18.095
7/7/2008,18.1,18.14,17.57,17.78
8/7/2008,17.77,17.9688,17.4799,17.7701
9/7/2008,17.77,18.1501,17.73,18.1413
10/7/2008,18.13,18.335,18.055,18.29
11/7/2008,18.29,18.885,18.25,18.815
14/7/2008,18.86,19.235,18.545,19.09
15/7/2008,19.09,19.475,18.63,18.92
16/7/2008,18.9,19.105,18.67,18.775
17/7/2008,18.77,19.1712,18.34,18.5201
18/7/2008,18.53,18.645,18.06,18.1301
21/7/2008,18.16,18.485,18.16,18.42
22/7/2008,18.43,18.695,17.87,17.965
23/7/2008,17.96,18.0025,17.32,17.365
24/7/2008,17.38,17.635,17.1,17.43
25/7/2008,17.44,17.6538,17.045,17.41
28/7/2008,17.41,17.54,17.2449,17.51
29/7/2008,17.52,17.63,17.085,17.365
30/7/2008,17.36,17.6,16.825,17.485
31/7/2008,17.48,17.915,17.41,17.75
1/8/2008,17.74,17.79,17.28,17.48
4/8/2008,17.53,17.63,16.9,16.94
5/8/2008,16.95,17.005,16.425,16.4599
6/8/2008,16.47,16.76,16.43,16.555
7/8/2008,16.56,16.68,16.045,16.2
8/8/2008,16.19,16.2325,15.26,15.32
11/8/2008,15.285,15.4388,14.5501,14.6737
12/8/2008,14.67,14.815,14.02,14.5
13/8/2008,14.51,14.93,14.36,14.91
14/8/2008,14.9,15.1263,14.1299,14.175
15/8/2008,14.18,14.21,12.4225,12.75
18/8/2008,12.93,13.355,12.92,13.06
19/8/2008,13.05,13.36,12.53,13.2351
20/8/2008,13.25,13.425,12.83,13.235
21/8/2008,13.26,13.8937,13.21,13.845
22/8/2008,13.85,13.96,13.32,13.36
25/8/2008,13.325,13.57,13.1162,13.495
26/8/2008,13.49,13.7425,13.015,13.59
27/8/2008,13.59,13.88,13.42,13.495
28/8/2008,13.48,14.04,13.47,13.6888
29/8/2008,13.68,13.92,13.56,13.61
1/9/2008,13.73,13.76,13.36,13.445
2/9/2008,13.45,13.45,12.49,13.07
3/9/2008,13.06,13.14,12.5863,12.91
4/9/2008,12.92,13.19,12.64,12.815
5/9/2008,12.8,13.1,12.09,12.27
8/9/2008,12.41,12.73,11.91,12.09
9/9/2008,12.08,12.205,11.27,11.27
10/9/2008,11.28,11.61,10.66,10.6849
11/9/2008,10.67,10.98,10.2701,10.5599
12/9/2008,10.56,10.935,10.56,10.88
15/9/2008,11.04,11.19,10.4463,11.125
16/9/2008,11.13,11.17,10.42,10.4849
17/9/2008,10.48,12.09,10.4,11.96
18/9/2008,11.97,12.94,11.69,11.9688
19/9/2008,11.95,12.6549,11.7863,12.63
22/9/2008,12.7,13.59,12.5,13.45
23/9/2008,13.44,13.67,12.99,13.275
24/9/2008,13.26,13.6575,13.05,13.26
25/9/2008,13.27,13.7663,13.05,13.21
26/9/2008,13.2,13.65,13.05,13.3
29/9/2008,13.285,13.375,12.6999,13.13
30/9/2008,13.12,13.21,11.77,12.03
1/10/2008,12.04,12.9951,11.99,12.5599
2/10/2008,12.55,12.585,10.8337,10.8449
3/10/2008,10.83,11.715,10.79,11.14
6/10/2008,11.04,11.5051,10.89,11.04
7/10/2008,11.05,11.83,10.995,11.575
8/10/2008,11.56,12.085,11.42,11.74
9/10/2008,11.75,12.14,11.505,12.105
10/10/2008,12.11,12.31,9.4175,10.07
13/10/2008,10.14,10.875,10.05,10.705
14/10/2008,10.69,11.1751,10.69,10.96
15/10/2008,10.97,11.1,10.03,10.29
16/10/2008,10.28,10.35,9.285,9.67
17/10/2008,9.68,9.9187,9.15,9.375
20/10/2008,9.4,9.94,9.4,9.78
21/10/2008,9.78,10.22,9.59,10.11
22/10/2008,10.0925,10.2,9.405,9.55
23/10/2008,9.55,9.9087,9.22,9.68
24/10/2008,9.68,9.82,8.6825,9.36
27/10/2008,9.4362,9.55,8.75,9.0638
28/10/2008,9.06,9.3,8.4587,9.2
29/10/2008,9.21,10.1713,9.065,9.875
30/10/2008,9.89,10.64,9.59,9.79
31/10/2008,9.78,9.97,9.24,9.85
3/11/2008,9.85,10.2838,9.71,9.84
4/11/2008,9.85,10.55,9.7238,10.22
5/11/2008,10.19,10.6,10.05,10.325
6/11/2008,10.33,10.8,9.94,9.985
7/11/2008,9.98,10.31,9.93,10.0562
10/11/2008,10.04,10.555,10.04,10.185
11/11/2008,10.19,10.265,9.5988,9.7463
12/11/2008,9.76,9.91,9.29,9.35
13/11/2008,9.34,9.54,8.81,9.44
14/11/2008,9.43,9.705,9.23,9.53
17/11/2008,9.505,9.6975,9.265,9.295
18/11/2008,9.3,9.765,9.16,9.65
19/11/2008,9.64,9.85,9.24,9.26
20/11/2008,9.25,9.475,8.84,8.9675
21/11/2008,8.96,9.67,8.92,9.67
24/11/2008,9.6987,10.6725,9.4987,10.555
25/11/2008,10.56,10.59,10.07,10.3263
26/11/2008,10.33,10.485,10.19,10.315
27/11/2008,10.31,10.39,10.2,10.36
28/11/2008,10.35,10.36,10.115,10.3
1/12/2008,10.31,10.31,9.205,9.27
2/12/2008,9.255,9.73,9.19,9.58
3/12/2008,9.57,9.74,9.32,9.69
4/12/2008,9.68,9.72,9.36,9.495
5/12/2008,9.5,9.575,9.165,9.53
8/12/2008,9.52,10.38,9.49,9.99
9/12/2008,10,10.09,9.685,9.845
10/12/2008,9.84,10.2975,9.83,10.24
11/12/2008,10.24,10.54,10.14,10.355
12/12/2008,10.36,10.42,10.03,10.3
15/12/2008,10.3,10.73,10.27,10.68
16/12/2008,10.67,11.3038,10.47,11.23
17/12/2008,11.21,11.6,10.8588,11.4
18/12/2008,11.39,11.47,10.95,10.98
19/12/2008,10.99,11.06,10.57,10.885
22/12/2008,10.85,11.08,10.755,10.84
23/12/2008,10.85,10.8938,10.1225,10.25
24/12/2008,10.25,10.45,10.2288,10.38
25/12/2008,10.33,10.33,10.33,10.33
26/12/2008,10.35,10.74,10.31,10.7
29/12/2008,10.72,11.26,10.71,10.9
30/12/2008,10.89,11.15,10.685,10.96
31/12/2008,10.97,11.4212,10.77,11.39
1/1/2009,11.39,11.41,11.38,11.39
2/1/2009,11.38,11.595,11.0462,11.57
5/1/2009,11.6,11.75,10.61,11.26
6/1/2009,11.25,11.55,10.795,11.48
7/1/2009,11.46,11.6,10.89,11.04
8/1/2009,11.05,11.3013,10.815,11.12
9/1/2009,11.13,11.61,10.99,11.27
12/1/2009,11.25,11.29,10.55,10.66
13/1/2009,10.66,10.85,10.45,10.76
14/1/2009,10.75,10.8913,10.35,10.585
15/1/2009,10.57,10.6812,10.35,10.61
16/1/2009,10.62,11.305,10.59,11.27
19/1/2009,11.29,11.33,11.0825,11.18
20/1/2009,11.18,11.42,10.94,11.18
21/1/2009,11.18,11.52,11.08,11.34
22/1/2009,11.35,11.51,11.24,11.41
23/1/2009,11.42,12.1,11.2825,11.98
26/1/2009,11.96,12.29,11.85,12.07
27/1/2009,12.07,12.24,11.89,12.1
28/1/2009,12.11,12.17,11.88,12.01
29/1/2009,12,12.41,11.665,12.37
30/1/2009,12.39,12.67,12.2313,12.67
2/2/2009,12.66,12.68,12.23,12.43
3/2/2009,12.44,12.5037,12.18,12.44
4/2/2009,12.43,12.61,12.3275,12.53
5/2/2009,12.54,12.9613,12.32,12.86
6/2/2009,12.87,13.21,12.78,13.12
9/2/2009,13.13,13.16,12.84,12.84
10/2/2009,12.85,13.24,12.76,13.15
11/2/2009,13.14,13.69,13.11,13.53
12/2/2009,13.52,13.7512,13.34,13.5287
13/2/2009,13.49,13.7437,13.265,13.69
16/2/2009,13.63,13.71,13.535,13.62
17/2/2009,13.61,14.22,13.57,14.13
18/2/2009,14.12,14.4188,13.9913,14.3687
19/2/2009,14.34,14.41,13.9013,14.04
20/2/2009,14.03,14.62,13.9888,14.44
23/2/2009,14.41,14.64,14.12,14.4237
24/2/2009,14.425,14.59,13.7125,13.74
25/2/2009,13.7425,14.1575,13.5837,13.7062
26/2/2009,13.705,13.775,12.9375,13.1313
27/2/2009,13.135,13.385,12.85,13.12
2/3/2009,13.11,13.4137,12.7275,12.94
3/3/2009,12.9475,12.9575,12.44,12.82
4/3/2009,12.83,13.1687,12.7,12.94
5/3/2009,12.95,13.32,12.915,13.25
6/3/2009,13.24,13.52,13.2312,13.38
9/3/2009,13.35,13.4175,12.82,13.0025
10/3/2009,13.0075,13.0487,12.49,12.63
11/3/2009,12.62,12.895,12.5212,12.81
12/3/2009,12.8188,13.08,12.67,12.99
13/3/2009,12.98,13.3025,12.8862,13.22
16/3/2009,13.18,13.19,12.8275,12.925
17/3/2009,12.95,12.9975,12.66,12.74
18/3/2009,12.7288,13.025,11.93,12.93
19/3/2009,12.92,13.69,12.67,13.59
20/3/2009,13.6,13.855,13.445,13.75
23/3/2009,13.76,13.9113,13.64,13.7
24/3/2009,13.69,13.765,13.29,13.455
25/3/2009,13.44,13.6,12.98,13.49
26/3/2009,13.48,13.76,13.4137,13.5112
27/3/2009,13.52,13.5988,13.11,13.33
30/3/2009,13.31,13.36,12.94,13.0363
31/3/2009,12.98,13.25,12.62,12.97
1/4/2009,12.98,13.19,12.85,13.06
2/4/2009,13.05,13.11,12.6,12.97
3/4/2009,12.96,13.0112,12.69,12.77
6/4/2009,12.8263,12.83,12.1025,12.14
7/4/2009,12.15,12.36,12.06,12.27
8/4/2009,12.26,12.48,12.2,12.28
9/4/2009,12.29,12.41,12.14,12.35
10/4/2009,12.34,12.37,12.34,12.37
13/4/2009,12.4,12.87,12.4,12.74
14/4/2009,12.75,12.84,12.58,12.77
15/4/2009,12.76,12.95,12.68,12.79
16/4/2009,12.8,12.82,12.16,12.24
17/4/2009,12.25,12.2913,11.82,11.88
20/4/2009,11.88,12.1987,11.8237,12.09
21/4/2009,12.08,12.26,11.92,12.04
22/4/2009,12.05,12.3575,12.0163,12.3
23/4/2009,12.31,12.88,12.3,12.78
24/4/2009,12.77,12.95,12.71,12.88
27/4/2009,12.93,13.26,12.81,12.91
28/4/2009,12.9,12.955,12.3612,12.485
29/4/2009,12.48,12.83,12.415,12.76
30/4/2009,12.78,12.8225,12.2087,12.37
1/5/2009,12.38,12.63,12.06,12.52
4/5/2009,12.53,13.15,12.455,13.04
5/5/2009,12.71,13.565,13.3,13.344
6/5/2009,12.71,13.565,13.3,13.344
7/5/2009,12.71,13.565,13.3,13.344
11/5/2009,12.71,13.565,13.3,13.344
12/5/2009,12.71,13.565,13.3,13.344
13/5/2009,12.71,13.565,13.3,13.344
14/5/2009,12.71,13.565,13.3,13.344
15/5/2009,12.71,13.565,13.3,13.344
18/5/2009,12.71,13.565,13.3,13.344
19/5/2009,12.71,13.565,13.3,13.344
20/5/2009,12.71,13.565,13.3,13.344
21/5/2009,12.71,13.565,13.3,13.344
22/5/2009,12.71,13.565,13.3,13.344
25/5/2009,12.71,13.565,13.3,13.344
26/5/2009,12.71,13.565,13.3,13.344
27/5/2009,12.71,13.565,13.3,13.344
28/5/2009,12.71,13.565,13.3,13.344
29/5/2009,12.71,13.565,13.3,13.344
1/6/2009,12.710000,13.565000,13.300000,13.344000
2/6/2009,12.710000,13.565000,13.300000,13.344000
3/6/2009,12.710000,13.565000,13.300000,13.344000
4/6/2009,12.710000,13.565000,13.300000,13.344000
5/6/2009,12.710000,13.565000,13.300000,13.344000
8/6/2009,12.710000,13.565000,13.300000,13.344000
9/6/2009,12.710000,13.565000,13.300000,13.344000
10/6/2009,12.710000,13.565000,13.300000,13.344000
11/6/2009,12.710000,13.565000,13.300000,13.344000
12/6/2009,12.710000,13.565000,13.300000,13.344000
15/6/2009,12.710000,13.565000,13.300000,13.344000
16/6/2009,12.710000,13.565000,13.300000,13.344000
17/6/2009,12.710000,13.565000,13.300000,13.344000
18/6/2009,12.710000,13.565000,13.300000,13.344000
19/6/2009,12.710000,13.565000,13.300000,13.344000
22/6/2009,12.710000,13.565000,13.300000,13.344000
23/6/2009,12.710000,13.565000,13.300000,13.344000
24/6/2009,12.710000,13.565000,13.300000,13.344000
25/6/2009,12.710000,13.565000,13.300000,13.344000
26/6/2009,12.710000,13.565000,13.300000,13.344000
29/6/2009,12.710000,13.565000,13.300000,13.344000
30/6/2009,12.710000,13.565000,13.300000,13.344000
1/7/2009,12.710000,13.565000,13.300000,13.344000
3/7/2009,12.710000,13.565000,13.300000,13.344000
7/7/2009,12.710000,13.565000,13.300000,13.344000
8/7/2009,12.710000,13.565000,13.300000,13.344000
9/7/2009,12.710000,13.565000,13.300000,13.344000
10/7/2009,12.710000,13.565000,13.300000,13.344000
13/7/2009,12.710000,13.565000,13.300000,13.344000
14/7/2009,12.710000,13.565000,13.300000,13.344000
15/7/2009,12.710000,13.565000,13.300000,13.344000
16/7/2009,12.710000,13.565000,13.300000,13.344000
20/7/2009,12.710000,13.565000,13.300000,13.344000
21/7/2009,12.710000,13.565000,13.300000,13.344000
22/7/2009,12.710000,13.565000,13.300000,13.344000
23/7/2009,12.710000,13.565000,13.300000,13.344000
27/7/2009,12.710000,13.565000,13.300000,13.344000
28/7/2009,12.710000,13.565000,13.300000,13.344000
29/7/2009,12.710000,13.565000,13.300000,13.344000
30/7/2009,12.710000,13.565000,13.300000,13.344000
31/7/2009,12.710000,13.565000,13.300000,13.344000
4/8/2009,12.710000,13.565000,13.300000,13.344000
5/8/2009,12.710000,13.565000,13.300000,13.344000
8/9/2009,12.710000,13.565000,13.300000,13.344000
11/9/2009,12.710000,13.565000,13.300000,13.344000
14/9/2009,12.710000,13.565000,13.300000,13.344000
1/10/2009,12.710000,13.565000,13.300000,13.344000
7/10/2009,12.710000,13.565000,13.300000,13.344000
9/10/2009,12.710000,13.565000,13.300000,13.344000
13/10/2009,12.710000,13.565000,13.300000,13.344000
16/10/2009,12.710000,13.565000,13.300000,13.344000
2/11/2009,12.710000,13.565000,13.300000,13.344000
5/11/2009,12.710000,13.565000,13.300000,13.344000
10/11/2009,12.710000,13.565000,13.300000,13.344000
11/11/2009,12.710000,13.565000,13.300000,13.344000
24/11/2009,12.710000,13.565000,13.300000,13.344000
25/11/2009,12.710000,13.565000,13.300000,13.344000
26/11/2009,12.710000,13.565000,13.300000,13.344000
2/12/2009,12.710000,13.565000,13.300000,13.344000
3/12/2009,12.710000,13.565000,13.300000,13.344000
4/12/2009,12.710000,13.565000,13.300000,13.344000
8/12/2009,12.710000,13.565000,13.300000,13.344000
9/12/2009,12.710000,13.565000,13.300000,13.344000
11/12/2009,12.710000,13.565000,13.300000,13.344000
18/12/2009,12.710000,13.565000,13.300000,13.344000
22/12/2009,12.710000,13.565000,13.300000,13.344000
1/1/2010,12.710000,13.565000,13.300000,13.344000
11/1/2010,12.710000,13.565000,13.300000,13.344000
19/1/2010,12.710000,13.565000,13.300000,13.344000
20/1/2010,12.710000,13.565000,13.300000,13.344000
2/2/2010,0.000000,0.000000,0.000000,0.000000
4/2/2010,12.710000,13.565000,13.300000,13.344000
15/2/2010,12.710000,13.565000,13.300000,13.344000
16/2/2010,12.710000,13.565000,13.300000,13.344000
22/2/2010,12.710000,13.565000,13.300000,13.344000
24/2/2010,12.710000,13.565000,13.300000,13.344000
25/2/2010,12.710000,13.565000,13.300000,13.344000
1/3/2010,12.710000,13.565000,13.300000,13.344000
5/3/2010,12.710000,13.565000,13.300000,13.344000
11/3/2010,12.710000,13.565000,13.300000,13.344000
21/4/2010,12.710000,13.565000,13.300000,13.344000
7/5/2010,12.710000,13.565000,13.300000,13.344000
10/5/2010,12.710000,13.565000,13.300000,13.344000
