5/4/2007,675.2,675.65,671.75,674.45
6/4/2007,674.3,675.13,673.5,675
9/4/2007,674.88,678.29,670.25,670.75
10/4/2007,671.85,681.55,670.65,677.9
11/4/2007,677.56,680.87,674.32,677.3
12/4/2007,676.7,679.95,671.46,676.1
13/4/2007,676.85,686.29,675.25,685.52
16/4/2007,687.38,691.26,683.55,690.2
17/4/2007,689.9,690.85,686.15,686.55
18/4/2007,687.23,691.15,685.76,690.05
19/4/2007,689.7,692,679.15,682.95
20/4/2007,682.4,693.99,682.4,691.95
23/4/2007,694.25,694.25,687.07,689.15
24/4/2007,688.7,692.05,681.45,683.65
25/4/2007,683.65,686.95,682.25,686.25
26/4/2007,686.15,687.25,671.58,674.75
27/4/2007,675.3,682.2,671.15,681.55
30/4/2007,681.45,682.2,676.1,678.45
1/5/2007,679.1,679.79,671.97,673.45
2/5/2007,673.3,675.4,667.65,673.15
3/5/2007,673.05,682.9,672.45,682.35
4/5/2007,682.25,690.92,680.4,688.85
7/5/2007,687.7,691.05,687.05,688.75
8/5/2007,689.4,689.4,682.13,685.65
9/5/2007,684.8,686.82,676,680.55
10/5/2007,679.7,681.25,664.33,665.65
11/5/2007,665.85,672.79,664.65,670.85
14/5/2007,671.55,675.05,666.55,669.75
15/5/2007,670.4,673.89,665.01,672.05
16/5/2007,671.4,673.55,659.9,662.15
17/5/2007,661.3,664.8,653.83,657.65
18/5/2007,657,663.15,656.1,661.75
21/5/2007,662.5,664.1,656.98,663.25
22/5/2007,662.4,665.4,658.3,659.25
23/5/2007,659.35,664.9,657.55,661.85
24/5/2007,661.65,662.95,652.01,654.65
25/5/2007,653.8,657.24,653.6,656
28/5/2007,655.4,656.94,654.95,655.55
29/5/2007,656.4,662.29,654.67,656.85
30/5/2007,657.55,658.95,652.2,653.45
31/5/2007,652.6,662.03,652.6,660.5
1/6/2007,660.65,672.27,660.65,671.75
4/6/2007,670.8,674.19,668.75,671.15
5/6/2007,670.3,673.7,669.23,670.05
6/6/2007,670.15,672.22,665.28,670.75
7/6/2007,670.1,673.05,658.15,659.15
8/6/2007,658.3,661.65,644.55,648.85
11/6/2007,649.35,655.12,648.95,653.65
12/6/2007,652.6,654.85,646.13,647.25
13/6/2007,647.25,652.62,643.38,651.75
14/6/2007,650.8,654.07,646.4,651.95
15/6/2007,651.3,655.79,649.96,655.35
18/6/2007,654.9,659.45,654.78,656.35
19/6/2007,655.5,662.05,653.81,661.45
20/6/2007,660.6,661.95,652.95,654.55
21/6/2007,654.45,656.8,647.85,651.73
22/6/2007,651.95,656.57,650.95,654.3
25/6/2007,653.7,654.75,648.9,651
26/6/2007,652.05,652.05,640.3,640.9
27/6/2007,640.8,644.97,639.5,643.5
28/6/2007,642.8,650.12,642.8,648.95
29/6/2007,648.1,652.65,646.65,649.65
2/7/2007,651.13,659,648.71,657.25
3/7/2007,656.4,658.25,652.2,653.2
4/7/2007,652.9,655.17,652.9,654.2
5/7/2007,653.7,656.75,646.3,649.5
6/7/2007,649.2,656.37,645.64,655.9
9/7/2007,657.25,663.22,653.8,660.4
10/7/2007,659.9,665.07,658.9,663.3
11/7/2007,663.1,666.3,659.98,660.65
12/7/2007,660.8,669.4,660.45,666.8
13/7/2007,666.5,668.77,663.79,666.9
16/7/2007,666.4,668.8,663.9,664.9
17/7/2007,664.3,667.27,662.78,664.9
18/7/2007,664.4,674.05,664.4,673
19/7/2007,673.1,677.9,671.49,677.5
20/7/2007,677.2,686.25,675.5,683.4
23/7/2007,684.1,685.08,680.51,681.6
24/7/2007,681.67,687.4,680.9,681
25/7/2007,680.9,682.2,671.1,674.9
26/7/2007,675.1,676.93,660.2,662.9
27/7/2007,663.17,667.32,657.3,661.2
30/7/2007,661.1,665.9,660.2,665
31/7/2007,665.1,669.03,663.88,664.3
1/8/2007,664.4,667.28,659.19,666.9
2/8/2007,666.8,667.74,662.85,665.55
3/8/2007,665.7,675.5,665,673
6/8/2007,673,675.3,669.2,672.01
7/8/2007,671.95,672.7,666.55,672.4
8/8/2007,672.3,677,669.88,674.8
9/8/2007,674.7,674.88,660.19,662.1
10/8/2007,662,676.7,658.48,672.8
13/8/2007,672.3,672.97,668.84,669.5
14/8/2007,669.4,671.3,666.17,669.2
15/8/2007,669.3,670.85,662.45,667.6
16/8/2007,667.8,668.2,642.25,652.01
17/8/2007,652.6,663.72,645.9,657.8
20/8/2007,654.45,660.08,653.85,657.11
21/8/2007,657.7,660,654.71,657.3
22/8/2007,657.4,662.12,654.94,660.8
23/8/2007,660.7,665.15,658.67,660.38
24/8/2007,660.15,669.52,657.38,668.2
27/8/2007,668.8,668.8,665.85,667.6
28/8/2007,667.8,668.43,662.08,662.5
29/8/2007,662.4,668.88,661.65,667.6
30/8/2007,667.5,668.01,663.77,665.3
31/8/2007,665.4,674.66,664.75,673.4
3/9/2007,673.3,673.88,671.43,672.52
4/9/2007,672.58,683.6,671.49,681.65
5/9/2007,682.1,683.16,678.56,681.8
6/9/2007,681.9,697.65,680.63,695.41
7/9/2007,695.6,706.79,692.38,701
10/9/2007,700.3,707.09,699.63,703.1
11/9/2007,703.3,714.1,702.5,712.5
12/9/2007,712.4,714.4,705.8,711.6
13/9/2007,711.6,712.53,703.83,708.3
14/9/2007,708.4,717.15,704.23,707.6
17/9/2007,706.7,720,706.4,717.9
18/9/2007,717.8,726.95,712.22,723.5
19/9/2007,723.7,726.7,720.8,721.4
20/9/2007,721.34,738.6,721.1,733.26
21/9/2007,733.2,739.3,727.34,731.5
24/9/2007,729.9,736.4,726.76,730.6
25/9/2007,730.5,733.74,722.73,731.7
26/9/2007,731.5,736.7,726.88,728.8
27/9/2007,728.9,736.15,727.2,734.43
28/9/2007,734.26,745.84,733.49,743.6
1/10/2007,744.2,747.9,741.6,747.2
2/10/2007,747,747.4,725.12,731.6
3/10/2007,731.7,736.43,726.59,727.9
4/10/2007,728.1,738.6,721.16,738
5/10/2007,738.1,744.16,728.5,742.7
8/10/2007,741.63,742.63,731.64,733.3
9/10/2007,733.2,740.38,727.11,737.9
10/10/2007,738.1,746.1,737.59,741.1
11/10/2007,741,753.65,740.6,747.88
12/10/2007,747.7,752.17,745.04,749.1
15/10/2007,749.3,759.99,747.8,759.4
16/10/2007,759.5,767.09,754.55,760.5
17/10/2007,760.4,765,751.9,754.82
18/10/2007,755.1,768.9,754.5,768.2
19/10/2007,768.3,771.1,758.6,765.2
22/10/2007,766.7,768.6,745.83,754.2
23/10/2007,754.1,760.94,753,759.8
24/10/2007,759.6,764.17,754.2,763.95
25/10/2007,763.9,769.6,761.49,769.3
26/10/2007,769.2,786.09,768.6,785.2
29/10/2007,783.49,794.7,783.49,791.8
30/10/2007,791.9,792.2,779.5,782.1
31/10/2007,781.9,796.82,777.2,796.59
1/11/2007,796.9,799.54,784.45,787.3
2/11/2007,787.4,808.49,787.3,807
5/11/2007,806.63,811.2,801.2,806.5
6/11/2007,806.6,825.13,806.29,825
7/11/2007,824.9,845.84,822.7,831.09
8/11/2007,830.8,845.67,823.91,833.59
9/11/2007,833.67,838.67,827.59,832
12/11/2007,830.29,830.7,792.45,793.5
13/11/2007,793.99,808.93,791.2,802
14/11/2007,801.6,815.86,800.95,811.95
15/11/2007,811.9,818.24,783.4,788.45
16/11/2007,788.28,797.55,784.51,786.3
19/11/2007,787.4,793.92,775.64,781.75
20/11/2007,781.8,805.9,773.1,803.2
21/11/2007,803.1,807.4,794.85,800.32
22/11/2007,800.2,805.6,798.9,804.53
23/11/2007,804.5,825.67,803,823.8
26/11/2007,823.99,836.92,821.8,824.6
27/11/2007,824.3,829.42,808.3,812.59
28/11/2007,812.72,815.4,792.03,804.83
29/11/2007,804.78,808.1,792.5,793.07
30/11/2007,793.8,799.25,779.43,783.75
3/12/2007,783.4,794.31,777.8,794.3
4/12/2007,794.4,805.66,786.93,801.7
5/12/2007,801.2,806.71,791.51,795.15
6/12/2007,795.3,805.67,785.24,802.42
7/12/2007,802.1,804.74,791.85,794.8
10/12/2007,796.1,812.21,794.68,808.53
11/12/2007,808.47,812.6,796.35,796.98
12/12/2007,796.87,816.91,796.5,813.48
13/12/2007,813.5,813.88,792.71,797.62
14/12/2007,797.4,803.52,789.35,794.49
17/12/2007,793.8,798.9,785.58,793.35
18/12/2007,793.6,806.35,790.7,802.88
19/12/2007,802.8,804.45,797.97,802.19
20/12/2007,802.4,803.3,793.7,796.38
21/12/2007,796.2,812.54,795.65,811.72
24/12/2007,811.7,815.26,808.15,811.8
25/12/2007,811.9,812.2,805.05,807
26/12/2007,809.2,826.13,808.15,824.5
27/12/2007,823.84,831.49,821.66,825.58
28/12/2007,825.67,840.7,824.94,840.5
31/12/2007,839.5,843.24,830.55,833.92
1/1/2008,833.65,833.88,833.6,833.7
2/1/2008,836.29,860.1,834.79,857.55
3/1/2008,857.4,868.89,853.58,864.93
4/1/2008,864.6,868.33,854.73,859.6
7/1/2008,859.49,865.2,855.63,858.16
8/1/2008,858,881.28,857.1,878.16
9/1/2008,877.9,891.7,873.08,878.8
10/1/2008,878.95,894.83,866.44,893.3
11/1/2008,893.24,898.03,888.04,895.4
14/1/2008,895.49,914.3,892.3,904.13
15/1/2008,904.47,914.09,887.79,888.1
16/1/2008,888,899.9,874.85,877.03
17/1/2008,876.7,890.23,875.4,877.76
18/1/2008,877.85,888.55,870.67,883.17
21/1/2008,884.49,884.49,860.8,865
22/1/2008,865.1,894.41,850.07,892.34
23/1/2008,892.49,895.66,876.76,890.32
24/1/2008,890.52,913.24,889.26,912.85
25/1/2008,913,923.73,907.99,913.95
28/1/2008,913.99,929.46,911.9,928.97
29/1/2008,928.83,933.34,920.25,923.76
30/1/2008,924,936.61,916.45,929.4
31/1/2008,929.5,930.1,919.3,925.99
1/2/2008,926.08,936.92,903.98,905.48
4/2/2008,904.8,912.9,892.28,903.58
5/2/2008,903.4,906.99,885.45,888.17
6/2/2008,888.4,907.3,886.29,900.6
7/2/2008,900.5,911.06,897.45,910.51
8/2/2008,910.55,923.3,907.88,922.99
11/2/2008,921.07,927.31,916.54,923.5
12/2/2008,923.35,924.9,903.09,906.39
13/2/2008,906.45,910.1,896.7,906.6
14/2/2008,906.5,913.9,902.08,908.2
15/2/2008,908.3,915.46,898.9,902.5
18/2/2008,901.99,907.63,900.65,905.2
19/2/2008,905.4,930.55,905.2,927.8
20/2/2008,927.9,945.6,915.68,944.1
21/2/2008,944.2,953.91,938.27,946.1
22/2/2008,945.8,949.66,936.29,945.2
25/2/2008,946,952.2,933.45,939.6
26/2/2008,939.8,950.4,927.2,948.15
27/2/2008,948.1,964.99,948.1,957.84
28/2/2008,958,972.5,953.4,970.74
29/2/2008,971.05,976.32,964.95,974.17
3/3/2008,974.3,989.54,974.3,983.7
4/3/2008,983.6,988.2,957.06,964.01
5/3/2008,964.1,991.46,959.99,989.8
6/3/2008,989.6,992.05,966.24,978.99
7/3/2008,979.1,988.45,969.98,973.2
10/3/2008,972.99,980.67,961.75,972.84
11/3/2008,973,985.35,965.76,973.3
12/3/2008,973.4,983.01,968.54,982.93
13/3/2008,982.65,1000.45,981.76,994.83
14/3/2008,994.5,1007.4,991,1002.95
17/3/2008,1002.5,1032.7,994.2,1002.7
18/3/2008,1002.1,1012.6,977.03,982.24
19/3/2008,981.7,997.45,937.62,944.2
20/3/2008,944.2,945.03,905.41,910.2
21/3/2008,910.2,923.54,910,919.5
24/3/2008,915.6,926.86,906.99,915.3
25/3/2008,915,939.1,911.9,938.78
26/3/2008,938.7,954.22,934.76,954.17
27/3/2008,954.34,954.9,940.61,947.2
28/3/2008,947.2,950.8,923.95,931.05
31/3/2008,931.6,940.66,912.78,916.88
1/4/2008,916.2,921,874.4,882.7
2/4/2008,882.6,905.65,882.14,904.35
3/4/2008,904.6,908.85,890.3,902.9
4/4/2008,903,914.71,900.9,913.79
7/4/2008,914.48,929.6,911.17,920
8/4/2008,920.3,925.95,908.6,914.9
9/4/2008,914.8,935.8,903.41,934
10/4/2008,933.9,939.7,922.58,928.99
11/4/2008,929.3,932.28,918.5,925.3
14/4/2008,919.6,931.5,914.46,924.45
15/4/2008,924.1,936.47,923.4,927.91
16/4/2008,928.2,948.98,924.65,944.59
17/4/2008,944.6,952.83,937.79,938.8
18/4/2008,938.7,946.8,905.7,917.09
21/4/2008,918.53,928.88,911.89,916.74
22/4/2008,914.3,925.58,911.9,915.9
23/4/2008,915.8,922.97,897.67,904.25
24/4/2008,903.6,906.78,883.59,886.13
25/4/2008,886.3,896.75,878.28,886.3
28/4/2008,888.5,895.97,886.75,893.26
29/4/2008,893.2,893.82,868.97,870.5
30/4/2008,870.6,878.95,862.79,877.55
1/5/2008,877.45,881.94,847.93,852.7
2/5/2008,852.88,859.35,846.22,856.45
5/5/2008,854.99,874.65,854.99,874.2
6/5/2008,874.25,883.15,871.73,876.4
7/5/2008,876.3,881.43,864.32,868.75
8/5/2008,868.7,885.86,865.65,881.85
9/5/2008,881.9,889.97,871.22,884.85
12/5/2008,884.25,889.95,878,882.68
13/5/2008,882.65,886.16,861.28,866.95
14/5/2008,866.85,870.95,860.58,864
15/5/2008,864.05,887.76,862.25,881.65
16/5/2008,881.85,904.88,880.45,902.4
19/5/2008,904,913.9,901.27,905.2
20/5/2008,905.15,923.74,902.99,919.25
21/5/2008,919.2,932.66,916.83,932.55
22/5/2008,932.5,935.55,917.65,921.85
23/5/2008,921.33,928.84,915.25,925.1
26/5/2008,925.4,929.3,923.78,929.1
27/5/2008,929.05,931.05,904.3,906.45
28/5/2008,905.4,909.9,889.63,900.85
29/5/2008,900.85,903.68,873.54,877.9
30/5/2008,878,889.01,871.42,886.5
2/6/2008,887.49,897.49,881.63,891.42
3/6/2008,890.75,897.05,875.65,880.55
4/6/2008,880.9,886.72,876.38,880.9
5/6/2008,879.55,879.98,865.15,877.2
6/6/2008,877.25,902.38,877.16,902.25
9/6/2008,902.95,909.08,891.25,892.9
10/6/2008,892.95,895.01,864.81,867
11/6/2008,867.05,883.07,866.72,880.35
12/6/2008,880.25,882.5,857.79,868.2
13/6/2008,868.37,874.47,859.92,871.55
16/6/2008,869.85,895.03,866.92,882.4
17/6/2008,882.3,888.92,874.35,882.75
18/6/2008,882.7,895.79,880.78,894.35
19/6/2008,894.1,908.15,887.2,898.47
20/6/2008,898.5,907.84,896.28,902.3
23/6/2008,902.25,907.6,877.23,883.8
24/6/2008,883.9,894.1,883.24,889.6
25/6/2008,889.55,891.05,873.92,886.38
26/6/2008,886.5,918.09,885,917.3
27/6/2008,916.97,931.05,910.6,927.8
30/6/2008,926.55,935.28,918.7,925.4
1/7/2008,924.75,946.08,922.12,939.63
2/7/2008,939.7,945.81,932.09,945.15
3/7/2008,945.2,946.4,928.81,934.45
4/7/2008,934.63,936.43,929.31,933.25
7/7/2008,933.35,933.35,915.23,925.85
8/7/2008,925.8,933.8,913.06,919.63
9/7/2008,918.95,929.12,916.17,928.57
10/7/2008,928.65,947.95,925.77,947.66
11/7/2008,947.74,968.04,941.9,964.2
14/7/2008,965.49,975.32,954.34,972.6
15/7/2008,973.49,988.02,969.21,977.5
16/7/2008,976.45,981.2,958.18,959.95
17/7/2008,962.69,979.11,953.47,957.43
18/7/2008,956.6,964.75,950.29,955
21/7/2008,955.37,968.6,955.37,965.55
22/7/2008,965.5,976.33,943.72,946.4
23/7/2008,946.55,949.2,917.9,920.85
24/7/2008,921,931.33,916.51,928.05
25/7/2008,928.1,935.33,919.04,929.85
28/7/2008,929.3,933.15,923.21,930.63
29/7/2008,930.54,933.49,914.33,918.9
30/7/2008,919.13,919.74,894.17,906.1
31/7/2008,906.1,925.7,905.8,914.07
1/8/2008,914.2,917.01,902.57,910.95
4/8/2008,910.45,915.55,894.1,894.8
5/8/2008,894.05,896,873.09,874.4
6/8/2008,874.4,886.46,873.38,879.8
7/8/2008,879.85,885.15,868.05,873.05
8/8/2008,873.05,874.42,851.37,856.6
11/8/2008,856.85,865.81,818.63,823.85
12/8/2008,823.95,826.93,802.34,812.32
13/8/2008,812.05,829.85,805.6,826.8
14/8/2008,826.65,836.85,805.02,806.63
15/8/2008,806.85,807.55,772.98,787.7
18/8/2008,790.6,804.38,789.91,800.07
19/8/2008,799.95,816.58,783.05,814.2
20/8/2008,814.25,818.46,800.83,813.67
21/8/2008,813.55,838.79,811.66,837
22/8/2008,837.05,838.1,821.65,823.05
25/8/2008,822.99,826.32,817.3,821.95
26/8/2008,821.9,829.95,807.33,824.9
27/8/2008,824.85,835.13,821.85,826.9
28/8/2008,826.75,844.24,825.42,834.05
29/8/2008,834.05,838.78,829.55,831.15
1/9/2008,835.7,836.5,816.33,817.7
2/9/2008,817.7,819.97,791.24,805.35
3/9/2008,805.4,808.47,789.65,801.3
4/9/2008,801.25,814.91,794.19,796.45
5/9/2008,796.4,819.8,790.7,803.5
8/9/2008,809.87,818.35,797.13,802.3
9/9/2008,802.4,805.15,776,777.25
10/9/2008,777.2,783.95,751.52,752.45
11/9/2008,752.2,757.85,736.7,746.47
12/9/2008,746.8,766.9,746.39,765.5
15/9/2008,764.69,788.09,764.69,786.65
16/9/2008,786.6,790.18,772.05,779.75
17/9/2008,779.7,868.5,774.4,863.85
18/9/2008,863.9,910.59,840.25,850.84
19/9/2008,848,877.37,825.12,873.55
22/9/2008,874.2,908.95,862.8,897
23/9/2008,897.1,909.64,880.88,892.15
24/9/2008,892.1,901.53,878.45,882.63
25/9/2008,882.95,895.15,865.4,877.9
26/9/2008,877.85,910.92,867.28,878.75
29/9/2008,872.35,925.1,867.83,909.5
30/9/2008,909.45,914.75,860.9,870.95
1/10/2008,870.8,893.69,865.45,870.8
2/10/2008,870.8,876.15,831.55,836.4
3/10/2008,836.5,847.15,820.15,835.5
6/10/2008,833.4,875.55,826.36,859.75
7/10/2008,859.7,891.09,856.7,887.1
8/10/2008,887.2,921.31,878.05,907.62
9/10/2008,907.65,924.75,882.38,913.25
10/10/2008,913.3,931.78,827.79,849.85
13/10/2008,852.55,871.93,823.21,833.05
14/10/2008,832.5,854.23,831.53,836.7
15/10/2008,836.7,856.59,831.98,846.9
16/10/2008,846.85,850.3,786.26,804.6
17/10/2008,804.65,814.58,773.72,783.35
20/10/2008,782.95,810.02,782.42,796.9
21/10/2008,796.8,803.65,766.1,771.65
22/10/2008,775.5,777.62,720.38,730.45
23/10/2008,730.2,735.05,698.54,721.45
24/10/2008,723.04,747.24,682.41,734.75
27/10/2008,735.8,747.2,707.13,730.8
28/10/2008,730.9,756.33,725.29,746.95
29/10/2008,747.99,774.6,737.88,754.95
30/10/2008,755.3,777.9,733.05,738.13
31/10/2008,738.7,742.25,717.69,724.55
3/11/2008,726.49,739.2,722.35,723.45
4/11/2008,723.7,768.55,722.47,763.25
5/11/2008,763.35,770,737.16,740.35
6/11/2008,740.3,760.05,730.07,732.85
7/11/2008,732.7,744.89,726.59,736.65
10/11/2008,737.49,768.09,737.49,746.2
11/11/2008,746.3,750.45,727.51,731.7
12/11/2008,731.7,739.28,709.75,712.3
13/11/2008,712.15,739.8,700.1,736.5
14/11/2008,736.55,754.55,725.4,742.1
17/11/2008,739.99,749.7,731.48,737.92
18/11/2008,738.1,746.59,731.87,738.15
19/11/2008,738.25,762.32,731.99,734.55
20/11/2008,734.7,752.65,733.38,745.06
21/11/2008,745.1,801.92,742.93,800.4
24/11/2008,799.49,829.38,786.9,821.65
25/11/2008,821.55,830.99,803.26,821.05
26/11/2008,821,823.4,809.08,812.9
27/11/2008,812.8,817.67,810.5,815.83
28/11/2008,816.25,820.7,810.07,818.05
1/12/2008,818.95,818.95,768.65,768.95
2/12/2008,769.15,786.52,762.76,782.35
3/12/2008,782.4,783.32,764.96,773.95
4/12/2008,774.1,785.24,762.84,767
5/12/2008,766.95,772.89,741.74,756.45
8/12/2008,755.3,782.33,754.67,772.7
9/12/2008,772.9,780.42,763.01,776.95
10/12/2008,776.95,813.72,774.2,810.6
11/12/2008,810.55,835.01,802.72,821.35
12/12/2008,821.4,829.26,808,822.35
15/12/2008,823.95,842.83,821.72,838.45
16/12/2008,838.4,859.95,830.32,858.1
17/12/2008,858,882.09,846.75,867.9
18/12/2008,867.75,878.63,849.36,852.91
19/12/2008,852.1,853.84,830.16,838.28
22/12/2008,838.5,851.91,837.05,848.05
23/12/2008,847.85,849.2,829.9,840.2
24/12/2008,840.25,849.12,835.33,848
25/12/2008,847.6,847.6,838.49,846.99
26/12/2008,842,873.17,842,869.3
29/12/2008,871.32,890.49,870.99,880.3
30/12/2008,880.25,883.84,864.65,873.7
31/12/2008,873.65,884.55,856.75,882.05
1/1/2009,882.1,882.65,879.45,879.45
2/1/2009,882.5,888.35,867.9,875.4
5/1/2009,877.59,884.65,844.49,859.5
6/1/2009,859.45,870.65,839.47,863.9
7/1/2009,863.85,867.08,836.7,842.95
8/1/2009,842.85,864.59,836.85,857.4
9/1/2009,857.5,868.85,845.24,854.2
12/1/2009,854.74,857,815.93,820.85
13/1/2009,820.7,830.4,814.66,822
14/1/2009,821.95,829.4,807.63,811.7
15/1/2009,811.65,821.65,802.59,817.8
16/1/2009,817.85,843.65,816.15,843.15
19/1/2009,843.99,846.55,832.45,835.9
20/1/2009,835.95,866.76,824.19,857.25
21/1/2009,857.3,864.66,843.96,854.25
22/1/2009,854.3,863.11,844.14,857
23/1/2009,856.95,903.34,852.99,899.75
26/1/2009,894.99,916.3,888.49,903.35
27/1/2009,903.4,907.7,892.95,899.22
28/1/2009,898.99,903.55,882.9,887.55
29/1/2009,887.6,910.01,874.8,908.65
30/1/2009,908.7,929.7,901.55,927.85
2/2/2009,925.24,928.45,901.65,905.49
3/2/2009,905.1,912.99,889.2,900.35
4/2/2009,900.5,909.49,895.72,905.75
5/2/2009,905.8,924.59,902.34,914.55
6/2/2009,914.5,920.49,904.45,911.5
9/2/2009,912.99,912.99,891.08,894.55
10/2/2009,894.5,918.45,891.2,915.1
11/2/2009,915.45,947.88,911.03,938.99
12/2/2009,939.04,952.92,935.4,946.75
13/2/2009,948.24,948.24,932.34,941.7
16/2/2009,941.74,945.7,936.33,941.75
17/2/2009,941.7,974.2,940.35,970.25
18/2/2009,969.3,987.71,961.14,984.9
19/2/2009,984.65,986.67,968.92,974.65
20/2/2009,974.4,1006.29,970.38,992.9
23/2/2009,995.2,998.41,976.22,991.75
24/2/2009,991.95,995.65,959.72,962.67
25/2/2009,962.45,978.27,944.78,953.83
26/2/2009,953.6,956.98,932.2,946.2
27/2/2009,945.65,963.17,927.76,942.35
2/3/2009,939.8,958.51,922.38,926.1
3/3/2009,926.2,932.93,905.53,916.28
4/3/2009,916.5,922.9,900.3,906.5
5/3/2009,906.4,937.17,905.8,932.4
6/3/2009,932.45,944.9,930.67,939.35
9/3/2009,939.8,942.24,911.55,921.97
10/3/2009,921.95,923.05,891.33,898.15
11/3/2009,898.1,913.48,892.65,909.4
12/3/2009,908.25,930.8,905.95,926.63
13/3/2009,926.86,938.7,919.9,929.75
16/3/2009,928.99,929.8,915.88,923.15
17/3/2009,923.25,924.88,912.37,915.4
18/3/2009,915.49,948.28,883.9,942
19/3/2009,942.05,961.51,926.15,959.85
20/3/2009,959.8,967.17,946.58,952.2
23/3/2009,954.84,959.09,935.95,939.5
24/3/2009,939.45,944.4,917.84,925.87
25/3/2009,925.99,940.8,917.1,934.02
26/3/2009,933.8,945.55,931.98,934.1
27/3/2009,934.55,936.1,918.93,923.15
30/3/2009,921.99,932.65,909.15,915.84
31/3/2009,917.95,924.76,911.9,919.15
1/4/2009,921.49,933.57,916.88,927.4
2/4/2009,927.35,929.35,894.84,904.05
3/4/2009,904.1,909.74,891.04,893.15
6/4/2009,896.6,897.03,865.49,868.9
7/4/2009,866.4,885.06,866.4,881.24
8/4/2009,880.85,890.4,877.09,880.5
9/4/2009,880.55,886.54,875.16,879.35
10/4/2009,878.25,885.9,878.24,881.65
13/4/2009,881.75,899.95,881.75,893.85
14/4/2009,893.8,898.48,886.29,890.72
15/4/2009,892.88,902.84,885.84,891.05
16/4/2009,891.1,893.97,872.33,875.7
17/4/2009,875.6,877.03,864.97,868.8
20/4/2009,867.09,888.7,865.33,884.5
21/4/2009,884.55,895.28,878.95,883.8
22/4/2009,883.85,893.66,882.13,889.75
23/4/2009,889.7,908.79,889.63,904.3
24/4/2009,904.25,914.09,902.8,913.2
27/4/2009,915.06,918.55,905.18,906.5
28/4/2009,906.55,906.93,884.3,893.38
29/4/2009,893.25,903.24,887.96,898
30/4/2009,898.05,900.1,880.78,888.2
1/5/2009,888.25,889.96,880.49,886.55
4/5/2009,886.24,907.49,885.05,902.1
5/5/2009,903.95,915.95,895.7,896.9
6/5/2009,896.7,912.75,896.05,911.25
7/5/2009,911.15,925.65,91,911.05
8/5/2009,911.05,919.85,905.65,916.8
11/5/2009,915.15,917.95,908.9,913.55
12/5/2009,913.2,924.35,912.25,923.5
13/5/2009,925.2,930.9,917.75,926.6
14/5/2009,927.1,929.05,920.65,926.35
15/5/2009,926.3,934.15,924.1,931.9
18/5/2009,932.3,933.9,915.65,918.45
19/5/2009,918.7,929.75,918.25,925.65
20/5/2009,926,940.75,925.45,938.2
21/5/2009,937.9,956.55,936.05,953.65
22/5/2009,958.65,959.1,956.25,957.35
25/5/2009,957.65,960.05,952.9,958.8
26/5/2009,956.15,957.65,941.4,952.2
27/5/2009,953,959.55,946.95,950.05
28/5/2009,946.65,965.35,944.65,959.8
29/5/2009,960.7,980.35,959.1,979.35
1/6/2009,977.050000,988.900000,973.700000,974.700000
2/6/2009,975.850000,986.750000,969.600000,981.650000
3/6/2009,982.100000,990.200000,960.750000,963.950000
4/6/2009,964.750000,981.900000,961.000000,980.150000
5/6/2009,982.250000,983.150000,953.000000,955.050000
8/6/2009,956.450000,959.850000,943.750000,951.050000
9/6/2009,955.350000,962.000000,947.500000,955.050000
10/6/2009,956.200000,965.650000,947.250000,954.350000
11/6/2009,954.600000,961.950000,943.500000,954.950000
12/6/2009,955.350000,958.350000,937.000000,939.300000
15/6/2009,936.550000,939.200000,926.150000,928.200000
16/6/2009,929.700000,939.650000,929.000000,934.800000
17/6/2009,933.500000,940.350000,928.150000,938.300000
18/6/2009,941.800000,942.250000,930.150000,933.100000
19/6/2009,932.900000,939.200000,932.400000,934.650000
22/6/2009,933.850000,935.200000,918.600000,922.850000
23/6/2009,922.600000,927.150000,913.300000,925.700000
24/6/2009,925.950000,941.300000,922.600000,931.750000
25/6/2009,931.700000,940.100000,930.200000,939.200000
26/6/2009,939.650000,948.600000,936.550000,939.750000
29/6/2009,937.200000,942.900000,934.500000,937.700000
30/6/2009,928.150000,930.100000,927.700000,930.000000
1/7/2009,928.150000,946.650000,927.700000,940.750000
3/7/2009,928.900000,934.300000,928.250000,932.500000
7/7/2009,925.450000,931.950000,921.450000,924.550000
8/7/2009,923.550000,925.800000,905.100000,909.450000
9/7/2009,914.300000,915.100000,913.000000,913.000000
10/7/2009,914.300000,915.500000,907.200000,913.150000
13/7/2009,914.350000,923.400000,907.950000,920.300000
14/7/2009,920.550000,927.650000,918.100000,925.250000
15/7/2009,926.650000,942.350000,924.800000,939.000000
16/7/2009,939.850000,940.350000,932.850000,936.900000
20/7/2009,939.150000,960.250000,938.600000,948.850000
21/7/2009,950.900000,953.800000,944.600000,948.900000
22/7/2009,948.550000,954.800000,944.950000,951.100000
23/7/2009,951.150000,957.500000,947.600000,949.150000
27/7/2009,950.200000,958.950000,948.000000,953.650000
28/7/2009,952.950000,956.800000,934.500000,937.400000
29/7/2009,939.150000,941.100000,925.850000,930.000000
30/7/2009,930.000000,937.200000,928.800000,934.400000
31/7/2009,934.350000,956.650000,932.600000,954.000000
4/8/2009,956.350000,970.450000,951.250000,967.100000
5/8/2009,966.750000,968.150000,958.950000,963.600000
8/9/2009,995.850000,1007.850000,992.950000,994.400000
11/9/2009,995.700000,1012.000000,994.800000,1006.100000
14/9/2009,1007.800000,1009.100000,993.550000,999.750000
1/10/2009,1009.300000,1009.800000,997.850000,999.900000
7/10/2009,1041.000000,1048.600000,1036.700000,1044.000000
9/10/2009,1051.600000,1052.300000,1044.000000,1049.300000
13/10/2009,1055.800000,1068.700000,1051.300000,1064.300000
16/10/2009,1051.200000,1057.100000,1043.500000,1053.300000
2/11/2009,1045.300000,1062.900000,1043.300000,1059.600000
5/11/2009,1090.900000,1094.300000,1084.100000,1090.200000
10/11/2009,1105.500000,1109.400000,1010.300000,1105.600000
11/11/2009,1107.300000,1118.800000,1010.300000,1010.300000
24/11/2009,1161.100000,1171.500000,1158.000000,1169.100000
25/11/2009,1168.900000,1191.900000,1167.100000,1191.100000
26/11/2009,1193.200000,1195.400000,1180.600000,1192.400000
2/12/2009,1199.700000,1217.200000,1199.700000,1216.000000
3/12/2009,1223.300000,1226.500000,1204.800000,1207.600000
4/12/2009,1162.300000,1162.400000,1161.200000,1161.700000
8/12/2009,1159.600000,1168.900000,1124.700000,1129.400000
9/12/2009,1131.500000,1146.800000,1116.900000,1129.200000
11/12/2009,1135.300000,1142.300000,1109.700000,1115.400000
18/12/2009,1102.400000,1117.000000,1096.800000,1112.700000
22/12/2009,1097.200000,1097.400000,1074.800000,1083.800000
1/1/2010,1093.800000,1106.900000,1093.700000,1097.300000
11/1/2010,1154.800000,1161.900000,1148.600000,1151.800000
19/1/2010,1137.300000,1140.700000,1129.000000,1138.500000
20/1/2010,1139.100000,1141.600000,1107.300000,1111.300000
2/2/2010,0.000000,0.000000,0.000000,0.000000
4/2/2010,1107.000000,1111.100000,1082.300000,1082.300000
15/2/2010,1096.900000,1102.600000,1091.900000,1099.300000
16/2/2010,1100.700000,1119.900000,1100.300000,1115.200000
22/2/2010,1127.600000,1131.100000,1110.200000,1114.300000
24/2/2010,1104.800000,1108.300000,1090.100000,1096.800000
25/2/2010,1098.600000,1109.200000,1088.700000,1105.700000
1/3/2010,1118.300000,1123.600000,1112.100000,1118.800000
5/3/2010,1131.300000,1140.700000,1128.100000,1133.200000
11/3/2010,1109.800000,1111.700000,1100.800000,1109.600000
21/4/2010,1140.500000,1150.300000,1138.100000,1148.200000
7/5/2010,1195.350000,1210.500000,1195.350000,1208.850000
10/5/2010,1201.050000,1205.350000,1184.800000,1202.650000
